1.0 0.0
1.0 0.0005678591709256105
1.0 0.001135718341851221
1.0 0.0017035775127768314
1.0 0.002271436683702442
1.0 0.0028392958546280523
1.0 0.0034071550255536627
1.0 0.003975014196479273
1.0 0.004542873367404884
1.0 0.005110732538330494
0.9 0.005110732538330494
0.9090909090909091 0.0056785917092561046
0.9166666666666666 0.006246450880181715
0.9230769230769231 0.0068143100511073255
0.8571428571428571 0.0068143100511073255
0.8666666666666667 0.0073821692220329355
0.875 0.007950028392958546
0.8823529411764706 0.008517887563884156
0.8888888888888888 0.009085746734809767
0.8947368421052632 0.009653605905735378
0.9 0.010221465076660987
0.9047619047619048 0.010789324247586598
0.9090909090909091 0.011357183418512209
0.9130434782608695 0.01192504258943782
0.9166666666666666 0.01249290176036343
0.88 0.01249290176036343
0.8461538461538461 0.01249290176036343
0.8518518518518519 0.01306076093128904
0.8571428571428571 0.013628620102214651
0.8620689655172413 0.014196479273140262
0.8333333333333334 0.014196479273140262
0.8387096774193549 0.014764338444065871
0.84375 0.015332197614991482
0.8484848484848485 0.01590005678591709
0.8529411764705882 0.016467915956842702
0.8571428571428571 0.017035775127768313
0.8611111111111112 0.017603634298693924
0.8648648648648649 0.018171493469619535
0.868421052631579 0.018739352640545145
0.8461538461538461 0.018739352640545145
0.85 0.019307211811470756
0.8292682926829268 0.019307211811470756
0.8333333333333334 0.019875070982396367
0.8372093023255814 0.020442930153321975
0.8409090909090909 0.021010789324247586
0.8444444444444444 0.021578648495173196
0.8478260869565217 0.022146507666098807
0.851063829787234 0.022714366837024418
0.8541666666666666 0.02328222600795003
0.8571428571428571 0.02385008517887564
0.86 0.02441794434980125
0.8627450980392157 0.02498580352072686
0.8653846153846154 0.02555366269165247
0.8490566037735849 0.02555366269165247
0.8518518518518519 0.02612152186257808
0.8545454545454545 0.02668938103350369
0.8392857142857143 0.02668938103350369
0.8421052631578947 0.027257240204429302
0.8448275862068966 0.027825099375354913
0.847457627118644 0.028392958546280524
0.85 0.028960817717206135
0.8524590163934426 0.029528676888131742
0.8387096774193549 0.029528676888131742
0.8412698412698413 0.030096536059057353
0.84375 0.030664395229982964
0.8461538461538461 0.031232254400908575
0.8333333333333334 0.031232254400908575
0.835820895522388 0.03180011357183418
0.8235294117647058 0.03180011357183418
0.8260869565217391 0.03236797274275979
0.8285714285714286 0.032935831913685404
0.8309859154929577 0.033503691084611015
0.8333333333333334 0.034071550255536626
0.821917808219178 0.034071550255536626
0.8243243243243243 0.034639409426462237
0.8266666666666667 0.03520726859738785
0.8157894736842105 0.03520726859738785
0.8181818181818182 0.03577512776831346
0.8076923076923077 0.03577512776831346
0.7974683544303798 0.03577512776831346
0.7875 0.03577512776831346
0.7777777777777778 0.03577512776831346
0.7804878048780488 0.03634298693923907
0.7831325301204819 0.03691084611016468
0.7857142857142857 0.03747870528109029
0.788235294117647 0.0380465644520159
0.7906976744186046 0.03861442362294151
0.7931034482758621 0.039182282793867124
0.7954545454545454 0.039750141964792735
0.797752808988764 0.04031800113571834
0.8 0.04088586030664395
0.7912087912087912 0.04088586030664395
0.7934782608695652 0.04145371947756956
0.7956989247311828 0.04202157864849517
0.7978723404255319 0.04258943781942078
0.7894736842105263 0.04258943781942078
0.7916666666666666 0.04315729699034639
0.7938144329896907 0.043725156161272004
0.7857142857142857 0.043725156161272004
0.7878787878787878 0.044293015332197615
0.78 0.044293015332197615
0.7821782178217822 0.044860874503123226
0.7745098039215687 0.044860874503123226
0.7766990291262136 0.045428733674048836
0.7692307692307693 0.045428733674048836
0.7619047619047619 0.045428733674048836
0.7641509433962265 0.04599659284497445
0.7570093457943925 0.04599659284497445
0.7592592592592593 0.04656445201590006
0.7614678899082569 0.04713231118682567
0.7636363636363637 0.04770017035775128
0.7567567567567568 0.04770017035775128
0.7589285714285714 0.04826802952867689
0.7610619469026548 0.0488358886996025
0.7543859649122807 0.0488358886996025
0.7565217391304347 0.049403747870528106
0.7586206896551724 0.04997160704145372
0.7606837606837606 0.05053946621237933
0.7542372881355932 0.05053946621237933
0.7563025210084033 0.05110732538330494
0.75 0.05110732538330494
0.7520661157024794 0.05167518455423055
0.7540983606557377 0.05224304372515616
0.7560975609756098 0.05281090289608177
0.75 0.05281090289608177
0.752 0.05337876206700738
0.753968253968254 0.05394662123793299
0.7480314960629921 0.05394662123793299
0.7421875 0.05394662123793299
0.7364341085271318 0.05394662123793299
0.7384615384615385 0.054514480408858604
0.7404580152671756 0.055082339579784215
0.7348484848484849 0.055082339579784215
0.7293233082706767 0.055082339579784215
0.7313432835820896 0.055650198750709826
0.7333333333333333 0.056218057921635436
0.7352941176470589 0.05678591709256105
0.7299270072992701 0.05678591709256105
0.7318840579710145 0.05735377626348666
0.7338129496402878 0.05792163543441227
0.7357142857142858 0.05848949460533787
0.7304964539007093 0.05848949460533787
0.7253521126760564 0.05848949460533787
0.7272727272727273 0.059057353776263484
0.7222222222222222 0.059057353776263484
0.7241379310344828 0.059625212947189095
0.7191780821917808 0.059625212947189095
0.7142857142857143 0.059625212947189095
0.7094594594594594 0.059625212947189095
0.7114093959731543 0.060193072118114706
0.7133333333333334 0.06076093128904032
0.7152317880794702 0.06132879045996593
0.7105263157894737 0.06132879045996593
0.7124183006535948 0.06189664963089154
0.7077922077922078 0.06189664963089154
0.7096774193548387 0.06246450880181715
0.7115384615384616 0.06303236797274275
0.7133757961783439 0.06360022714366836
0.7151898734177216 0.06416808631459398
0.7169811320754716 0.06473594548551959
0.71875 0.0653038046564452
0.7204968944099379 0.06587166382737081
0.7160493827160493 0.06587166382737081
0.7116564417177914 0.06587166382737081
0.7134146341463414 0.06643952299829642
0.7151515151515152 0.06700738216922203
0.7168674698795181 0.06757524134014764
0.718562874251497 0.06814310051107325
0.7202380952380952 0.06871095968199886
0.7218934911242604 0.06927881885292447
0.7235294117647059 0.06984667802385008
0.7251461988304093 0.0704145371947757
0.7209302325581395 0.0704145371947757
0.7225433526011561 0.0709823963657013
0.7183908045977011 0.0709823963657013
0.7142857142857143 0.0709823963657013
0.7159090909090909 0.07155025553662692
0.711864406779661 0.07155025553662692
0.7078651685393258 0.07155025553662692
0.7094972067039106 0.07211811470755253
0.7055555555555556 0.07211811470755253
0.7016574585635359 0.07211811470755253
0.7032967032967034 0.07268597387847814
0.7049180327868853 0.07325383304940375
0.7065217391304348 0.07382169222032936
0.7081081081081081 0.07438955139125497
0.7043010752688172 0.07438955139125497
0.7058823529411765 0.07495741056218058
0.7074468085106383 0.07552526973310619
0.7037037037037037 0.07552526973310619
0.7052631578947368 0.0760931289040318
0.7068062827225131 0.07666098807495741
0.7083333333333334 0.07722884724588303
0.7098445595854922 0.07779670641680864
0.711340206185567 0.07836456558773425
0.7128205128205128 0.07893242475865986
0.7142857142857143 0.07950028392958547
0.7106598984771574 0.07950028392958547
0.7070707070707071 0.07950028392958547
0.7085427135678392 0.08006814310051108
0.705 0.08006814310051108
0.7014925373134329 0.08006814310051108
0.7029702970297029 0.08063600227143668
0.7044334975369458 0.08120386144236229
0.7009803921568627 0.08120386144236229
0.7024390243902439 0.0817717206132879
0.7038834951456311 0.08233957978421351
0.7053140096618358 0.08290743895513912
0.7067307692307693 0.08347529812606473
0.7033492822966507 0.08347529812606473
0.7047619047619048 0.08404315729699034
0.7061611374407583 0.08461101646791595
0.7075471698113207 0.08517887563884156
0.704225352112676 0.08517887563884156
0.705607476635514 0.08574673480976717
0.7023255813953488 0.08574673480976717
0.6990740740740741 0.08574673480976717
0.695852534562212 0.08574673480976717
0.6972477064220184 0.08631459398069279
0.6986301369863014 0.0868824531516184
0.7 0.08745031232254401
0.7013574660633484 0.08801817149346962
0.6981981981981982 0.08801817149346962
0.695067264573991 0.08801817149346962
0.6964285714285714 0.08858603066439523
0.6977777777777778 0.08915388983532084
0.6991150442477876 0.08972174900624645
0.7004405286343612 0.09028960817717206
0.7017543859649122 0.09085746734809767
0.7030567685589519 0.09142532651902328
0.7043478260869566 0.0919931856899489
0.7012987012987013 0.0919931856899489
0.6982758620689655 0.0919931856899489
0.6995708154506438 0.0925610448608745
0.6965811965811965 0.0925610448608745
0.6936170212765957 0.0925610448608745
0.6949152542372882 0.09312890403180012
0.6962025316455697 0.09369676320272573
0.6974789915966386 0.09426462237365134
0.698744769874477 0.09483248154457695
0.6958333333333333 0.09483248154457695
0.6929460580912863 0.09483248154457695
0.6942148760330579 0.09540034071550256
0.691358024691358 0.09540034071550256
0.6926229508196722 0.09596819988642817
0.6938775510204082 0.09653605905735378
0.6910569105691057 0.09653605905735378
0.6923076923076923 0.09710391822827939
0.6935483870967742 0.097671777399205
0.6947791164658634 0.0982396365701306
0.696 0.09880749574105621
0.6932270916334662 0.09880749574105621
0.6944444444444444 0.09937535491198182
0.6956521739130435 0.09994321408290743
0.6929133858267716 0.09994321408290743
0.6941176470588235 0.10051107325383304
0.6953125 0.10107893242475866
0.6926070038910506 0.10107893242475866
0.689922480620155 0.10107893242475866
0.6911196911196911 0.10164679159568427
0.6923076923076923 0.10221465076660988
0.6934865900383141 0.10278250993753549
0.6946564885496184 0.1033503691084611
0.6958174904942965 0.10391822827938671
0.696969696969697 0.10448608745031232
0.6943396226415094 0.10448608745031232
0.6954887218045113 0.10505394662123793
0.6928838951310862 0.10505394662123793
0.6902985074626866 0.10505394662123793
0.6914498141263941 0.10562180579216354
0.6888888888888889 0.10562180579216354
0.6900369003690037 0.10618966496308915
0.6911764705882353 0.10675752413401476
0.6923076923076923 0.10732538330494037
0.6934306569343066 0.10789324247586599
0.6945454545454546 0.1084611016467916
0.6956521739130435 0.10902896081771721
0.6931407942238267 0.10902896081771721
0.6942446043165468 0.10959681998864282
0.6953405017921147 0.11016467915956843
0.6964285714285714 0.11073253833049404
0.693950177935943 0.11073253833049404
0.6914893617021277 0.11073253833049404
0.6890459363957597 0.11073253833049404
0.6901408450704225 0.11130039750141965
0.6912280701754386 0.11186825667234526
0.6923076923076923 0.11243611584327087
0.6898954703832753 0.11243611584327087
0.6875 0.11243611584327087
0.6885813148788927 0.11300397501419648
0.6862068965517242 0.11300397501419648
0.6872852233676976 0.1135718341851221
0.684931506849315 0.1135718341851221
0.6825938566552902 0.1135718341851221
0.6836734693877551 0.1141396933560477
0.6813559322033899 0.1141396933560477
0.6790540540540541 0.1141396933560477
0.6767676767676768 0.1141396933560477
0.6778523489932886 0.11470755252697332
0.6755852842809364 0.11470755252697332
0.6766666666666666 0.11527541169789893
0.6777408637873754 0.11584327086882454
0.6788079470198676 0.11641113003975014
0.6798679867986799 0.11697898921067575
0.6776315789473685 0.11697898921067575
0.6754098360655738 0.11697898921067575
0.6764705882352942 0.11754684838160136
0.6742671009771987 0.11754684838160136
0.6753246753246753 0.11811470755252697
0.6731391585760518 0.11811470755252697
0.6709677419354839 0.11811470755252697
0.6688102893890675 0.11811470755252697
0.6666666666666666 0.11811470755252697
0.6645367412140575 0.11811470755252697
0.6656050955414012 0.11868256672345258
0.6634920634920635 0.11868256672345258
0.6645569620253164 0.11925042589437819
0.6656151419558359 0.1198182850653038
0.6666666666666666 0.12038614423622941
0.6677115987460815 0.12095400340715502
0.665625 0.12095400340715502
0.6635514018691588 0.12095400340715502
0.6645962732919255 0.12152186257808063
0.6625386996904025 0.12152186257808063
0.6635802469135802 0.12208972174900624
0.6615384615384615 0.12208972174900624
0.6625766871165644 0.12265758091993186
0.6636085626911316 0.12322544009085747
0.6646341463414634 0.12379329926178308
0.662613981762918 0.12379329926178308
0.6636363636363637 0.12436115843270869
0.6616314199395771 0.12436115843270869
0.6626506024096386 0.1249290176036343
0.6606606606606606 0.1249290176036343
0.6616766467065869 0.1254968767745599
0.6626865671641791 0.1260647359454855
0.6636904761904762 0.12663259511641112
0.6617210682492581 0.12663259511641112
0.6597633136094675 0.12663259511641112
0.6607669616519174 0.12720045428733673
0.6588235294117647 0.12720045428733673
0.656891495601173 0.12720045428733673
0.6549707602339181 0.12720045428733673
0.6559766763848397 0.12776831345826234
0.6540697674418605 0.12776831345826234
0.6550724637681159 0.12833617262918795
0.6560693641618497 0.12890403180011356
0.654178674351585 0.12890403180011356
0.6522988505747126 0.12890403180011356
0.6504297994269341 0.12890403180011356
0.6514285714285715 0.12947189097103917
0.6495726495726496 0.12947189097103917
0.6477272727272727 0.12947189097103917
0.6487252124645893 0.13003975014196478
0.6497175141242938 0.1306076093128904
0.647887323943662 0.1306076093128904
0.6460674157303371 0.1306076093128904
0.6442577030812325 0.1306076093128904
0.6452513966480447 0.131175468483816
0.6434540389972145 0.131175468483816
0.6416666666666667 0.131175468483816
0.6398891966759003 0.131175468483816
0.638121546961326 0.131175468483816
0.6363636363636364 0.131175468483816
0.6373626373626373 0.13174332765474162
0.6383561643835617 0.13231118682566723
0.6366120218579235 0.13231118682566723
0.6348773841961853 0.13231118682566723
0.6358695652173914 0.13287904599659284
0.6341463414634146 0.13287904599659284
0.6351351351351351 0.13344690516751845
0.633423180592992 0.13344690516751845
0.6344086021505376 0.13401476433844406
0.6327077747989276 0.13401476433844406
0.6336898395721925 0.13458262350936967
0.6346666666666667 0.13515048268029528
0.6356382978723404 0.1357183418512209
0.6339522546419099 0.1357183418512209
0.6322751322751323 0.1357183418512209
0.6306068601583114 0.1357183418512209
0.631578947368421 0.1362862010221465
0.6325459317585301 0.1368540601930721
0.6335078534031413 0.13742191936399772
0.6318537859007833 0.13742191936399772
0.6302083333333334 0.13742191936399772
0.6285714285714286 0.13742191936399772
0.6295336787564767 0.13798977853492334
0.627906976744186 0.13798977853492334
0.6262886597938144 0.13798977853492334
0.6272493573264781 0.13855763770584895
0.6282051282051282 0.13912549687677456
0.629156010230179 0.13969335604770017
0.6275510204081632 0.13969335604770017
0.628498727735369 0.14026121521862578
0.6269035532994924 0.14026121521862578
0.6253164556962025 0.14026121521862578
0.6237373737373737 0.14026121521862578
0.6221662468513854 0.14026121521862578
0.6206030150753769 0.14026121521862578
0.6190476190476191 0.14026121521862578
0.62 0.1408290743895514
0.6184538653366584 0.1408290743895514
0.6169154228855721 0.1408290743895514
0.6153846153846154 0.1408290743895514
0.6138613861386139 0.1408290743895514
0.6148148148148148 0.141396933560477
0.6133004926108374 0.141396933560477
0.6117936117936118 0.141396933560477
0.6102941176470589 0.141396933560477
0.60880195599022 0.141396933560477
0.6073170731707317 0.141396933560477
0.6058394160583942 0.141396933560477
0.6043689320388349 0.141396933560477
0.6053268765133172 0.1419647927314026
0.606280193236715 0.14253265190232822
0.6048192771084338 0.14253265190232822
0.6033653846153846 0.14253265190232822
0.6019184652278178 0.14253265190232822
0.6004784688995215 0.14253265190232822
0.6014319809069213 0.14310051107325383
0.6 0.14310051107325383
0.6009501187648456 0.14366837024417944
0.6018957345971564 0.14423622941510506
0.6004728132387707 0.14423622941510506
0.5990566037735849 0.14423622941510506
0.6 0.14480408858603067
0.5985915492957746 0.14480408858603067
0.5971896955503513 0.14480408858603067
0.5957943925233645 0.14480408858603067
0.5944055944055944 0.14480408858603067
0.5953488372093023 0.14537194775695628
0.5939675174013921 0.14537194775695628
0.5925925925925926 0.14537194775695628
0.5935334872979214 0.1459398069278819
0.5921658986175116 0.1459398069278819
0.593103448275862 0.1465076660988075
0.5940366972477065 0.1470755252697331
0.5949656750572082 0.14764338444065872
0.5958904109589042 0.14821124361158433
0.5945330296127562 0.14821124361158433
0.5931818181818181 0.14821124361158433
0.5918367346938775 0.14821124361158433
0.5904977375565611 0.14821124361158433
0.5914221218961625 0.14877910278250994
0.5923423423423423 0.14934696195343555
0.5932584269662922 0.14991482112436116
0.594170403587444 0.15048268029528677
0.5950782997762863 0.15105053946621239
0.5959821428571429 0.151618398637138
0.5968819599109132 0.1521862578080636
0.5955555555555555 0.1521862578080636
0.5942350332594235 0.1521862578080636
0.5929203539823009 0.1521862578080636
0.5916114790286976 0.1521862578080636
0.5925110132158591 0.15275411697898922
0.5912087912087912 0.15275411697898922
0.5921052631578947 0.15332197614991483
0.5929978118161926 0.15388983532084044
0.5917030567685589 0.15388983532084044
0.5925925925925926 0.15445769449176605
0.591304347826087 0.15445769449176605
0.5921908893709328 0.15502555366269166
0.5909090909090909 0.15502555366269166
0.5896328293736501 0.15502555366269166
0.5883620689655172 0.15502555366269166
0.5870967741935483 0.15502555366269166
0.5879828326180258 0.15559341283361727
0.588865096359743 0.15616127200454288
0.5876068376068376 0.15616127200454288
0.5884861407249466 0.1567291311754685
0.5893617021276596 0.1572969903463941
0.5881104033970276 0.1572969903463941
0.586864406779661 0.1572969903463941
0.5856236786469344 0.1572969903463941
0.5843881856540084 0.1572969903463941
0.5852631578947368 0.15786484951731972
0.5861344537815126 0.15843270868824533
0.5870020964360587 0.15900056785917094
0.5857740585774058 0.15900056785917094
0.5845511482254697 0.15900056785917094
0.5833333333333334 0.15900056785917094
0.5821205821205822 0.15900056785917094
0.58298755186722 0.15956842703009655
0.5817805383022774 0.15956842703009655
0.5805785123966942 0.15956842703009655
0.5793814432989691 0.15956842703009655
0.5802469135802469 0.16013628620102216
0.5811088295687885 0.16070414537194777
0.5799180327868853 0.16070414537194777
0.5807770961145194 0.16127200454287335
0.5795918367346938 0.16127200454287335
0.5784114052953157 0.16127200454287335
0.5792682926829268 0.16183986371379896
0.5801217038539553 0.16240772288472458
0.5789473684210527 0.16240772288472458
0.5797979797979798 0.1629755820556502
0.5806451612903226 0.1635434412265758
0.5814889336016097 0.1641113003975014
0.5823293172690763 0.16467915956842702
0.5811623246492986 0.16467915956842702
0.582 0.16524701873935263
0.5808383233532934 0.16524701873935263
0.5796812749003984 0.16524701873935263
0.5805168986083499 0.16581487791027824
0.5793650793650794 0.16581487791027824
0.5801980198019802 0.16638273708120385
0.5790513833992095 0.16638273708120385
0.5779092702169625 0.16638273708120385
0.5767716535433071 0.16638273708120385
0.5756385068762279 0.16638273708120385
0.5764705882352941 0.16695059625212946
0.5772994129158513 0.16751845542305507
0.578125 0.16808631459398068
0.5769980506822612 0.16808631459398068
0.5778210116731517 0.1686541737649063
0.5786407766990291 0.1692220329358319
0.5775193798449613 0.1692220329358319
0.5764023210831721 0.1692220329358319
0.5772200772200772 0.16978989210675752
0.5780346820809249 0.17035775127768313
0.5769230769230769 0.17035775127768313
0.5758157389635317 0.17035775127768313
0.5766283524904214 0.17092561044860874
0.5755258126195029 0.17092561044860874
0.5744274809160306 0.17092561044860874
0.5733333333333334 0.17092561044860874
0.5722433460076045 0.17092561044860874
0.573055028462998 0.17149346961953435
0.571969696969697 0.17149346961953435
0.5727788279773157 0.17206132879045996
0.5716981132075472 0.17206132879045996
0.5706214689265536 0.17206132879045996
0.5695488721804511 0.17206132879045996
0.5703564727954972 0.17262918796138557
0.5711610486891385 0.17319704713231118
0.5719626168224299 0.1737649063032368
0.5727611940298507 0.1743327654741624
0.5716945996275605 0.1743327654741624
0.5724907063197026 0.17490062464508802
0.5732838589981447 0.17546848381601363
0.5740740740740741 0.17603634298693924
0.5748613678373382 0.17660420215786485
0.5756457564575646 0.17717206132879046
0.576427255985267 0.17773992049971607
0.5772058823529411 0.17830777967064168
0.5779816513761468 0.1788756388415673
0.5787545787545788 0.1794434980124929
0.5795246800731262 0.1800113571834185
0.5784671532846716 0.1800113571834185
0.5774134790528234 0.1800113571834185
0.5781818181818181 0.18057921635434412
0.5789473684210527 0.18114707552526974
0.5797101449275363 0.18171493469619535
0.5786618444846293 0.18171493469619535
0.5794223826714802 0.18228279386712096
0.5783783783783784 0.18228279386712096
0.579136690647482 0.18285065303804657
0.578096947935368 0.18285065303804657
0.5770609318996416 0.18285065303804657
0.5778175313059034 0.18341851220897218
0.5767857142857142 0.18341851220897218
0.5757575757575758 0.18341851220897218
0.5765124555160143 0.1839863713798978
0.5772646536412078 0.1845542305508234
0.5762411347517731 0.1845542305508234
0.5769911504424778 0.185122089721749
0.5759717314487632 0.185122089721749
0.5749559082892416 0.185122089721749
0.573943661971831 0.185122089721749
0.5746924428822495 0.18568994889267462
0.5754385964912281 0.18625780806360023
0.5761821366024519 0.18682566723452584
0.5751748251748252 0.18682566723452584
0.5759162303664922 0.18739352640545145
0.5766550522648084 0.18796138557637707
0.577391304347826 0.18852924474730268
0.5763888888888888 0.18852924474730268
0.5771230502599654 0.1890971039182283
0.5761245674740484 0.1890971039182283
0.5768566493955095 0.1896649630891539
0.5775862068965517 0.1902328222600795
0.5783132530120482 0.19080068143100512
0.5773195876288659 0.19080068143100512
0.5780445969125214 0.19136854060193073
0.577054794520548 0.19136854060193073
0.576068376068376 0.19136854060193073
0.5750853242320819 0.19136854060193073
0.5741056218057922 0.19136854060193073
0.5748299319727891 0.19193639977285634
0.5755517826825127 0.19250425894378195
0.5745762711864407 0.19250425894378195
0.5736040609137056 0.19250425894378195
0.5743243243243243 0.19307211811470756
0.5733558178752108 0.19307211811470756
0.5723905723905723 0.19307211811470756
0.5714285714285714 0.19307211811470756
0.5704697986577181 0.19307211811470756
0.5711892797319933 0.19363997728563317
0.5702341137123745 0.19363997728563317
0.5692821368948247 0.19363997728563317
0.5683333333333334 0.19363997728563317
0.5690515806988353 0.19420783645655879
0.5697674418604651 0.1947756956274844
0.5688225538971807 0.1947756956274844
0.5695364238410596 0.19534355479841
0.5685950413223141 0.19534355479841
0.5693069306930693 0.19591141396933562
0.5683690280065898 0.19591141396933562
0.569078947368421 0.1964792731402612
0.5697865353037767 0.1970471323111868
0.5688524590163935 0.1970471323111868
0.5679214402618658 0.1970471323111868
0.5669934640522876 0.1970471323111868
0.567699836867863 0.19761499148211242
0.5684039087947883 0.19818285065303803
0.5691056910569106 0.19875070982396364
0.5698051948051948 0.19931856899488926
0.5705024311183144 0.19988642816581487
0.56957928802589 0.19988642816581487
0.568659127625202 0.19988642816581487
0.5693548387096774 0.20045428733674048
0.5700483091787439 0.2010221465076661
0.5691318327974276 0.2010221465076661
0.5698234349919743 0.2015900056785917
0.5689102564102564 0.2015900056785917
0.568 0.2015900056785917
0.5686900958466453 0.2021578648495173
0.5677830940988836 0.2021578648495173
0.5668789808917197 0.2021578648495173
0.5675675675675675 0.20272572402044292
0.5682539682539682 0.20329358319136853
0.5689381933438986 0.20386144236229414
0.569620253164557 0.20442930153321975
0.5687203791469194 0.20442930153321975
0.5678233438485805 0.20442930153321975
0.5669291338582677 0.20442930153321975
0.5676100628930818 0.20499716070414536
0.5667189952904239 0.20499716070414536
0.5658307210031348 0.20499716070414536
0.5665101721439749 0.20556501987507098
0.5671875 0.2061328790459966
0.5663026521060842 0.2061328790459966
0.5669781931464174 0.2067007382169222
0.5660964230171073 0.2067007382169222
0.5652173913043478 0.2067007382169222
0.5658914728682171 0.2072685973878478
0.56656346749226 0.20783645655877342
0.5672333848531684 0.20840431572969903
0.5679012345679012 0.20897217490062464
0.5685670261941448 0.20954003407155025
0.5692307692307692 0.21010789324247586
0.5698924731182796 0.21067575241340147
0.5690184049079755 0.21067575241340147
0.5681470137825421 0.21067575241340147
0.5688073394495413 0.21124361158432708
0.5694656488549619 0.2118114707552527
0.5685975609756098 0.2118114707552527
0.5677321156773212 0.2118114707552527
0.5668693009118541 0.2118114707552527
0.5660091047040972 0.2118114707552527
0.5666666666666667 0.2123793299261783
0.5658093797276853 0.2123793299261783
0.5649546827794562 0.2123793299261783
0.5641025641025641 0.2123793299261783
0.5647590361445783 0.21294718909710392
0.5654135338345865 0.21351504826802953
0.5645645645645646 0.21351504826802953
0.5652173913043478 0.21408290743895514
0.5643712574850299 0.21408290743895514
0.5650224215246636 0.21465076660988075
0.5656716417910448 0.21521862578080636
0.5648286140089419 0.21521862578080636
0.5654761904761905 0.21578648495173197
0.5646359583952452 0.21578648495173197
0.5637982195845698 0.21578648495173197
0.5644444444444444 0.21635434412265758
0.5650887573964497 0.2169222032935832
0.5642540620384048 0.2169222032935832
0.5648967551622419 0.2174900624645088
0.5640648011782032 0.2174900624645088
0.5632352941176471 0.2174900624645088
0.5638766519823789 0.21805792163543442
0.5645161290322581 0.21862578080636003
0.5651537335285505 0.21919363997728564
0.564327485380117 0.21919363997728564
0.5635036496350365 0.21919363997728564
0.5626822157434402 0.21919363997728564
0.5618631732168851 0.21919363997728564
0.5625 0.21976149914821125
0.5616835994194485 0.21976149914821125
0.5623188405797102 0.22032935831913686
0.5629522431259045 0.22089721749006247
0.5635838150289018 0.22146507666098808
0.5642135642135642 0.2220329358319137
0.5634005763688761 0.2220329358319137
0.5625899280575539 0.2220329358319137
0.5632183908045977 0.2226007950028393
0.5624103299856528 0.2226007950028393
0.5616045845272206 0.2226007950028393
0.5608011444921316 0.2226007950028393
0.5614285714285714 0.2231686541737649
0.5620542082738944 0.22373651334469052
0.5612535612535613 0.22373651334469052
0.561877667140825 0.22430437251561613
0.5610795454545454 0.22430437251561613
0.5602836879432624 0.22430437251561613
0.5594900849858357 0.22430437251561613
0.5586987270155587 0.22430437251561613
0.559322033898305 0.22487223168654175
0.5599435825105783 0.22544009085746736
0.5605633802816902 0.22600795002839297
0.559774964838256 0.22600795002839297
0.5589887640449438 0.22600795002839297
0.5582047685834503 0.22600795002839297
0.5588235294117647 0.22657580919931858
0.558041958041958 0.22657580919931858
0.5572625698324022 0.22657580919931858
0.5578800557880056 0.2271436683702442
0.5571030640668524 0.2271436683702442
0.5563282336578581 0.2271436683702442
0.5569444444444445 0.2277115275411698
0.5561719833564494 0.2277115275411698
0.556786703601108 0.2282793867120954
0.5560165975103735 0.2282793867120954
0.5552486187845304 0.2282793867120954
0.5544827586206896 0.2282793867120954
0.5550964187327824 0.22884724588302102
0.5557083906464925 0.22941510505394663
0.554945054945055 0.22941510505394663
0.5541838134430727 0.22941510505394663
0.5547945205479452 0.22998296422487224
0.5540355677154583 0.22998296422487224
0.5546448087431693 0.23055082339579785
0.5538881309686221 0.23055082339579785
0.553133514986376 0.23055082339579785
0.5523809523809524 0.23055082339579785
0.5516304347826086 0.23055082339579785
0.5508819538670285 0.23055082339579785
0.5501355013550135 0.23055082339579785
0.5493910690121786 0.23055082339579785
0.5486486486486486 0.23055082339579785
0.5492577597840755 0.23111868256672347
0.5498652291105122 0.23168654173764908
0.5491251682368775 0.23168654173764908
0.5497311827956989 0.23225440090857466
0.5503355704697986 0.23282226007950027
0.5495978552278821 0.23282226007950027
0.5488621151271754 0.23282226007950027
0.5481283422459893 0.23282226007950027
0.5473965287049399 0.23282226007950027
0.5466666666666666 0.23282226007950027
0.5459387483355526 0.23282226007950027
0.5465425531914894 0.23339011925042588
0.545816733067729 0.23339011925042588
0.5450928381962865 0.23339011925042588
0.5443708609271524 0.23339011925042588
0.544973544973545 0.2339579784213515
0.5455746367239102 0.2345258375922771
0.5448548812664907 0.2345258375922771
0.544137022397892 0.2345258375922771
0.5434210526315789 0.2345258375922771
0.5427069645203679 0.2345258375922771
0.5433070866141733 0.23509369676320271
0.5439056356487549 0.23566155593412833
0.5445026178010471 0.23622941510505394
0.5450980392156862 0.23679727427597955
0.5443864229765013 0.23679727427597955
0.5436766623207301 0.23679727427597955
0.54296875 0.23679727427597955
0.5422626788036411 0.23679727427597955
0.5415584415584416 0.23679727427597955
0.5421530479896238 0.23736513344690516
0.5427461139896373 0.23793299261783077
0.5433376455368694 0.23850085178875638
0.5439276485788114 0.239068710959682
0.5432258064516129 0.239068710959682
0.5438144329896907 0.2396365701306076
0.5444015444015444 0.2402044293015332
0.5449871465295629 0.24077228847245882
0.5455712451861361 0.24134014764338443
0.5448717948717948 0.24134014764338443
0.5441741357234315 0.24134014764338443
0.5434782608695652 0.24134014764338443
0.5440613026819924 0.24190800681431004
0.5446428571428571 0.24247586598523566
0.5452229299363057 0.24304372515616127
0.5458015267175572 0.24361158432708688
0.5463786531130876 0.2441794434980125
0.5456852791878173 0.2441794434980125
0.5449936628643853 0.2441794434980125
0.5443037974683544 0.2441794434980125
0.5436156763590392 0.2441794434980125
0.5429292929292929 0.2441794434980125
0.5435056746532156 0.2447473026689381
0.5440806045340051 0.2453151618398637
0.5433962264150943 0.2453151618398637
0.542713567839196 0.2453151618398637
0.5432873274780426 0.24588302101078932
0.543859649122807 0.24645088018171493
0.5431789737171464 0.24645088018171493
0.54375 0.24701873935264054
0.5430711610486891 0.24701873935264054
0.5423940149625935 0.24701873935264054
0.5429638854296388 0.24758659852356615
0.5435323383084577 0.24815445769449176
0.5428571428571428 0.24815445769449176
0.5421836228287841 0.24815445769449176
0.5415117719950434 0.24815445769449176
0.5420792079207921 0.24872231686541738
0.5414091470951793 0.24872231686541738
0.5407407407407407 0.24872231686541738
0.5413070283600493 0.249290176036343
0.5406403940886699 0.249290176036343
0.5412054120541205 0.2498580352072686
0.5417690417690417 0.2504258943781942
0.5423312883435583 0.2509937535491198
0.5416666666666666 0.2509937535491198
0.5422276621787026 0.2515616127200454
0.5427872860635696 0.252129471890971
0.5421245421245421 0.252129471890971
0.5426829268292683 0.2526973310618966
0.5420219244823387 0.2526973310618966
0.5413625304136253 0.2526973310618966
0.5419198055893074 0.25326519023282223
0.5424757281553398 0.25383304940374785
0.5418181818181819 0.25383304940374785
0.5423728813559322 0.25440090857467346
0.5417170495767836 0.25440090857467346
0.5410628019323671 0.25440090857467346
0.5404101326899879 0.25440090857467346
0.5397590361445783 0.25440090857467346
0.5403128760529483 0.25496876774559907
0.5396634615384616 0.25496876774559907
0.539015606242497 0.25496876774559907
0.5383693045563549 0.25496876774559907
0.5389221556886228 0.2555366269165247
0.5382775119617225 0.2555366269165247
0.5376344086021505 0.2555366269165247
0.5381861575178998 0.2561044860874503
0.5375446960667462 0.2561044860874503
0.5369047619047619 0.2561044860874503
0.5374554102259215 0.2566723452583759
0.5368171021377672 0.2566723452583759
0.5373665480427047 0.2572402044293015
0.5379146919431279 0.2578080636002271
0.5384615384615384 0.25837592277115273
0.5378250591016549 0.25837592277115273
0.5371900826446281 0.25837592277115273
0.5365566037735849 0.25837592277115273
0.5371024734982333 0.25894378194207834
0.5376470588235294 0.25951164111300395
0.5381903642773208 0.26007950028392957
0.5375586854460094 0.26007950028392957
0.5381008206330598 0.2606473594548552
0.5386416861826698 0.2612152186257808
0.5380116959064327 0.2612152186257808
0.5373831775700935 0.2612152186257808
0.5379229871645275 0.2617830777967064
0.5384615384615384 0.262350936967632
0.5378346915017462 0.262350936967632
0.5383720930232558 0.2629187961385576
0.537746806039489 0.2629187961385576
0.5382830626450116 0.26348665530948323
0.5376593279258401 0.26348665530948323
0.5370370370370371 0.26348665530948323
0.5375722543352601 0.26405451448040884
0.5369515011547344 0.26405451448040884
0.5363321799307958 0.26405451448040884
0.5357142857142857 0.26405451448040884
0.5362485615650172 0.26462237365133445
0.535632183908046 0.26462237365133445
0.5361653272101033 0.26519023282226006
0.5355504587155964 0.26519023282226006
0.5349369988545246 0.26519023282226006
0.5354691075514875 0.2657580919931857
0.5348571428571428 0.2657580919931857
0.5342465753424658 0.2657580919931857
0.5336374002280502 0.2657580919931857
0.5330296127562643 0.2657580919931857
0.5324232081911263 0.2657580919931857
0.5318181818181819 0.2657580919931857
0.5312145289443814 0.2657580919931857
0.5306122448979592 0.2657580919931857
0.5300113250283126 0.2657580919931857
0.5294117647058824 0.2657580919931857
0.5299435028248588 0.2663259511641113
0.5293453724604966 0.2663259511641113
0.5287485907553551 0.2663259511641113
0.5292792792792793 0.2668938103350369
0.5286839145106862 0.2668938103350369
0.5292134831460674 0.2674616695059625
0.5297418630751964 0.2680295286768881
0.5291479820627802 0.2680295286768881
0.5296752519596865 0.26859738784781373
0.5302013422818792 0.26916524701873934
0.529608938547486 0.26916524701873934
0.5290178571428571 0.26916524701873934
0.5284280936454849 0.26916524701873934
0.5289532293986637 0.26973310618966495
0.5283648498331479 0.26973310618966495
0.5277777777777778 0.26973310618966495
0.5271920088790233 0.26973310618966495
0.5266075388026608 0.26973310618966495
0.5271317829457365 0.27030096536059056
0.5276548672566371 0.2708688245315162
0.5270718232044199 0.2708688245315162
0.5264900662251656 0.2708688245315162
0.525909592061742 0.2708688245315162
0.525330396475771 0.2708688245315162
0.5258525852585259 0.2714366837024418
0.5252747252747253 0.2714366837024418
0.5246981339187706 0.2714366837024418
0.5252192982456141 0.2720045428733674
0.5257393209200438 0.272572402044293
0.5251641137855579 0.272572402044293
0.5256830601092897 0.2731402612152186
0.5262008733624454 0.2737081203861442
0.5267175572519084 0.27427597955706984
0.5261437908496732 0.27427597955706984
0.5266594124047879 0.27484383872799545
0.5271739130434783 0.27541169789892106
0.5276872964169381 0.27597955706984667
0.527114967462039 0.27597955706984667
0.5265438786565547 0.27597955706984667
0.525974025974026 0.27597955706984667
0.5254054054054054 0.27597955706984667
0.5259179265658748 0.2765474162407723
0.5264293419633226 0.2771152754116979
0.5258620689655172 0.2771152754116979
0.5252960172228203 0.2771152754116979
0.5258064516129032 0.2776831345826235
0.5263157894736842 0.2782509937535491
0.526824034334764 0.2788188529244747
0.5262593783494105 0.2788188529244747
0.5267665952890792 0.27938671209540034
0.5262032085561498 0.27938671209540034
0.5267094017094017 0.27995457126632595
0.5261472785485592 0.27995457126632595
0.5266524520255863 0.28052243043725156
0.5260915867944622 0.28052243043725156
0.526595744680851 0.28109028960817717
0.5260361317747078 0.28109028960817717
0.5254777070063694 0.28109028960817717
0.5249204665959704 0.28109028960817717
0.5254237288135594 0.2816581487791028
0.5248677248677248 0.2816581487791028
0.5243128964059197 0.2816581487791028
0.5237592397043295 0.2816581487791028
0.5232067510548524 0.2816581487791028
0.5226554267650158 0.2816581487791028
0.5221052631578947 0.2816581487791028
0.5226077812828601 0.2822260079500284
0.5220588235294118 0.2822260079500284
0.521511017838405 0.2822260079500284
0.5220125786163522 0.282793867120954
0.5214659685863874 0.282793867120954
0.5209205020920502 0.282793867120954
0.5203761755485894 0.282793867120954
0.5198329853862212 0.282793867120954
0.5203336809176226 0.2833617262918796
0.5197916666666667 0.2833617262918796
0.5202913631633714 0.2839295854628052
0.5207900207900208 0.28449744463373083
0.5202492211838006 0.28449744463373083
0.520746887966805 0.28506530380465644
0.5202072538860104 0.28506530380465644
0.5196687370600414 0.28506530380465644
0.5191313340227508 0.28506530380465644
0.518595041322314 0.28506530380465644
0.5180598555211559 0.28506530380465644
0.5175257731958763 0.28506530380465644
0.5169927909371782 0.28506530380465644
0.5164609053497943 0.28506530380465644
0.5169578622816033 0.28563316297558206
0.5164271047227926 0.28563316297558206
0.5169230769230769 0.28620102214650767
0.5163934426229508 0.28620102214650767
0.5158648925281474 0.28620102214650767
0.516359918200409 0.2867688813174333
0.515832482124617 0.2867688813174333
0.5153061224489796 0.2867688813174333
0.5147808358817533 0.2867688813174333
0.515274949083503 0.2873367404883589
0.5147507629704985 0.2873367404883589
0.5142276422764228 0.2873367404883589
0.5137055837563452 0.2873367404883589
0.5141987829614605 0.2879045996592845
0.513677811550152 0.2879045996592845
0.5141700404858299 0.2884724588302101
0.5136501516683518 0.2884724588302101
0.5131313131313131 0.2884724588302101
0.5126135216952573 0.2884724588302101
0.5120967741935484 0.2884724588302101
0.5125881168177241 0.2890403180011357
0.5130784708249497 0.28960817717206133
0.5135678391959799 0.29017603634298694
0.5130522088353414 0.29017603634298694
0.5135406218655968 0.29074389551391255
0.5130260521042084 0.29074389551391255
0.5135135135135135 0.29131175468483816
0.513 0.29131175468483816
0.5134865134865135 0.2918796138557638
0.5129740518962076 0.2918796138557638
0.5124626121635095 0.2918796138557638
0.5129482071713147 0.2924474730266894
0.5124378109452736 0.2924474730266894
0.5119284294234593 0.2924474730266894
0.5124131082423039 0.293015332197615
0.5119047619047619 0.293015332197615
0.5113974231912785 0.293015332197615
0.5108910891089109 0.293015332197615
0.5103857566765578 0.293015332197615
0.5098814229249012 0.293015332197615
0.5093780848963475 0.293015332197615
0.5098619329388561 0.2935831913685406
0.5103448275862069 0.2941510505394662
0.5098425196850394 0.2941510505394662
0.5093411996066863 0.2941510505394662
0.5098231827111984 0.29471890971039183
0.5093228655544652 0.29471890971039183
0.5098039215686274 0.29528676888131744
0.5093046033300686 0.29528676888131744
0.5097847358121331 0.29585462805224305
0.509286412512219 0.29585462805224305
0.5087890625 0.29585462805224305
0.5092682926829268 0.29642248722316866
0.5087719298245614 0.29642248722316866
0.5092502434274586 0.2969903463940943
0.5087548638132295 0.2969903463940943
0.5092322643343051 0.2975582055650199
0.5097087378640777 0.2981260647359455
0.5092143549951503 0.2981260647359455
0.5087209302325582 0.2981260647359455
0.5082284607938045 0.2981260647359455
0.5077369439071566 0.2981260647359455
0.5082125603864734 0.2986939239068711
0.5077220077220077 0.2986939239068711
0.5081967213114754 0.2992617830777967
0.5077071290944123 0.2992617830777967
0.5081809432146295 0.29982964224872233
0.5076923076923077 0.29982964224872233
0.5072046109510087 0.29982964224872233
0.5067178502879078 0.29982964224872233
0.5071907957813998 0.30039750141964794
0.5067049808429118 0.30039750141964794
0.5062200956937799 0.30039750141964794
0.505736137667304 0.30039750141964794
0.5052531041069723 0.30039750141964794
0.5047709923664122 0.30039750141964794
0.5042897998093422 0.30039750141964794
0.5038095238095238 0.30039750141964794
0.5042816365366318 0.30096536059057355
0.5047528517110266 0.30153321976149916
0.5042735042735043 0.30153321976149916
0.5037950664136622 0.30153321976149916
0.5033175355450237 0.30153321976149916
0.5028409090909091 0.30153321976149916
0.5023651844843898 0.30153321976149916
0.501890359168242 0.30153321976149916
0.5014164305949008 0.30153321976149916
0.5009433962264151 0.30153321976149916
0.5014137606032045 0.30210107893242477
0.5009416195856874 0.30210107893242477
0.5004703668861712 0.30210107893242477
0.5 0.30210107893242477
0.49953051643192486 0.30210107893242477
0.49906191369606 0.30210107893242477
0.4985941893158388 0.30210107893242477
0.49812734082397003 0.30210107893242477
0.4976613657623948 0.30210107893242477
0.497196261682243 0.30210107893242477
0.49673202614379086 0.30210107893242477
0.4962686567164179 0.30210107893242477
0.4958061509785648 0.30210107893242477
0.4962756052141527 0.3026689381033504
0.4967441860465116 0.303236797274276
0.4962825278810409 0.303236797274276
0.4958217270194986 0.303236797274276
0.4962894248608534 0.3038046564452016
0.49675625579240035 0.3043725156161272
0.49722222222222223 0.3049403747870528
0.4976873265494912 0.30550823395797844
0.49722735674676527 0.30550823395797844
0.4976915974145891 0.30607609312890405
0.49723247232472323 0.30607609312890405
0.4976958525345622 0.30664395229982966
0.498158379373849 0.30721181147075527
0.49770009199632015 0.30721181147075527
0.49724264705882354 0.30721181147075527
0.4967860422405877 0.30721181147075527
0.4963302752293578 0.30721181147075527
0.49679193400549954 0.3077796706416809
0.49725274725274726 0.3083475298126065
0.4967978042086002 0.3083475298126065
0.4963436928702011 0.3083475298126065
0.4958904109589041 0.3083475298126065
0.4954379562043796 0.3083475298126065
0.4949863263445761 0.3083475298126065
0.49453551912568305 0.3083475298126065
0.49499545040946313 0.3089153889835321
0.49454545454545457 0.3089153889835321
0.4950045413260672 0.3094832481544577
0.4945553539019964 0.3094832481544577
0.4941069809610154 0.3094832481544577
0.4936594202898551 0.3094832481544577
0.49321266968325794 0.3094832481544577
0.4936708860759494 0.3100511073253833
0.4932249322493225 0.3100511073253833
0.4936823104693141 0.31061896649630893
0.4932371505861136 0.31061896649630893
0.4936936936936937 0.31118682566723455
0.49324932493249324 0.31118682566723455
0.49280575539568344 0.31118682566723455
0.49236298292902064 0.31118682566723455
0.49281867145421904 0.31175468483816016
0.4923766816143498 0.31175468483816016
0.49193548387096775 0.31175468483816016
0.4923903312444047 0.31232254400908577
0.4919499105545617 0.31232254400908577
0.4915102770330652 0.31232254400908577
0.49107142857142855 0.31232254400908577
0.49063336306868865 0.31232254400908577
0.49019607843137253 0.31232254400908577
0.4897595725734639 0.31232254400908577
0.4902135231316726 0.3128904031800114
0.48977777777777776 0.3128904031800114
0.48934280639431615 0.3128904031800114
0.4897959183673469 0.313458262350937
0.48936170212765956 0.313458262350937
0.48892825509300264 0.313458262350937
0.48849557522123893 0.313458262350937
0.4880636604774536 0.313458262350937
0.4876325088339223 0.313458262350937
0.4880847308031774 0.3140261215218626
0.4876543209876543 0.3140261215218626
0.48722466960352423 0.3140261215218626
0.4876760563380282 0.3145939806927882
0.4872471416007036 0.3145939806927882
0.4868189806678383 0.3145939806927882
0.4863915715539947 0.3145939806927882
0.48596491228070177 0.3145939806927882
0.4855390008764242 0.3145939806927882
0.4859894921190893 0.3151618398637138
0.48556430446194226 0.3151618398637138
0.486013986013986 0.31572969903463943
0.48646288209606986 0.31629755820556504
0.4860383944153578 0.31629755820556504
0.4864864864864865 0.31686541737649065
0.48693379790940766 0.31743327654741627
0.4865100087032202 0.31743327654741627
0.4860869565217391 0.31743327654741627
0.48566463944396177 0.31743327654741627
0.4852430555555556 0.31743327654741627
0.48482220294882916 0.31743327654741627
0.48440207972270366 0.31743327654741627
0.48398268398268396 0.31743327654741627
0.4835640138408305 0.31743327654741627
0.4840103716508211 0.3180011357183419
0.4835924006908463 0.3180011357183419
0.4840379637618637 0.3185689948892675
0.4844827586206897 0.3191368540601931
0.48406546080964685 0.3191368540601931
0.4845094664371773 0.3197047132311187
0.48495270851246775 0.3202725724020443
0.4853951890034364 0.32084043157296993
0.48497854077253216 0.32084043157296993
0.4854202401372213 0.32140829074389554
0.48500428449014565 0.32140829074389554
0.4845890410958904 0.32140829074389554
0.48417450812660395 0.32140829074389554
0.48376068376068376 0.32140829074389554
0.48334756618274977 0.32140829074389554
0.48293515358361777 0.32140829074389554
0.4825234441602728 0.32140829074389554
0.4829642248722317 0.3219761499148211
0.4825531914893617 0.3219761499148211
0.48299319727891155 0.3225440090857467
0.48343245539507224 0.3231118682566723
0.4830220713073005 0.3231118682566723
0.48261238337574214 0.3231118682566723
0.4822033898305085 0.3231118682566723
0.48179508890770534 0.3231118682566723
0.4813874788494078 0.3231118682566723
0.4818258664412511 0.32367972742759793
0.4814189189189189 0.32367972742759793
0.48185654008438816 0.32424758659852354
0.4814502529510961 0.32424758659852354
0.4818871103622578 0.32481544576944915
0.48148148148148145 0.32481544576944915
0.48107653490328006 0.32481544576944915
0.48067226890756304 0.32481544576944915
0.4802686817800168 0.32481544576944915
0.4798657718120805 0.32481544576944915
0.47946353730092206 0.32481544576944915
0.4798994974874372 0.32538330494037476
0.4794979079497908 0.32538330494037476
0.479933110367893 0.3259511641113004
0.47953216374269003 0.3259511641113004
0.4791318864774624 0.3259511641113004
0.4787322768974145 0.3259511641113004
0.47833333333333333 0.3259511641113004
0.47793505412156534 0.3259511641113004
0.47753743760399336 0.3259511641113004
0.4771404821280133 0.3259511641113004
0.4775747508305648 0.326519023282226
0.47800829875518674 0.3270868824531516
0.47761194029850745 0.3270868824531516
0.4780447390223695 0.3276547416240772
0.4776490066225166 0.3276547416240772
0.4772539288668321 0.3276547416240772
0.4768595041322314 0.3276547416240772
0.4772914946325351 0.3282226007950028
0.4768976897689769 0.3282226007950028
0.47732893652102226 0.3287904599659284
0.4769357495881384 0.3287904599659284
0.4765432098765432 0.3287904599659284
0.4761513157894737 0.3287904599659284
0.47658175842235007 0.32935831913685404
0.47701149425287354 0.32992617830777965
0.4774405250205086 0.33049403747870526
0.47704918032786886 0.33049403747870526
0.47665847665847666 0.33049403747870526
0.4762684124386252 0.33049403747870526
0.4766966475878986 0.33106189664963087
0.47630718954248363 0.33106189664963087
0.476734693877551 0.3316297558205565
0.4763458401305057 0.3316297558205565
0.4759576202118989 0.3316297558205565
0.4763843648208469 0.3321976149914821
0.47681041497152155 0.3327654741624077
0.4764227642276423 0.3327654741624077
0.4760357432981316 0.3327654741624077
0.476461038961039 0.3333333333333333
0.47607461476074614 0.3333333333333333
0.47649918962722854 0.3339011925042589
0.47692307692307695 0.33446905167518454
0.4773462783171521 0.33503691084611015
0.47696038803556995 0.33503691084611015
0.4765751211631664 0.33503691084611015
0.47619047619047616 0.33503691084611015
0.47661290322580646 0.33560477001703576
0.47703464947622887 0.33617262918796137
0.47665056360708535 0.33617262918796137
0.4762670957361223 0.33617262918796137
0.4758842443729904 0.33617262918796137
0.4755020080321285 0.33617262918796137
0.47592295345104335 0.336740488358887
0.4755412991178829 0.336740488358887
0.4751602564102564 0.336740488358887
0.4747798238590873 0.336740488358887
0.4752 0.3373083475298126
0.4748201438848921 0.3373083475298126
0.4744408945686901 0.3373083475298126
0.47406225059856344 0.3373083475298126
0.47368421052631576 0.3373083475298126
0.47410358565737054 0.3378762067007382
0.4745222929936306 0.3384440658716638
0.4741447891805887 0.3384440658716638
0.47456279809220986 0.3390119250425894
0.4749801429706116 0.33957978421351503
0.4746031746031746 0.33957978421351503
0.47501982553528943 0.34014764338444065
0.4746434231378764 0.34014764338444065
0.4750593824228028 0.34071550255536626
0.4754746835443038 0.34128336172629187
0.4758893280632411 0.3418512208972175
0.4755134281200632 0.3418512208972175
0.47592738752959746 0.3424190800681431
0.4755520504731861 0.3424190800681431
0.47596532702915684 0.3429869392390687
0.4755905511811024 0.3429869392390687
0.4752163650668765 0.3429869392390687
0.47562893081761004 0.3435547984099943
0.4752553024351925 0.3435547984099943
0.47566718995290425 0.3441226575809199
0.4752941176470588 0.3441226575809199
0.47492163009404387 0.3441226575809199
0.4745497259201253 0.3441226575809199
0.47417840375586856 0.3441226575809199
0.473807662236122 0.3441226575809199
0.4734375 0.3441226575809199
0.47306791569086654 0.3441226575809199
0.47269890795631825 0.3441226575809199
0.4731098986749805 0.34469051675184553
0.4727414330218069 0.34469051675184553
0.4723735408560311 0.34469051675184553
0.47200622083981336 0.34469051675184553
0.4716394716394716 0.34469051675184553
0.47127329192546585 0.34469051675184553
0.4709076803723817 0.34469051675184553
0.47131782945736433 0.34525837592277114
0.47095274980635166 0.34525837592277114
0.4713622291021672 0.34582623509369675
0.4709976798143852 0.34582623509369675
0.4706336939721793 0.34582623509369675
0.4702702702702703 0.34582623509369675
0.4699074074074074 0.34582623509369675
0.46954510408635314 0.34582623509369675
0.4691833590138675 0.34582623509369675
0.46882217090069284 0.34582623509369675
0.46923076923076923 0.34639409426462237
0.46887009992313605 0.34639409426462237
0.4685099846390169 0.34639409426462237
0.4681504221028396 0.34639409426462237
0.46855828220858897 0.346961953435548
0.4681992337164751 0.346961953435548
0.4678407350689127 0.346961953435548
0.46748278500382556 0.346961953435548
0.46712538226299694 0.346961953435548
0.4675324675324675 0.3475298126064736
0.4679389312977099 0.3480976717773992
0.467581998474447 0.3480976717773992
0.4679878048780488 0.3486655309483248
0.4676313785224676 0.3486655309483248
0.4672754946727549 0.3486655309483248
0.467680608365019 0.3492333901192504
0.4673252279635258 0.3492333901192504
0.46697038724373574 0.3492333901192504
0.4673748103186646 0.34980124929017603
0.467778620166793 0.35036910846110164
0.4681818181818182 0.35093696763202725
0.46782740348221047 0.35093696763202725
0.46747352496217853 0.35093696763202725
0.4671201814058957 0.35093696763202725
0.4675226586102719 0.35150482680295286
0.4671698113207547 0.35150482680295286
0.46681749622926094 0.35150482680295286
0.46646571213263 0.35150482680295286
0.4661144578313253 0.35150482680295286
0.4657637321294206 0.35150482680295286
0.46541353383458645 0.35150482680295286
0.4650638617580766 0.35150482680295286
0.4647147147147147 0.35150482680295286
0.4643660915228807 0.35150482680295286
0.46476761619190404 0.3520726859738785
0.46441947565543074 0.3520726859738785
0.46407185628742514 0.3520726859738785
0.4637247569184742 0.3520726859738785
0.4641255605381166 0.3526405451448041
0.46452576549663926 0.3532084043157297
0.46417910447761196 0.3532084043157297
0.4645786726323639 0.3537762634866553
0.46497764530551416 0.3543441226575809
0.46463142218912884 0.3543441226575809
0.4642857142857143 0.3543441226575809
0.4639405204460966 0.3543441226575809
0.4635958395245171 0.3543441226575809
0.46325167037861914 0.3543441226575809
0.4629080118694362 0.3543441226575809
0.4633061527057079 0.35491198182850653
0.46296296296296297 0.35491198182850653
0.46262028127313104 0.35491198182850653
0.4630177514792899 0.35547984099943214
0.4634146341463415 0.35604770017035775
0.4630723781388479 0.35604770017035775
0.46346863468634686 0.35661555934128336
0.4631268436578171 0.35661555934128336
0.4627855563743552 0.35661555934128336
0.46244477172312226 0.35661555934128336
0.46210448859455483 0.35661555934128336
0.46176470588235297 0.35661555934128336
0.461425422483468 0.35661555934128336
0.461086637298091 0.35661555934128336
0.4607483492296405 0.35661555934128336
0.4604105571847507 0.35661555934128336
0.4608058608058608 0.35718341851220897
0.46046852122986826 0.35718341851220897
0.46086320409656184 0.3577512776831346
0.4605263157894737 0.3577512776831346
0.4601899196493791 0.3577512776831346
0.46058394160583943 0.3583191368540602
0.4602479941648432 0.3583191368540602
0.45991253644314867 0.3583191368540602
0.45957756737072103 0.3583191368540602
0.45997088791848617 0.3588869960249858
0.4596363636363636 0.3588869960249858
0.45930232558139533 0.3588869960249858
0.4589687726942629 0.3588869960249858
0.45863570391872277 0.3588869960249858
0.45830311820159536 0.3588869960249858
0.4579710144927536 0.3588869960249858
0.45763939174511226 0.3588869960249858
0.4573082489146165 0.3588869960249858
0.45770065075921906 0.3594548551959114
0.45736994219653176 0.3594548551959114
0.45703971119133574 0.3594548551959114
0.45670995670995673 0.3594548551959114
0.4563806777217015 0.3594548551959114
0.45605187319884727 0.3594548551959114
0.4557235421166307 0.3594548551959114
0.4553956834532374 0.3594548551959114
0.45578720345075485 0.360022714366837
0.4561781609195402 0.36059057353776264
0.45585068198133527 0.36059057353776264
0.45552367288378764 0.36059057353776264
0.4551971326164875 0.36059057353776264
0.45487106017191975 0.36059057353776264
0.45454545454545453 0.36059057353776264
0.4542203147353362 0.36059057353776264
0.45389563974267333 0.36059057353776264
0.45357142857142857 0.36059057353776264
0.4532476802284083 0.36059057353776264
0.4536376604850214 0.36115843270868825
0.4533143264433357 0.36115843270868825
0.452991452991453 0.36115843270868825
0.45266903914590745 0.36115843270868825
0.45305832147937414 0.36172629187961386
0.4527363184079602 0.36172629187961386
0.453125 0.36229415105053947
0.4528034066713982 0.36229415105053947
0.4524822695035461 0.36229415105053947
0.45216158752657687 0.36229415105053947
0.4518413597733711 0.36229415105053947
0.45222929936305734 0.3628620102214651
0.4519094766619519 0.3628620102214651
0.4515901060070671 0.3628620102214651
0.451271186440678 0.3628620102214651
0.4509527170077629 0.3628620102214651
0.4506346967559944 0.3628620102214651
0.4510218463706836 0.3634298693923907
0.45140845070422536 0.3639977285633163
0.4510907811400422 0.3639977285633163
0.4507735583684951 0.3639977285633163
0.45045678144764584 0.3639977285633163
0.45014044943820225 0.3639977285633163
0.4498245614035088 0.3639977285633163
0.44950911640953717 0.3639977285633163
0.44919411352487737 0.3639977285633163
0.4488795518207283 0.3639977285633163
0.44856543037088875 0.3639977285633163
0.44825174825174824 0.3639977285633163
0.44863731656184486 0.3645655877342419
0.4483240223463687 0.3645655877342419
0.4487090020935101 0.3651334469051675
0.44839609483960946 0.3651334469051675
0.44878048780487806 0.36570130607609314
0.44846796657381616 0.36570130607609314
0.44815588030619347 0.36570130607609314
0.4478442280945758 0.36570130607609314
0.4475330090340514 0.36570130607609314
0.4479166666666667 0.36626916524701875
0.4476058292852186 0.36626916524701875
0.4472954230235784 0.36626916524701875
0.44767844767844767 0.36683702441794436
0.4473684210526316 0.36683702441794436
0.4470588235294118 0.36683702441794436
0.4467496542185339 0.36683702441794436
0.44713199723566 0.36740488358886997
0.4468232044198895 0.36740488358886997
0.44651483781918566 0.36740488358886997
0.44689655172413795 0.3679727427597956
0.44658855961405924 0.3679727427597956
0.4462809917355372 0.3679727427597956
0.4459738472126635 0.3679727427597956
0.44566712517193946 0.3679727427597956
0.44604810996563576 0.3685406019307212
0.44574175824175827 0.3685406019307212
0.44543582704186685 0.3685406019307212
0.4451303155006859 0.3685406019307212
0.44482522275531183 0.3685406019307212
0.44452054794520546 0.3685406019307212
0.44421629021218345 0.3685406019307212
0.44459644322845415 0.3691084611016468
0.44429254955570746 0.3691084611016468
0.44398907103825136 0.3691084611016468
0.44368600682593856 0.3691084611016468
0.4440654843110505 0.3696763202725724
0.4437627811860941 0.3696763202725724
0.4434604904632153 0.3696763202725724
0.44383934649421375 0.370244179443498
0.4435374149659864 0.370244179443498
0.4432358939496941 0.370244179443498
0.4429347826086957 0.370244179443498
0.4426340801086219 0.370244179443498
0.4423337856173677 0.370244179443498
0.44203389830508477 0.370244179443498
0.44173441734417346 0.370244179443498
0.4414353419092756 0.370244179443498
0.44181326116373476 0.37081203861442363
0.4415145368492224 0.37081203861442363
0.4412162162162162 0.37081203861442363
0.44091829844699526 0.37081203861442363
0.4406207827260459 0.37081203861442363
0.44099797707349964 0.37137989778534924
0.44070080862533695 0.37137989778534924
0.4404040404040404 0.37137989778534924
0.44010767160161507 0.37137989778534924
0.4398117014122394 0.37137989778534924
0.44018817204301075 0.37194775695627486
0.4398925453324379 0.37194775695627486
0.44026845637583895 0.37251561612720047
0.4399731723675386 0.37251561612720047
0.43967828418230565 0.37251561612720047
0.4393837910247823 0.37251561612720047
0.4390896921017403 0.37251561612720047
0.4394648829431438 0.3730834752981261
0.4391711229946524 0.3730834752981261
0.43887775551102204 0.3730834752981261
0.438584779706275 0.3730834752981261
0.43829219479653103 0.3730834752981261
0.438 0.3730834752981261
0.43837441705529645 0.3736513344690517
0.4380825565912117 0.3736513344690517
0.43779108449767135 0.3736513344690517
0.4375 0.3736513344690517
0.4372093023255814 0.3736513344690517
0.43758300132802125 0.3742191936399773
0.43729263437292637 0.3742191936399773
0.4370026525198939 0.3742191936399773
0.4367130550033135 0.3742191936399773
0.43642384105960264 0.3742191936399773
0.43613500992720056 0.3742191936399773
0.4365079365079365 0.3747870528109029
0.43621943159286186 0.3747870528109029
0.43593130779392336 0.3747870528109029
0.43564356435643564 0.3747870528109029
0.43601583113456466 0.3753549119818285
0.4357284113381674 0.3753549119818285
0.43544137022397894 0.3753549119818285
0.43515470704410797 0.3753549119818285
0.43486842105263157 0.3753549119818285
0.4345825115055884 0.3753549119818285
0.4342969776609724 0.3753549119818285
0.4340118187787262 0.3753549119818285
0.4343832020997375 0.37592277115275413
0.4340983606557377 0.37592277115275413
0.43446920052424637 0.37649063032367974
0.43418467583497056 0.37649063032367974
0.4339005235602094 0.37649063032367974
0.434270765206017 0.37705848949460535
0.434640522875817 0.37762634866553096
0.43435662965382105 0.37762634866553096
0.43407310704960833 0.37762634866553096
0.4337899543378995 0.37762634866553096
0.4335071707953064 0.37762634866553096
0.43322475570032576 0.37762634866553096
0.4329427083333333 0.37762634866553096
0.43266102797657774 0.37762634866553096
0.43237971391417424 0.37762634866553096
0.43209876543209874 0.37762634866553096
0.4318181818181818 0.37762634866553096
0.4315379623621025 0.37762634866553096
0.43125810635538264 0.37762634866553096
0.4316267012313675 0.3781942078364566
0.43134715025906734 0.3781942078364566
0.43171521035598703 0.3787620670073822
0.4320827943078913 0.3793299261783078
0.43180349062702006 0.3793299261783078
0.4315245478036176 0.3793299261783078
0.4312459651387992 0.3793299261783078
0.4316129032258065 0.3798977853492334
0.43197936814958093 0.380465644520159
0.43170103092783507 0.380465644520159
0.43142305215711524 0.380465644520159
0.43114543114543114 0.380465644520159
0.43086816720257237 0.380465644520159
0.4305912596401028 0.380465644520159
0.43031470777135516 0.380465644520159
0.4300385109114249 0.380465644520159
0.4304041051956382 0.38103350369108463
0.43012820512820515 0.38103350369108463
0.4298526585522101 0.38103350369108463
0.4295774647887324 0.38103350369108463
0.4293026231605886 0.38103350369108463
0.4290281329923274 0.38103350369108463
0.4293929712460064 0.38160136286201024
0.42911877394636017 0.38160136286201024
0.4288449266113593 0.38160136286201024
0.4292091836734694 0.38216922203293585
0.4289356277884003 0.38216922203293585
0.4286624203821656 0.38216922203293585
0.4290260980267346 0.38273708120386146
0.4287531806615776 0.38273708120386146
0.42848061029879214 0.38273708120386146
0.42820838627700125 0.38273708120386146
0.42793650793650795 0.38273708120386146
0.4276649746192893 0.38273708120386146
0.4273937856689918 0.38273708120386146
0.42712294043092525 0.38273708120386146
0.42685243825205826 0.38273708120386146
0.4272151898734177 0.3833049403747871
0.4269449715370019 0.3833049403747871
0.42667509481668775 0.3833049403747871
0.42703727100442196 0.3838727995457127
0.4273989898989899 0.3844406587166383
0.42712933753943216 0.3844406587166383
0.42686002522068095 0.3844406587166383
0.42722117202268434 0.3850085178875639
0.4269521410579345 0.3850085178875639
0.42668344870988045 0.3850085178875639
0.4270440251572327 0.3855763770584895
0.42677561282212445 0.3855763770584895
0.4265075376884422 0.3855763770584895
0.42623979912115506 0.3855763770584895
0.4259723964868256 0.3855763770584895
0.42570532915360504 0.3855763770584895
0.42543859649122806 0.3855763770584895
0.42517219787100813 0.3855763770584895
0.42490613266583227 0.3855763770584895
0.4252657911194497 0.3861442362294151
0.425 0.3861442362294151
0.42535915053091816 0.38671209540034074
0.4250936329588015 0.38671209540034074
0.4248284466625078 0.38671209540034074
0.4251870324189526 0.38727995457126635
0.42492211838006233 0.38727995457126635
0.4246575342465753 0.38727995457126635
0.42439327940261357 0.38727995457126635
0.42412935323383083 0.38727995457126635
0.4238657551274083 0.38727995457126635
0.4236024844720497 0.38727995457126635
0.4239602731222843 0.38784781374219196
0.42431761786600497 0.38841567291311757
0.4240545567265964 0.38841567291311757
0.42441140024783147 0.3889835320840432
0.4241486068111455 0.3889835320840432
0.4238861386138614 0.3889835320840432
0.4236239950525665 0.3889835320840432
0.42336217552533995 0.3889835320840432
0.4237183446571958 0.3895513912549688
0.42407407407407405 0.3901192504258944
0.4244293645897594 0.39068710959682
0.4241676942046856 0.39068710959682
0.42452248921749847 0.3912549687677456
0.42426108374384236 0.3912549687677456
0.424 0.3912549687677456
0.4237392373923739 0.3912549687677456
0.42347879532882604 0.3912549687677456
0.42321867321867324 0.3912549687677456
0.4229588704726826 0.3912549687677456
0.4233128834355828 0.39182282793867124
0.4230533415082771 0.39182282793867124
0.4227941176470588 0.39182282793867124
0.4225352112676056 0.39182282793867124
0.4228886168910649 0.39239068710959685
0.42262996941896025 0.39239068710959685
0.4223716381418093 0.39239068710959685
0.42272449602932194 0.3929585462805224
0.42246642246642246 0.3929585462805224
0.4222086638194021 0.3929585462805224
0.4219512195121951 0.3929585462805224
0.42169408897014016 0.3929585462805224
0.42143727161997563 0.3929585462805224
0.4217894096165551 0.393526405451448
0.4215328467153285 0.393526405451448
0.42127659574468085 0.393526405451448
0.42102065613608747 0.393526405451448
0.42137219186399516 0.3940942646223736
0.4217233009708738 0.39466212379329924
0.4214675560946028 0.39466212379329924
0.4212121212121212 0.39466212379329924
0.4209569957601454 0.39466212379329924
0.42070217917675545 0.39466212379329924
0.4204476709013914 0.39466212379329924
0.42019347037484883 0.39466212379329924
0.4205438066465257 0.39522998296422485
0.42028985507246375 0.39522998296422485
0.42063971031985514 0.39579784213515046
0.4203860072376357 0.39579784213515046
0.42013261000602775 0.39579784213515046
0.42048192771084336 0.39636570130607607
0.42083082480433476 0.3969335604770017
0.42117930204572807 0.3975014196479273
0.42092603728202044 0.3975014196479273
0.4206730769230769 0.3975014196479273
0.42042042042042044 0.3975014196479273
0.42016806722689076 0.3975014196479273
0.41991601679664065 0.3975014196479273
0.4196642685851319 0.3975014196479273
0.4194128220491312 0.3975014196479273
0.41976047904191616 0.3980692788188529
0.419509275882705 0.3980692788188529
0.4192583732057416 0.3980692788188529
0.41960549910340705 0.3986371379897785
0.41935483870967744 0.3986371379897785
0.4191044776119403 0.3986371379897785
0.418854415274463 0.3986371379897785
0.419200954084675 0.3992049971607041
0.4189511323003576 0.3992049971607041
0.4187016081000596 0.3992049971607041
0.41845238095238096 0.3992049971607041
0.4182034503271862 0.3992049971607041
0.4179548156956005 0.3992049971607041
0.4177064765300059 0.3992049971607041
0.417458432304038 0.3992049971607041
0.4172106824925816 0.3992049971607041
0.4169632265717675 0.3992049971607041
0.4173088322465916 0.39977285633162973
0.41706161137440756 0.39977285633162973
0.41681468324452337 0.39977285633162973
0.4165680473372781 0.39977285633162973
0.4163217031342401 0.39977285633162973
0.4160756501182033 0.39977285633162973
0.41642055522740695 0.40034071550255534
0.4167650531286895 0.40090857467348096
0.41710914454277287 0.40147643384440657
0.41745283018867924 0.4020442930153322
0.417796110783736 0.4026121521862578
0.4175500588928151 0.4026121521862578
0.41730429664508534 0.4026121521862578
0.41705882352941176 0.4026121521862578
0.41681363903586127 0.4026121521862578
0.41656874265569915 0.4026121521862578
0.4169113329418673 0.4031800113571834
0.4166666666666667 0.4031800113571834
0.41642228739002934 0.4031800113571834
0.41617819460726846 0.4031800113571834
0.4159343878148799 0.4031800113571834
0.41569086651053866 0.4031800113571834
0.4154476301930954 0.4031800113571834
0.41578947368421054 0.403747870528109
0.4155464640561075 0.403747870528109
0.415303738317757 0.403747870528109
0.415061295971979 0.403747870528109
0.4148191365227538 0.403747870528109
0.4145772594752187 0.403747870528109
0.4149184149184149 0.4043157296990346
0.41467676179382645 0.4043157296990346
0.4150174621653085 0.40488358886996023
0.4147760325770797 0.40488358886996023
0.4145348837209302 0.40488358886996023
0.41429401510749564 0.40488358886996023
0.4140534262485482 0.40488358886996023
0.4138131166569936 0.40488358886996023
0.41357308584686775 0.40488358886996023
0.41333333333333333 0.40488358886996023
0.41367323290845887 0.40545144804088584
0.41343370005790386 0.40545144804088584
0.4131944444444444 0.40545144804088584
0.41295546558704455 0.40545144804088584
0.41271676300578036 0.40545144804088584
0.4124783362218371 0.40545144804088584
0.4128175519630485 0.40601930721181145
0.4125793421811887 0.40601930721181145
0.41234140715109574 0.40601930721181145
0.41210374639769454 0.40601930721181145
0.4118663594470046 0.40601930721181145
