67879 29 0.9895582795143127
32681 29 0.9877866506576538
73076 28 0.9818103313446045
81360 29 0.981214165687561
44556 29 0.9779953956604004
26205 29 0.9740371704101562
67100 28 0.972115695476532
67979 28 0.9667288661003113
76133 29 0.9649567008018494
11557 48 0.9607197642326355
79219 28 0.9600834250450134
65399 48 0.9593983888626099
54278 48 0.9557909369468689
27116 29 0.9545773267745972
29399 48 0.9538958668708801
38440 28 0.9537656307220459
61067 28 0.953728973865509
54225 48 0.9533030390739441
11635 48 0.9492089152336121
37016 48 0.9460722804069519
17293 28 0.944523811340332
62607 28 0.9434990882873535
61478 48 0.9424727559089661
20963 28 0.9412469267845154
64976 29 0.9409124255180359
50386 29 0.9404212236404419
34427 28 0.938662588596344
32692 29 0.9371956586837769
11578 48 0.9355695247650146
27683 29 0.9354601502418518
69330 29 0.9344269633293152
17573 28 0.9340945482254028
35054 28 0.934028685092926
11324 48 0.9328691959381104
91408 28 0.9319916367530823
79247 28 0.9311248660087585
37015 48 0.9299256205558777
2327 28 0.9291222095489502
54260 48 0.9286670684814453
67953 28 0.9280238747596741
45885 28 0.9265572428703308
48854 48 0.9261592030525208
3478 28 0.925710916519165
11564 48 0.9235568642616272
54292 48 0.9228693246841431
24540 28 0.9191799163818359
46704 28 0.9183071255683899
32524 28 0.9151443839073181
74162 48 0.9148882031440735
15834 28 0.9148412942886353
80290 28 0.9146755337715149
16785 29 0.9140087962150574
63621 28 0.9136722087860107
71396 29 0.9133866429328918
22278 48 0.9104543924331665
91856 28 0.908065676689148
11330 48 0.9055266976356506
36557 28 0.905454158782959
56534 28 0.9053723216056824
83766 28 0.9046733379364014
19686 28 0.9043772220611572
17486 29 0.9016458988189697
11368 48 0.8999950289726257
79826 48 0.899815559387207
37185 48 0.8997495770454407
69911 29 0.8997066020965576
11473 48 0.8972237706184387
29414 48 0.8966504335403442
56325 28 0.8940105438232422
17406 28 0.8931804895401001
65377 48 0.892765998840332
37218 48 0.8905720710754395
74281 48 0.88751620054245
13406 36 0.886957585811615
47970 28 0.8868049383163452
30354 28 0.8849712610244751
37605 48 0.8831073045730591
10995 28 0.8826603293418884
59226 48 0.88227379322052
75131 48 0.8822364211082458
37799 48 0.8804211020469666
37195 48 0.8800605535507202
74296 48 0.8798800110816956
18537 28 0.8796609044075012
29577 48 0.8779634237289429
48144 29 0.8762279748916626
62605 28 0.8759472966194153
75627 48 0.8752021789550781
72347 28 0.8735421895980835
86019 29 0.8719061017036438
47958 28 0.8711303472518921
52747 28 0.8704796433448792
11609 48 0.8696164488792419
77038 48 0.8673806190490723
20534 29 0.8673168420791626
26316 29 0.867123544216156
75270 48 0.8656867742538452
54236 48 0.8639823794364929
80518 48 0.8638269305229187
64116 28 0.8633930087089539
34615 28 0.8631276488304138
55038 28 0.8627291321754456
30874 48 0.8620460629463196
34594 29 0.861657440662384
29622 48 0.8607044219970703
11664 48 0.859747588634491
24864 28 0.8582824468612671
54329 28 0.8578870296478271
6881 28 0.8563529849052429
54112 48 0.8559767603874207
1644 48 0.8550652861595154
74280 48 0.853775143623352
27362 28 0.8512633442878723
1645 48 0.8502009510993958
75080 28 0.8497559428215027
31704 36 0.8490327000617981
26802 28 0.8484869003295898
21633 48 0.848158597946167
59520 48 0.8469251394271851
16292 28 0.8458417057991028
46075 28 0.8456042408943176
534 28 0.8453880548477173
36996 48 0.8448604941368103
25309 28 0.8448445796966553
60635 28 0.8438060879707336
59771 48 0.8435641527175903
19728 29 0.8434637784957886
74171 48 0.8425979614257812
31100 48 0.8413856029510498
15603 48 0.8409956097602844
62842 48 0.8408695459365845
74743 28 0.8408328890800476
11724 48 0.840000569820404
60181 48 0.8395271897315979
1493 24 0.8386180400848389
50688 28 0.8376163244247437
59728 48 0.8365123867988586
52952 28 0.834456205368042
27781 28 0.8340747356414795
57420 24 0.8333409428596497
65167 29 0.8319882154464722
3284 48 0.8317752480506897
72285 28 0.8315136432647705
52885 48 0.8312034010887146
29648 48 0.8303853273391724
58299 28 0.829666256904602
21367 28 0.8286741375923157
65509 28 0.8286293745040894
51923 48 0.8283093571662903
62788 48 0.8278517723083496
48315 29 0.8277707695960999
84840 48 0.8267872333526611
17389 28 0.8262173533439636
86548 28 0.8255935311317444
63724 29 0.8254759311676025
19221 28 0.8253867030143738
25723 28 0.824264407157898
65371 48 0.8240867257118225
36998 48 0.8238822817802429
30359 29 0.8234691023826599
74196 48 0.822815477848053
29199 28 0.8218425512313843
62012 28 0.821840226650238
9303 36 0.8206053376197815
41849 28 0.820456326007843
57092 28 0.8203949928283691
65430 48 0.8197579979896545
18483 28 0.8195280432701111
31066 48 0.8176144957542419
22441 29 0.8173733353614807
19149 28 0.8165509104728699
11947 36 0.8164734840393066
77468 28 0.8163219094276428
50560 48 0.8159046769142151
51280 28 0.8154380917549133
19223 29 0.8150999546051025
2707 24 0.814174473285675
51115 28 0.812573254108429
3496 28 0.8113009929656982
65525 28 0.8112199902534485
39537 29 0.8106421828269958
57796 28 0.8089647889137268
22252 48 0.807852029800415
59387 48 0.807842493057251
14494 28 0.8076920509338379
69860 28 0.806885302066803
37207 48 0.8059931397438049
45014 28 0.8054695725440979
62872 48 0.8046643137931824
57395 28 0.8043980002403259
85949 48 0.8027862906455994
56157 28 0.8021664023399353
15558 48 0.8015833497047424
72316 29 0.7997228503227234
8585 28 0.7994049787521362
38177 48 0.7991145849227905
65534 28 0.7977979183197021
38141 48 0.7967570424079895
24923 29 0.7957806587219238
67791 36 0.7952783703804016
79582 48 0.7950978875160217
11815 48 0.7942947745323181
32449 28 0.7939321994781494
92727 1 0.7938805818557739
4485 28 0.7934715151786804
48998 28 0.7933274507522583
28046 36 0.7927137017250061
56086 29 0.791854202747345
30298 28 0.7899115681648254
26200 28 0.7884105443954468
94701 1 0.7877987623214722
30914 28 0.7874016761779785
24468 29 0.7870763540267944
47057 24 0.786748468875885
11594 48 0.7861195802688599
30842 48 0.7856653332710266
11660 48 0.7849770188331604
67670 28 0.7840967178344727
62662 29 0.7839561104774475
45188 36 0.7830262780189514
16585 28 0.7826811671257019
23878 28 0.7822121381759644
48519 29 0.7819730639457703
77008 48 0.7815871238708496
33355 28 0.7813998460769653
61200 28 0.7807257771492004
63615 28 0.7803922295570374
79644 48 0.7800571918487549
33041 36 0.7799082398414612
83638 24 0.7789157032966614
73747 48 0.7757893800735474
48915 48 0.7755664587020874
46741 6 0.7729983329772949
11622 48 0.7728607058525085
55903 28 0.771623432636261
8628 36 0.7715425491333008
59682 48 0.7707834243774414
39097 28 0.7701430320739746
25758 29 0.7688309550285339
22065 48 0.7681059241294861
29422 48 0.7676848769187927
82400 48 0.767503023147583
11424 48 0.7657830715179443
38360 48 0.7650477886199951
67564 29 0.7646982073783875
18333 36 0.7633876204490662
76551 48 0.763006329536438
69230 28 0.762714147567749
54031 28 0.7622988820075989
41359 29 0.7621927857398987
83552 28 0.7611618638038635
39410 28 0.760918915271759
61962 28 0.7600633502006531
53243 36 0.7598480582237244
90169 36 0.7594687342643738
32617 28 0.7585902214050293
54156 48 0.7582870125770569
82802 29 0.7582435607910156
11513 48 0.7581283450126648
60322 48 0.7576897144317627
79350 29 0.7569658756256104
11808 48 0.7568361163139343
37835 28 0.7561931014060974
59508 48 0.7556040287017822
42029 36 0.7555862069129944
50496 48 0.752546489238739
7689 48 0.7523626685142517
11680 48 0.7518481612205505
37266 48 0.7513462901115417
15620 48 0.7510190010070801
65311 48 0.7508310675621033
59828 48 0.7503337860107422
20948 28 0.748104453086853
79770 48 0.7479633092880249
13926 28 0.7472847700119019
80135 28 0.7462098002433777
68402 48 0.7459396719932556
47125 28 0.7436341643333435
81183 48 0.7434800267219543
11318 48 0.7431755661964417
48903 48 0.7413557767868042
85574 24 0.741123378276825
36674 29 0.7406611442565918
2427 48 0.740447461605072
37173 48 0.7404380440711975
84618 28 0.7398794293403625
62597 28 0.7390715479850769
85598 28 0.7390625476837158
93530 28 0.7389326691627502
77645 28 0.7386560440063477
21384 29 0.7381293773651123
48924 48 0.7373120188713074
22193 48 0.7371221780776978
48203 28 0.7368888854980469
20675 28 0.7357087731361389
20899 28 0.7355350255966187
53911 48 0.7350640296936035
30469 28 0.7332851886749268
20693 28 0.7326899170875549
52369 48 0.7326777577400208
59391 48 0.7324927449226379
54249 48 0.7314692139625549
8918 28 0.7302354574203491
11692 48 0.7297607064247131
21166 36 0.7294514179229736
85208 29 0.729094386100769
54711 48 0.7290068864822388
58227 48 0.7282103896141052
38897 29 0.7278167605400085
83895 48 0.727100133895874
49418 28 0.7270963191986084
38630 48 0.7268791794776917
30363 29 0.7255024313926697
63865 28 0.7251549959182739
73225 36 0.7249489426612854
60516 28 0.7246120572090149
69080 28 0.7245211005210876
42453 48 0.7243009805679321
78631 48 0.7241560816764832
36406 28 0.7239617109298706
52911 29 0.7235663533210754
82862 28 0.7231465578079224
79642 48 0.7231430411338806
83707 28 0.7226802110671997
3799 28 0.7225301861763
18117 36 0.7221454977989197
6822 28 0.7208314538002014
39759 28 0.7202868461608887
54261 48 0.7200186252593994
50825 48 0.7186746597290039
58206 48 0.7179905772209167
65401 48 0.7179799675941467
59170 28 0.7179301381111145
82153 28 0.7170469164848328
55987 28 0.7162724137306213
26350 28 0.7151572108268738
79367 28 0.7143115401268005
33700 28 0.7128415107727051
18280 36 0.7126168608665466
30855 48 0.7122530937194824
63294 48 0.7115991115570068
73658 28 0.7110812664031982
48887 48 0.7110692858695984
37810 48 0.7103312611579895
15473 48 0.7100327610969543
68022 28 0.7100169062614441
2386 48 0.709775984287262
39516 28 0.7097513675689697
49562 24 0.7091158032417297
76745 28 0.70903480052948
31072 28 0.709034264087677
54530 28 0.7090022563934326
28197 28 0.708494246006012
60033 6 0.7074821591377258
56174 29 0.705106258392334
15580 48 0.7050853371620178
22241 48 0.7046870589256287
84726 24 0.7024588584899902
52669 28 0.7020969390869141
91279 29 0.7018653154373169
11334 48 0.7018351554870605
62857 48 0.7017001509666443
75196 36 0.7007251381874084
45246 36 0.700585663318634
4068 28 0.6997809410095215
34847 29 0.6995899677276611
79659 48 0.6994543075561523
14266 28 0.6990848779678345
80555 48 0.6989906430244446
66674 48 0.6989791393280029
74094 28 0.6985229253768921
11179 48 0.6982337236404419
64114 28 0.6967758536338806
1399 24 0.696340024471283
69365 28 0.6951269507408142
18344 36 0.6942825317382812
32816 29 0.6936843991279602
59272 48 0.6928862929344177
14053 28 0.6912331581115723
30263 24 0.6905543208122253
52783 28 0.6899088621139526
50098 28 0.6895899772644043
31098 48 0.6891388893127441
65480 48 0.6889231204986572
54302 48 0.6888831853866577
11278 48 0.6888034343719482
12399 48 0.6887136697769165
54814 48 0.6886470913887024
10085 28 0.6881948113441467
76409 48 0.6876224279403687
11743 48 0.6862654685974121
82589 1 0.6853134632110596
15574 48 0.6852473020553589
56621 29 0.6835267543792725
21825 24 0.6834465861320496
39673 36 0.6827689409255981
37220 49 0.681801438331604
65307 48 0.6811972260475159
53309 29 0.6807557344436646
54227 48 0.6800346374511719
14200 28 0.6794848442077637
7028 28 0.679203450679779
73198 36 0.6791346669197083
49353 48 0.6776355504989624
6589 36 0.6770501136779785
84317 48 0.6769902110099792
81086 36 0.6761537194252014
15562 48 0.6760303378105164
33358 36 0.6758697032928467
20385 48 0.6751716732978821
85279 28 0.6746290922164917
45200 36 0.6745931506156921
70001 28 0.6739842295646667
67608 24 0.6739402413368225
34563 28 0.6738682389259338
54934 36 0.6733533143997192
72618 24 0.6730908155441284
78203 28 0.6727244257926941
10507 48 0.6722510457038879
85996 28 0.6717033982276917
52588 48 0.6703482866287231
54169 48 0.6696502566337585
75068 28 0.669597327709198
22145 48 0.6694875359535217
94712 48 0.6685535311698914
66614 48 0.667973518371582
2741 28 0.667807400226593
74425 36 0.6672356724739075
78787 48 0.6666415929794312
10385 29 0.6662208437919617
7032 36 0.666094183921814
49009 29 0.6651582717895508
39481 28 0.6645599007606506
2370 48 0.6624814867973328
73234 36 0.6614996194839478
59857 48 0.6601764559745789
73029 28 0.6599903702735901
41594 29 0.6598286628723145
51279 28 0.6588205099105835
14007 28 0.6568016409873962
6129 48 0.656705915927887
76264 28 0.6556592583656311
37719 48 0.6551380753517151
37595 48 0.6543970704078674
59839 48 0.6542434692382812
67540 28 0.6535433530807495
33181 28 0.6529499292373657
24463 29 0.6525315046310425
50813 48 0.6523277163505554
39313 28 0.6522025465965271
37080 48 0.6517353057861328
18094 36 0.6516247391700745
16706 48 0.6511135101318359
57534 28 0.6509462594985962
37712 48 0.6500876545906067
37238 48 0.6497894525527954
48907 48 0.6493305563926697
77039 48 0.6491502523422241
27105 28 0.6489901542663574
2850 28 0.6482220888137817
77649 28 0.6475353240966797
36876 28 0.6466954946517944
50469 48 0.6462734937667847
11450 48 0.6461229920387268
88069 24 0.6455754041671753
24993 29 0.6454565525054932
58344 48 0.6453389525413513
26816 28 0.6446412801742554
48566 36 0.6444529294967651
2469 48 0.6443900465965271
73685 28 0.6440161466598511
78188 28 0.6432459354400635
28472 28 0.6432135701179504
45207 36 0.6428015828132629
87732 28 0.642581582069397
30936 48 0.6424207091331482
18351 36 0.6417170763015747
73528 28 0.6412310004234314
30518 28 0.6412009596824646
50559 48 0.6407083868980408
22178 48 0.6403433084487915
5735 36 0.6398462057113647
88136 36 0.6395241022109985
83995 48 0.6386040449142456
73499 28 0.6377809643745422
78066 24 0.6361528635025024
39784 28 0.6352753043174744
52458 28 0.6350823044776917
65515 28 0.6342990398406982
88111 36 0.6341491341590881
58089 28 0.6340624094009399
11348 48 0.6334182620048523
80640 28 0.6328710317611694
47562 48 0.6328555345535278
7031 36 0.632851779460907
21438 28 0.6323720216751099
75460 48 0.6322728395462036
68592 28 0.6300545334815979
50354 28 0.6298437118530273
30358 28 0.6293995976448059
68525 28 0.6283429861068726
37204 28 0.6277261972427368
13095 36 0.6276723146438599
17463 28 0.626015841960907
38612 48 0.6256579160690308
72624 28 0.6245900392532349
13463 6 0.6244840621948242
74013 36 0.6244290471076965
27464 28 0.6242466568946838
70002 36 0.6233900785446167
63753 28 0.622006893157959
68856 24 0.6219001412391663
79699 48 0.6218830943107605
79508 48 0.62149578332901
77751 36 0.6209736466407776
87116 28 0.6209575533866882
87634 48 0.6208813190460205
15450 48 0.6204997301101685
11950 28 0.6203762292861938
37796 48 0.6201363205909729
35071 28 0.6198570728302002
65457 48 0.6193405389785767
17209 28 0.6188919544219971
18063 36 0.6187304854393005
37553 29 0.6185451745986938
11485 48 0.6181133985519409
15419 48 0.6180647015571594
21732 29 0.6171318888664246
51897 48 0.6170106530189514
56749 48 0.6168173551559448
37722 48 0.6163867712020874
21221 28 0.6162126064300537
36107 28 0.6161571741104126
86079 36 0.6159149408340454
64958 29 0.6159104704856873
4967 29 0.6158388257026672
37599 48 0.6156993508338928
18120 36 0.6149028539657593
22758 24 0.6144246459007263
65491 48 0.6143869161605835
35734 28 0.6140004992485046
12073 28 0.6129674315452576
64249 36 0.6129601001739502
11341 48 0.6125905513763428
15469 48 0.6101945042610168
19102 1 0.6088618636131287
58244 48 0.6087788343429565
37351 48 0.6086786389350891
15551 48 0.6083472371101379
84789 48 0.6071051359176636
52802 28 0.6060471534729004
57601 28 0.6055206656455994
59868 48 0.6053929328918457
65312 48 0.6028143167495728
59305 48 0.6025955677032471
53392 29 0.6019697785377502
68608 36 0.6014918088912964
39071 28 0.6014342904090881
68825 28 0.6013937592506409
11457 48 0.6013689637184143
50927 29 0.6011866927146912
55187 28 0.6009342074394226
64966 28 0.6008309125900269
22087 48 0.6001652479171753
8736 29 0.5999013781547546
79225 28 0.5992506146430969
15406 48 0.5987085700035095
39533 28 0.5978464484214783
29597 48 0.5975491404533386
18509 29 0.5972039699554443
77652 36 0.5970519185066223
84848 28 0.596193790435791
73217 36 0.5961682200431824
44723 28 0.5954986810684204
39555 23 0.5952560901641846
36661 36 0.594963550567627
53676 36 0.5948226451873779
48274 28 0.5943922996520996
69724 28 0.5940991044044495
37738 48 0.5939739346504211
61946 36 0.593409538269043
38676 28 0.5932106375694275
59363 28 0.5930606722831726
28296 29 0.5930455923080444
47687 36 0.5927797555923462
42030 36 0.592738687992096
29226 36 0.5926503539085388
37733 48 0.592259407043457
19153 28 0.5919366478919983
27314 28 0.5909807682037354
72079 36 0.5904512405395508
29624 48 0.5892354249954224
51728 29 0.5888803601264954
62606 28 0.5888767838478088
15881 36 0.5887577533721924
4493 29 0.5883209705352783
36202 6 0.5878031253814697
12200 48 0.5864283442497253
41952 28 0.5858479738235474
34496 36 0.5851929783821106
64038 28 0.5847615003585815
79838 48 0.5847052931785583
87946 28 0.5846624374389648
53403 48 0.5846583843231201
73416 28 0.5845982432365417
52863 48 0.5845178365707397
77028 48 0.5844953656196594
17966 24 0.5841600894927979
68827 36 0.5836130380630493
37723 48 0.5834862589836121
6547 28 0.583472490310669
58788 28 0.583202064037323
52439 48 0.5829617977142334
81750 28 0.5825443863868713
27009 36 0.5825161337852478
67223 28 0.5824191570281982
57735 28 0.5823110342025757
31116 48 0.5821618437767029
54283 48 0.5820913314819336
18302 36 0.5818866491317749
63866 28 0.5818102955818176
75497 48 0.5815505385398865
75323 48 0.5806270837783813
48036 48 0.5800344944000244
36790 28 0.5800113081932068
5213 28 0.5798748135566711
37176 48 0.5797213315963745
21994 48 0.5794956684112549
64381 24 0.5792076587677002
62507 36 0.5784303545951843
64544 24 0.5782658457756042
87639 48 0.5782345533370972
75095 48 0.5782160758972168
77689 28 0.5772236585617065
15414 48 0.576674222946167
17004 28 0.5764271020889282
67043 6 0.5762532353401184
3752 28 0.575964093208313
37754 48 0.5751533508300781
17215 36 0.575139582157135
22413 48 0.5742627382278442
11591 48 0.572358250617981
30251 28 0.5723325610160828
28385 36 0.5718351602554321
75635 48 0.5717430114746094
69536 36 0.5713414549827576
7698 48 0.5699069499969482
19028 29 0.5698615908622742
77732 24 0.5695008039474487
52382 48 0.5693590044975281
18149 28 0.5693559646606445
26348 36 0.5688220262527466
56970 29 0.5686699748039246
77882 28 0.5679324865341187
41669 28 0.5676949620246887
57188 28 0.5671020150184631
24948 48 0.5662195682525635
71772 28 0.5661749839782715
30362 29 0.5661506652832031
42005 36 0.5660483837127686
73205 36 0.5652927756309509
29896 36 0.5640383958816528
36217 28 0.5629934668540955
67497 28 0.5618035197257996
27676 36 0.5616555213928223
76434 48 0.5612773299217224
67150 28 0.56056809425354
3790 36 0.5604224801063538
25295 28 0.5594373941421509
58113 28 0.559405505657196
24585 6 0.5593200922012329
4665 28 0.5590463876724243
9661 28 0.5589388012886047
44507 48 0.5584432482719421
80025 36 0.5580146312713623
80308 36 0.5575006604194641
26097 28 0.5571318864822388
33324 1 0.5565938353538513
3795 36 0.5564063191413879
85002 48 0.5557599067687988
29821 29 0.5554859042167664
60428 28 0.5551959872245789
53396 36 0.5548966526985168
72041 36 0.5545562505722046
79596 28 0.554456353187561
69463 36 0.5541813969612122
81312 48 0.5541422963142395
74762 36 0.5532509088516235
67565 29 0.5527048110961914
32650 28 0.5522769093513489
50843 48 0.552057147026062
42942 48 0.551999032497406
72049 28 0.5518041849136353
86196 28 0.5515059232711792
89597 48 0.551412045955658
32596 29 0.5512332916259766
18064 36 0.5511497259140015
35881 24 0.5499359965324402
38880 29 0.5491454601287842
93018 36 0.5491266846656799
79821 48 0.5481950044631958
52870 48 0.548037052154541
59177 28 0.5473701357841492
48797 48 0.547190248966217
7501 48 0.5469210743904114
80771 1 0.5456447005271912
13294 28 0.5455664396286011
82686 28 0.5454803109169006
66624 48 0.5451878309249878
79450 48 0.5451429486274719
37167 48 0.544693112373352
11494 48 0.5445829033851624
57257 36 0.5445252656936646
34760 28 0.5443514585494995
60071 6 0.544051468372345
32889 28 0.5440478324890137
75600 49 0.5439301133155823
87717 29 0.5428478717803955
67775 6 0.5422201156616211
37927 48 0.542094349861145
69232 6 0.5417592525482178
30795 48 0.540518045425415
84402 28 0.5404096841812134
43712 36 0.5401963591575623
6531 28 0.5401085615158081
29504 48 0.5400044918060303
62260 28 0.5399149060249329
68579 24 0.5391784310340881
60583 28 0.5389881134033203
35311 48 0.5389021039009094
5731 28 0.5382540225982666
4151 28 0.5381096601486206
57219 28 0.5379829406738281
52898 48 0.5377044081687927
39104 28 0.5375404357910156
47607 28 0.5371913313865662
33814 29 0.5370652675628662
26093 28 0.5363008975982666
11643 48 0.53606778383255
77635 28 0.5355638861656189
76110 36 0.5355110168457031
73923 29 0.5349283814430237
50482 48 0.534497857093811
29196 28 0.5342416167259216
95572 28 0.5334128141403198
71181 36 0.5331192016601562
52888 28 0.5329169631004333
92461 28 0.5328226089477539
16861 36 0.5324767827987671
29506 48 0.5324258804321289
91400 29 0.532313346862793
11606 48 0.5320068001747131
15397 48 0.5319052934646606
2667 48 0.5318445563316345
36997 48 0.5314862728118896
46405 1 0.5304283499717712
55889 48 0.5303406119346619
55077 36 0.5296837687492371
56155 36 0.5294076204299927
55936 48 0.529154360294342
30468 28 0.5288417339324951
71590 48 0.5287719964981079
51984 48 0.5285964012145996
67905 28 0.5284385681152344
17268 28 0.5281431078910828
75580 49 0.5278475880622864
23226 28 0.5277290940284729
88209 48 0.527353048324585
81515 28 0.5273104310035706
4462 36 0.5270063281059265
62674 36 0.526485800743103
15411 48 0.5264691710472107
85969 48 0.5260966420173645
74308 24 0.5260165929794312
3841 28 0.5252434015274048
94426 48 0.5252349376678467
31174 28 0.5251809358596802
29317 28 0.5251457691192627
41298 24 0.524791419506073
35860 28 0.5238934755325317
1988 28 0.5238583087921143
25030 28 0.5237134099006653
16258 28 0.52327960729599
59384 48 0.5232345461845398
94414 48 0.5221407413482666
17528 28 0.5218667387962341
61704 29 0.5217458605766296
73249 28 0.5212439894676208
29858 29 0.5211424231529236
37431 48 0.5207230448722839
4682 28 0.5201147198677063
65482 48 0.5200375318527222
26539 28 0.519035279750824
87163 29 0.5186334252357483
82197 28 0.518303394317627
24004 28 0.5181645750999451
70373 28 0.5180345177650452
6335 48 0.5173403024673462
47141 28 0.5170679688453674
38510 36 0.5168495774269104
39567 28 0.5165157318115234
42027 28 0.5163021087646484
64106 29 0.5162559151649475
45121 36 0.5160966515541077
55330 28 0.5159909725189209
16801 36 0.5159627199172974
60250 48 0.5148565769195557
53328 48 0.5147595405578613
91380 28 0.5146778225898743
33359 36 0.5145934820175171
22339 48 0.5141012072563171
45183 36 0.5136488676071167
12781 28 0.5133626461029053
20466 28 0.5131335854530334
79339 28 0.5127562880516052
35669 29 0.5126491785049438
77662 29 0.5119221806526184
27345 36 0.5114943385124207
65410 48 0.5110776424407959
11725 48 0.5108917355537415
11356 48 0.5105953812599182
11470 48 0.5105004906654358
34494 28 0.5103846192359924
13507 28 0.510294497013092
71634 48 0.5099707841873169
6520 28 0.5093860030174255
59658 48 0.5093827843666077
63876 29 0.5093387365341187
85768 28 0.5093161463737488
18082 36 0.5091414451599121
6648 28 0.509127140045166
65723 48 0.5088307857513428
12328 6 0.5087128281593323
31806 28 0.5084161758422852
17824 28 0.5080296993255615
67390 36 0.5080000162124634
37141 24 0.5078529715538025
84923 48 0.5076286196708679
20962 36 0.5075168609619141
11408 48 0.5072296857833862
3808 36 0.5071549415588379
94778 48 0.507149875164032
53221 29 0.5070316195487976
16081 36 0.5059665441513062
20859 48 0.5058889985084534
59649 48 0.5057669878005981
21505 36 0.5057403445243835
80802 36 0.5049089193344116
2589 48 0.5048388838768005
51749 28 0.5048288106918335
29870 36 0.5047367811203003
27645 28 0.5045132040977478
38759 29 0.5038357973098755
93599 48 0.5037639141082764
52265 28 0.5035110712051392
91835 28 0.5023000240325928
59294 48 0.5022082924842834
89267 48 0.5020416378974915
11369 48 0.5017426609992981
57640 48 0.5014926791191101
50102 28 0.501481294631958
75592 48 0.5011208653450012
96450 28 0.5009499788284302
9263 28 0.5006868243217468
3674 48 0.500595211982727
44232 48 0.49999332427978516
19184 36 0.49990060925483704
53106 36 0.4991461932659149
34317 28 0.4988127648830414
17827 28 0.4987955689430237
66615 48 0.49837836623191833
37960 28 0.49769118428230286
33746 28 0.4975724518299103
71847 28 0.4975310266017914
25983 28 0.4974401593208313
70609 36 0.49727189540863037
18168 36 0.4972274601459503
33817 36 0.49683424830436707
56685 28 0.49673008918762207
36299 28 0.4965485632419586
51683 36 0.4965154230594635
68458 1 0.4960883557796478
79436 48 0.4952208399772644
41948 28 0.49513688683509827
79841 48 0.4950375258922577
67268 1 0.4945566654205322
58534 28 0.4943990409374237
82817 28 0.4936988055706024
31273 36 0.4934828281402588
51895 48 0.49339544773101807
63411 28 0.49337416887283325
77937 28 0.49320539832115173
28833 28 0.49210748076438904
37002 48 0.4909324645996094
86363 24 0.49061793088912964
61354 28 0.4895336329936981
26444 36 0.48818057775497437
30790 48 0.48772314190864563
38916 29 0.4874584972858429
74556 36 0.48736125230789185
79765 48 0.4873240888118744
21668 36 0.4869239032268524
79636 48 0.4867624044418335
19441 36 0.48604878783226013
46734 36 0.4851306080818176
77988 36 0.48362839221954346
84829 48 0.4831870198249817
18076 36 0.4822758734226227
55062 36 0.48207277059555054
37438 48 0.4807470440864563
74243 48 0.4804469048976898
34421 29 0.47926774621009827
19627 28 0.47923511266708374
75722 36 0.47897690534591675
73424 36 0.47820979356765747
3825 36 0.4776826500892639
20343 29 0.477020800113678
37354 48 0.47694501280784607
27117 36 0.47665783762931824
55376 8 0.4740292727947235
17866 28 0.47313207387924194
47774 36 0.4724772572517395
7504 1 0.4723779857158661
37166 48 0.4721638858318329
79588 48 0.47202301025390625
38474 36 0.46974286437034607
15954 28 0.46959927678108215
82788 28 0.4690576493740082
528 1 0.46718430519104004
20518 36 0.46660277247428894
75602 48 0.4661710858345032
31137 36 0.46562904119491577
25373 36 0.4636784493923187
2003 36 0.46186065673828125
34121 6 0.45980167388916016
79678 48 0.4596996307373047
53207 36 0.45859256386756897
52474 36 0.4577491879463196
32992 36 0.4577432870864868
27437 36 0.45765289664268494
51700 36 0.45538175106048584
71766 49 0.4544510841369629
41484 36 0.4544048011302948
71476 28 0.45427635312080383
36979 48 0.4537316560745239
74563 36 0.45356687903404236
71751 48 0.4535365700721741
17473 28 0.4501815438270569
67048 36 0.4497593343257904
75500 48 0.449272096157074
15996 28 0.4485993981361389
59496 28 0.44713932275772095
33052 36 0.4467571973800659
33744 36 0.4405286908149719
48526 24 0.4398900866508484
79760 48 0.4396752417087555
59144 36 0.4391241669654846
64236 36 0.4381254315376282
73262 36 0.4365841746330261
79776 47 0.43471643328666687
37444 48 0.4335392415523529
68682 36 0.4325847029685974
57443 36 0.4275672137737274
62242 36 0.4274790287017822
27702 36 0.4270961284637451
25049 36 0.4267139732837677
36247 36 0.42607438564300537
59414 49 0.4257766008377075
2101 36 0.4253145456314087
86386 28 0.42234382033348083
26756 36 0.42231154441833496
34599 28 0.4198613166809082
16086 36 0.41962262988090515
55134 36 0.41956663131713867
18868 36 0.41824212670326233
67116 36 0.4157339930534363
13100 36 0.4141969084739685
43008 24 0.41274479031562805
52482 48 0.41166505217552185
68179 36 0.4108896851539612
56978 36 0.4101991653442383
36732 36 0.4101109504699707
83329 28 0.41009095311164856
79800 48 0.4074399769306183
19711 36 0.407214879989624
60199 48 0.4045684039592743
13025 36 0.40224331617355347
29030 36 0.4013684093952179
75839 36 0.39706718921661377
7081 6 0.39577579498291016
74747 36 0.39577534794807434
74274 48 0.3950718641281128
74096 6 0.39295318722724915
16134 1 0.3889501690864563
59347 49 0.388647198677063
72440 28 0.3801063597202301
62283 36 0.378980815410614
79887 29 0.3788560628890991
138 36 0.3772488236427307
75469 48 0.37524285912513733
71434 24 0.372531920671463
30650 36 0.37250757217407227
13452 36 0.36835452914237976
17971 36 0.3671783208847046
22451 29 0.3599362373352051
17950 36 0.3591926097869873
69973 29 0.3569581210613251
77347 9 0.3539659380912781
75595 49 0.3462248742580414
21527 36 0.3388061225414276
24987 8 0.3367198407649994
37125 48 0.33488014340400696
28445 8 0.3308529853820801
32783 36 0.3303035497665405
23227 36 0.32942038774490356
79459 48 0.3265019357204437
19219 36 0.3161616325378418
47121 36 0.3057476282119751
59468 24 0.2930856943130493
71339 1 0.27818402647972107
76226 9 0.2554157078266144
