36052 1 0.9957128763198853
26790 1 0.9955446124076843
65238 1 0.9949238896369934
87308 1 0.9941708445549011
49832 1 0.993296205997467
5356 1 0.9930368065834045
27691 1 0.9929475784301758
68642 1 0.9920921325683594
57243 1 0.991650402545929
40502 1 0.9903721809387207
89667 1 0.9902775883674622
5475 1 0.9880578517913818
25772 1 0.9878948330879211
64040 1 0.9872884750366211
84797 1 0.9849648475646973
86818 1 0.984580934047699
15302 1 0.9829598665237427
16049 1 0.9827172160148621
27028 1 0.9822079539299011
634 1 0.9816454648971558
44020 1 0.98069828748703
43256 1 0.980201780796051
22177 4 0.979768693447113
76497 1 0.9794178605079651
11801 4 0.978518009185791
5661 1 0.9781840443611145
33696 1 0.9773352146148682
76245 1 0.9766923189163208
50965 1 0.9764242172241211
41233 1 0.9757301807403564
5011 1 0.9751371741294861
44676 1 0.9745650887489319
82408 4 0.9738419055938721
84875 1 0.9734739661216736
26497 1 0.9727662801742554
26715 1 0.9719789624214172
6049 1 0.9715937376022339
841 1 0.9710509181022644
58548 1 0.9709725975990295
8680 1 0.9709498882293701
23701 1 0.97084641456604
23399 1 0.9704297184944153
49084 1 0.9702590107917786
36888 1 0.9695990085601807
12557 1 0.9689638614654541
25872 1 0.9688966274261475
10306 4 0.9685408473014832
10162 1 0.96827232837677
90607 1 0.9681274890899658
34090 1 0.9677714109420776
14082 4 0.9676914811134338
10153 1 0.9661281704902649
56049 1 0.965457558631897
50485 1 0.9653276205062866
50190 1 0.9642826318740845
59721 1 0.9637371301651001
4679 1 0.9636515378952026
2364 1 0.9628986120223999
4930 1 0.9602445363998413
91210 1 0.9595785737037659
7243 1 0.9591914415359497
432 1 0.9590622782707214
3527 1 0.958368718624115
60726 1 0.9580674767494202
60803 1 0.958053708076477
31081 1 0.9576927423477173
420 1 0.9560176134109497
8692 1 0.9559370875358582
325 1 0.9555280208587646
76717 1 0.9543135762214661
22247 1 0.9538068175315857
28799 1 0.9532222151756287
15614 1 0.9526036977767944
55668 1 0.9524106383323669
21197 1 0.9524008631706238
82160 4 0.9519144296646118
63167 1 0.9516012668609619
7977 1 0.9499039053916931
28520 1 0.9498454928398132
12463 1 0.9490752220153809
53396 1 0.9481949806213379
22239 1 0.9473830461502075
20917 1 0.9472566843032837
5384 1 0.9468976855278015
42531 1 0.9458640217781067
79503 4 0.9457380175590515
78322 1 0.9444281458854675
42424 1 0.943874716758728
7750 1 0.9417133927345276
18571 1 0.9416747093200684
61250 1 0.941502034664154
83806 4 0.9395112991333008
15916 1 0.9390866160392761
28217 1 0.9381030201911926
6837 1 0.9378722310066223
13611 1 0.9369046688079834
84730 1 0.9362263679504395
30298 1 0.935897171497345
73947 1 0.9347954988479614
47024 1 0.9342244863510132
38955 1 0.9341826438903809
89337 4 0.9340234994888306
58500 1 0.933873176574707
1244 4 0.9336990118026733
55446 1 0.9328832030296326
66010 1 0.9327588081359863
55623 4 0.9327001571655273
13538 1 0.9326736927032471
84960 4 0.9320893883705139
4331 1 0.9311386942863464
8960 1 0.9307302236557007
66282 1 0.9305779337882996
50546 4 0.9297173619270325
62098 4 0.9291334748268127
33904 1 0.9278229475021362
10397 4 0.9270164370536804
11882 1 0.9267804622650146
642 1 0.9245415925979614
1321 4 0.9240865111351013
78824 1 0.9230909943580627
12190 4 0.9226483702659607
4526 4 0.9223365187644958
85006 4 0.9223076701164246
18860 1 0.9218904972076416
66591 1 0.9210165739059448
19175 4 0.9202498197555542
29398 4 0.9202415347099304
60218 1 0.9194207191467285
42594 1 0.9190477132797241
49161 1 0.9185635447502136
46201 1 0.9184167385101318
10509 4 0.9182236194610596
35410 1 0.9177981615066528
75798 1 0.9173669815063477
66779 1 0.9143048524856567
43041 1 0.9132833480834961
37761 1 0.9132568836212158
62578 1 0.9114509224891663
49876 1 0.9099875092506409
8518 4 0.9090739488601685
40540 1 0.9044572710990906
55134 1 0.9042993187904358
46526 1 0.9042761325836182
74249 4 0.9036787748336792
88938 1 0.9034743905067444
4841 1 0.9026827216148376
29148 1 0.8991016745567322
54051 1 0.8981249928474426
51784 1 0.8979231119155884
35032 4 0.8978560566902161
62554 1 0.8972566723823547
7935 1 0.8969177603721619
76490 1 0.8968302011489868
45966 1 0.8942403793334961
45848 1 0.8942226767539978
12810 1 0.8938828706741333
13624 1 0.8933457732200623
16984 1 0.8930073380470276
56891 1 0.8923742771148682
32044 1 0.8920402526855469
70388 4 0.8911826610565186
269 1 0.890660285949707
3160 1 0.8900271058082581
52262 4 0.8896350264549255
38227 1 0.8888159990310669
17774 1 0.8881207704544067
77209 1 0.8880608081817627
86815 1 0.8857795596122742
50 4 0.8856437802314758
62181 4 0.8854008316993713
30194 1 0.8850200176239014
2467 1 0.8846814632415771
57739 1 0.883550226688385
1958 1 0.8834555149078369
88844 4 0.8831589818000793
16153 1 0.8824769854545593
65577 4 0.8805223703384399
88606 4 0.8791913986206055
15533 1 0.8788300156593323
50266 1 0.8769320845603943
5687 1 0.8763113617897034
84940 1 0.8760645389556885
53230 1 0.8752566576004028
43077 1 0.874783992767334
51715 1 0.8731430172920227
89177 1 0.8730480670928955
21503 1 0.8728410005569458
44019 1 0.8727625012397766
64013 1 0.8727618455886841
12543 1 0.8717482089996338
59280 1 0.8701710104942322
50492 1 0.8701522350311279
52353 1 0.8695139288902283
17440 1 0.8687964081764221
2356 1 0.8686888217926025
46779 1 0.8671525120735168
31624 1 0.8665555715560913
22620 1 0.8664173483848572
59841 1 0.8660975694656372
10038 1 0.8657896518707275
36731 1 0.8648084402084351
20713 1 0.8640369176864624
74524 1 0.8632389903068542
11143 1 0.8627617955207825
52583 1 0.8626512289047241
66711 1 0.860855758190155
66772 4 0.8603999614715576
67394 1 0.8598068356513977
64546 1 0.8596198558807373
35938 1 0.8579800128936768
12314 4 0.8574661612510681
40156 1 0.8566961288452148
71962 1 0.8552809357643127
18769 1 0.8529667258262634
5558 1 0.8502964377403259
81777 1 0.8502069711685181
89443 1 0.8498671054840088
60763 4 0.8482792377471924
50133 1 0.8476621508598328
37178 4 0.8476149439811707
3706 1 0.8467594385147095
69181 1 0.8459720611572266
77992 1 0.8457357883453369
82299 1 0.8451066613197327
40405 1 0.8446517586708069
43464 4 0.8440550565719604
33605 4 0.8433670997619629
13919 1 0.843299150466919
46745 1 0.8430802226066589
58560 1 0.8415223956108093
9586 1 0.8409048914909363
38120 1 0.8391809463500977
38938 1 0.8383983373641968
23589 1 0.8375353813171387
66918 1 0.837268590927124
25688 4 0.8372591137886047
32906 1 0.836509644985199
9371 4 0.8363180756568909
83344 1 0.8348439335823059
34260 1 0.8334569931030273
78569 1 0.8330292701721191
40819 1 0.8324663043022156
34429 1 0.8310330510139465
63706 1 0.8305070400238037
27952 4 0.8299911618232727
88902 1 0.829766571521759
5700 1 0.8287990093231201
4265 1 0.8275187611579895
11462 1 0.8272428512573242
62572 1 0.8265685439109802
80969 1 0.8264128565788269
10036 1 0.8259820342063904
42812 4 0.8248098492622375
2204 1 0.8237177133560181
86133 1 0.8233523964881897
48908 1 0.822417140007019
51074 4 0.8221337199211121
80608 1 0.8217225670814514
55507 4 0.8214128613471985
55877 1 0.8211395144462585
2807 1 0.8187960386276245
50257 4 0.8187556862831116
49802 1 0.8187317848205566
60907 1 0.8186116814613342
73325 1 0.8185704946517944
44077 1 0.8178277611732483
3090 1 0.8172832131385803
64562 1 0.8167157173156738
25426 1 0.814605176448822
5523 1 0.814535915851593
12980 4 0.8133905529975891
1789 1 0.812867283821106
47349 1 0.8125717639923096
15959 1 0.81246417760849
47003 1 0.8112136721611023
19655 1 0.811002254486084
23861 4 0.8105741143226624
88115 1 0.8104948401451111
45577 1 0.8104483485221863
67751 4 0.8094809055328369
74998 4 0.8094090223312378
24100 4 0.8087650537490845
37347 1 0.8084104657173157
31204 1 0.8070048689842224
87885 1 0.8069607615470886
32660 1 0.8066149353981018
64789 1 0.8062867522239685
3042 4 0.8052435517311096
41049 1 0.8036991357803345
85928 1 0.8029406070709229
43623 1 0.800737202167511
16174 1 0.8006157875061035
80093 1 0.7996891736984253
22257 1 0.7990015149116516
37360 4 0.7984591722488403
33331 1 0.7970353960990906
5795 1 0.7964706420898438
4819 1 0.7963899374008179
2155 1 0.7955995798110962
51192 4 0.7952640056610107
1913 4 0.7952154874801636
51581 4 0.7945204377174377
41755 1 0.7920523285865784
55218 1 0.7908805012702942
47268 1 0.7908654808998108
20026 4 0.7908435463905334
73980 4 0.7894156575202942
68520 1 0.7890415787696838
34116 4 0.7886278629302979
1478 1 0.7884026169776917
10950 1 0.7883126139640808
18460 1 0.7872500419616699
91277 4 0.7871365547180176
72198 1 0.7870216369628906
61312 4 0.7866724133491516
47717 4 0.785948634147644
1610 4 0.7837727069854736
71969 1 0.7834439873695374
61802 1 0.7817884683609009
23699 1 0.7811935544013977
19469 1 0.7811099886894226
76861 1 0.780128002166748
51693 1 0.7796776294708252
11160 1 0.7793210744857788
65556 1 0.7786611318588257
54487 4 0.7766464948654175
89266 1 0.776485800743103
16301 1 0.773669421672821
48117 4 0.7726203203201294
81825 1 0.7718595266342163
88658 1 0.7691711783409119
81508 1 0.7667967677116394
62787 1 0.766550600528717
17501 1 0.7658149003982544
8715 4 0.7652764916419983
85153 1 0.7648952007293701
37173 4 0.7645090818405151
38887 1 0.7641715407371521
57463 1 0.7638294696807861
82521 1 0.763471245765686
2256 1 0.7633882761001587
16434 1 0.7608774900436401
9763 1 0.7592426538467407
19012 1 0.7582780122756958
6572 4 0.7567740082740784
15918 1 0.7537451982498169
10344 1 0.7532406449317932
22237 1 0.7498924136161804
31222 1 0.7496644258499146
40170 1 0.7486639022827148
28634 1 0.7482513785362244
47567 1 0.7474197745323181
84620 1 0.7459444403648376
79467 1 0.7433061003684998
67140 1 0.7428885102272034
65992 1 0.7422321438789368
70760 1 0.7421556115150452
52402 4 0.7418147921562195
68660 1 0.7415522933006287
26678 1 0.7414431571960449
10771 1 0.7411516904830933
57306 1 0.7411333322525024
12234 4 0.7408923506736755
15326 1 0.7408117651939392
29194 1 0.7406513690948486
51218 1 0.7405579686164856
80667 1 0.7404186725616455
60088 1 0.7380653023719788
29082 1 0.7369028925895691
42426 1 0.7360733151435852
50334 1 0.7351970076560974
47834 1 0.7349787950515747
55644 1 0.7347412109375
26753 1 0.7339856028556824
18976 1 0.733458399772644
87745 1 0.7324291467666626
56475 1 0.7299314737319946
38798 4 0.7286551594734192
5476 1 0.7273988127708435
76074 4 0.7252054810523987
63615 1 0.7236452698707581
62894 1 0.723199188709259
58159 4 0.7230136394500732
62824 1 0.7224582433700562
87910 4 0.7209815382957458
88914 4 0.7205600738525391
33385 1 0.7205459475517273
37928 1 0.7204076051712036
44730 1 0.7203370332717896
67503 1 0.7192872762680054
65964 4 0.7191066145896912
3203 1 0.7186914682388306
30371 1 0.7182947397232056
88 1 0.7158166170120239
76109 1 0.7155604362487793
29149 1 0.7149915099143982
86741 1 0.7143140435218811
10233 1 0.7135174870491028
16287 1 0.7132299542427063
23150 1 0.7131183743476868
900 1 0.7120751142501831
54468 1 0.7118497490882874
34553 1 0.711319088935852
21416 1 0.7104690670967102
83903 4 0.7104654908180237
13021 1 0.7094452977180481
41074 1 0.7066811919212341
34813 1 0.7058322429656982
21045 1 0.7057925462722778
28049 4 0.705672562122345
1882 1 0.7055848240852356
32110 4 0.703001081943512
50478 1 0.7027122974395752
54986 1 0.7021678686141968
36405 4 0.7018592953681946
46209 4 0.7005176544189453
1014 1 0.695224940776825
39382 4 0.6945149302482605
11368 4 0.6944410800933838
42425 1 0.6929656267166138
20283 4 0.6928287744522095
40127 4 0.692645251750946
566 1 0.6921430230140686
54255 1 0.6918655633926392
20697 1 0.6916570663452148
38400 1 0.6913500428199768
43610 1 0.6904226541519165
33309 1 0.6899096369743347
17143 1 0.6896474361419678
64289 1 0.689213216304779
30830 1 0.6885151267051697
81131 4 0.6881071925163269
8162 1 0.6878464818000793
17630 1 0.6867350339889526
15158 1 0.6858498454093933
49076 1 0.6857995390892029
45681 4 0.684457004070282
32316 1 0.6834304928779602
76088 1 0.6827027201652527
69751 1 0.6826117038726807
62198 1 0.6825439929962158
48719 4 0.6821276545524597
74755 1 0.6810938119888306
82508 4 0.6808066368103027
52350 1 0.6806641817092896
69258 1 0.6801462769508362
33782 1 0.6794136166572571
10429 4 0.6786133646965027
34792 1 0.6785897612571716
73632 1 0.6783812642097473
71245 4 0.6780463457107544
55755 1 0.6776736378669739
36918 1 0.6776636838912964
24514 1 0.6757685542106628
46392 1 0.6754511594772339
58547 1 0.6750332713127136
9187 1 0.6748232245445251
68313 2 0.6733382940292358
69393 1 0.6733075976371765
52415 1 0.6718515753746033
50349 1 0.6704594492912292
46994 1 0.6702998876571655
10035 1 0.668877899646759
28730 1 0.6679509878158569
62552 1 0.667667031288147
21052 1 0.66591876745224
55884 1 0.6654344201087952
1671 1 0.6653926372528076
75962 1 0.6646847724914551
742 1 0.6644942760467529
32650 1 0.6640337705612183
69264 1 0.6629303097724915
3507 1 0.662849485874176
83263 1 0.6624485850334167
43887 1 0.6618680357933044
29407 1 0.6594186425209045
58488 1 0.6594154238700867
32622 4 0.6593077778816223
33073 1 0.6575800180435181
60165 4 0.6570004820823669
3690 1 0.6568800210952759
55970 1 0.6540305614471436
19060 1 0.6533950567245483
44997 1 0.6520674228668213
77049 1 0.6495034694671631
65069 1 0.6493415236473083
42866 1 0.6492694020271301
69079 1 0.6486977934837341
62551 1 0.6481106281280518
15471 4 0.6476169228553772
68230 4 0.647085964679718
6710 1 0.646888017654419
35197 1 0.6443691849708557
4173 4 0.6442973613739014
74380 1 0.6434285044670105
60483 1 0.6433312296867371
68530 1 0.643088698387146
42532 1 0.6430075764656067
48689 1 0.6429966688156128
36505 1 0.6415714025497437
29271 1 0.6415045261383057
11803 4 0.6408581137657166
9556 4 0.6403928399085999
10508 4 0.6399628520011902
58748 1 0.6389700770378113
3427 1 0.6383622288703918
21921 1 0.6366263031959534
28460 1 0.6364239454269409
67750 4 0.6353297829627991
44109 1 0.6352865099906921
62379 4 0.6346051692962646
24752 1 0.6340873837471008
67138 1 0.6330311894416809
41789 1 0.6326428055763245
9041 1 0.6318973898887634
28650 1 0.6315533518791199
82159 4 0.6301289200782776
27578 1 0.6298046708106995
26511 1 0.6293895244598389
56663 1 0.6280032396316528
1281 1 0.6279582381248474
84977 1 0.626469612121582
37650 1 0.6252623200416565
57651 1 0.6252574920654297
10294 4 0.6251928210258484
679 1 0.6247153878211975
9948 1 0.6243587732315063
48181 4 0.6241121888160706
27041 1 0.6239306330680847
10427 2 0.6237585544586182
4391 2 0.6231932640075684
32671 1 0.6221420764923096
18972 4 0.6221110820770264
48372 4 0.6217926144599915
23898 1 0.6209725737571716
9370 1 0.6209710836410522
6243 1 0.6205217242240906
13257 1 0.6203660368919373
6496 1 0.619811475276947
62216 4 0.6193639039993286
42348 1 0.6185059547424316
56047 1 0.6178918480873108
4084 1 0.6176688075065613
69665 1 0.6172030568122864
64602 1 0.6168550252914429
1017 4 0.6165720820426941
84568 1 0.6136944890022278
50090 1 0.612907886505127
58825 1 0.6127732396125793
80530 4 0.6125444173812866
88783 1 0.6123781204223633
23800 1 0.6117300987243652
8105 1 0.6114873886108398
71281 1 0.6113513112068176
63110 1 0.611235499382019
62251 1 0.6110260486602783
61727 1 0.6105947494506836
49616 1 0.6098722219467163
11509 4 0.609795331954956
82175 4 0.609420895576477
58011 1 0.6090343594551086
74303 1 0.6088954210281372
40721 1 0.6088821887969971
62147 1 0.6075035929679871
9676 1 0.6072454452514648
20369 4 0.6065573692321777
19837 1 0.6064238548278809
31252 1 0.6063913702964783
30471 1 0.6059009432792664
37376 4 0.6055868268013
52618 1 0.605403482913971
66441 1 0.6049069762229919
17333 1 0.6036624312400818
22037 1 0.6019951701164246
63338 1 0.6015732288360596
90546 1 0.6014310717582703
48720 4 0.6010636687278748
1919 4 0.6001114249229431
63155 1 0.6000592708587646
33894 1 0.5998653173446655
69856 1 0.5995943546295166
10956 1 0.5985134243965149
62182 4 0.5968009829521179
13026 1 0.5960636734962463
48702 4 0.595682680606842
58954 4 0.5941784381866455
32840 1 0.5941696763038635
1175 1 0.593536913394928
47042 2 0.5934213399887085
55752 1 0.5933995246887207
46212 1 0.5933647155761719
43711 1 0.593345582485199
233 1 0.5921197533607483
10274 1 0.5913535952568054
88860 1 0.5908912420272827
7699 1 0.5905633568763733
67504 4 0.590270459651947
62667 1 0.589531660079956
83901 4 0.5894164443016052
44713 4 0.5891147255897522
62056 1 0.5885952711105347
53841 4 0.5884822010993958
480 1 0.5881119966506958
3668 1 0.5876524448394775
23278 1 0.5871685147285461
32649 2 0.5871293544769287
14742 1 0.5862696170806885
4297 1 0.5856192708015442
51754 1 0.5854360461235046
43202 1 0.5850679874420166
13705 1 0.5849756002426147
55481 1 0.5844327211380005
14089 1 0.5841261744499207
33107 1 0.5834386944770813
31175 4 0.5825337767601013
48791 4 0.581784188747406
20703 4 0.5816965103149414
62184 4 0.5814782977104187
44526 1 0.5802350044250488
20501 1 0.5801106095314026
28666 1 0.5795271396636963
44720 4 0.5793734192848206
90374 1 0.5790503025054932
30336 4 0.5778236985206604
83661 1 0.5765188932418823
2089 1 0.5761672854423523
6973 2 0.5748704671859741
44268 1 0.5741240978240967
46242 1 0.5739390254020691
505 4 0.5734988451004028
77568 4 0.5731639862060547
78189 4 0.57169508934021
11698 4 0.5709393620491028
33199 1 0.5707401037216187
9462 1 0.5697492957115173
46568 1 0.5694169402122498
69905 1 0.5687322020530701
63795 1 0.5687310099601746
83955 4 0.5686448216438293
4529 4 0.5684244632720947
6357 1 0.5673891305923462
66696 4 0.5671344995498657
81755 1 0.5664604902267456
49614 1 0.565636157989502
5885 1 0.5656297206878662
76946 1 0.5655034184455872
60382 1 0.565424382686615
45981 1 0.5643202662467957
61057 1 0.563841700553894
89943 1 0.5638369917869568
80157 1 0.5636485815048218
3856 4 0.563560962677002
4487 1 0.5624634027481079
82176 4 0.561306357383728
4064 1 0.5608393549919128
4537 1 0.5594495534896851
22583 1 0.5590513348579407
50947 1 0.5590431690216064
23852 1 0.5585551857948303
47860 1 0.5583228468894958
36616 1 0.5582078099250793
43502 1 0.5560301542282104
44445 1 0.5551643967628479
84822 1 0.5549666881561279
76958 4 0.5544270873069763
67993 1 0.5538324117660522
18170 1 0.5538190007209778
12657 1 0.5537096261978149
19747 1 0.5529963970184326
25611 1 0.5528473258018494
42415 1 0.5511664152145386
883 1 0.550991952419281
9327 4 0.5505411624908447
32460 1 0.550434410572052
75374 1 0.5501469969749451
46867 1 0.5500816106796265
54305 1 0.5496591329574585
43136 1 0.5481258630752563
32247 1 0.547221839427948
20310 4 0.5471073985099792
83783 1 0.5466692447662354
89015 1 0.5464189052581787
8315 1 0.545658528804779
68024 4 0.5436891913414001
80113 1 0.5433897376060486
29853 1 0.5420777201652527
32349 1 0.5412358045578003
21924 1 0.5405099391937256
34791 1 0.5400207042694092
19580 1 0.5397769808769226
18244 1 0.5370920300483704
2519 1 0.536560595035553
1185 1 0.5363232493400574
86011 4 0.5348889231681824
75683 4 0.5347619652748108
73009 4 0.5344355702400208
84964 4 0.5335124731063843
76496 1 0.5333094000816345
34209 1 0.5328868627548218
1178 1 0.5313616394996643
342 4 0.5313096642494202
32479 4 0.5311412215232849
5507 1 0.5310863256454468
45773 4 0.5310186743736267
44571 1 0.5308550596237183
25204 4 0.5298618078231812
18998 1 0.5269277691841125
58833 1 0.5267091393470764
51713 1 0.5258381962776184
1003 4 0.5252670049667358
87873 3 0.5249261856079102
56060 1 0.5242338180541992
55505 4 0.5241087079048157
88728 4 0.5234030485153198
23003 1 0.5212265849113464
27658 1 0.5210333466529846
28388 1 0.5202892422676086
12415 1 0.5200410485267639
81436 1 0.5199981331825256
10001 1 0.5195193290710449
91609 1 0.5194352865219116
58463 1 0.5177903771400452
57706 1 0.5173242688179016
45121 1 0.517038881778717
16534 1 0.5168502926826477
56290 1 0.5162440538406372
25135 4 0.5156410336494446
54548 1 0.515067458152771
56386 4 0.5148665904998779
81824 1 0.5137346386909485
74244 4 0.5136619210243225
76240 1 0.5136403441429138
28102 1 0.513469398021698
48688 1 0.5130146741867065
4095 1 0.5121160745620728
50967 1 0.5110427737236023
49274 1 0.5109981894493103
58062 1 0.5102184414863586
4632 1 0.5095723271369934
90375 1 0.5089235901832581
34601 1 0.5066971778869629
90475 1 0.5065838098526001
23594 1 0.5061904191970825
11203 4 0.5058658719062805
19757 1 0.5058197379112244
40390 4 0.5041162371635437
83284 1 0.5040729641914368
8294 4 0.5038536190986633
820 1 0.503591775894165
26305 3 0.5033121109008789
79685 1 0.5023652911186218
55741 1 0.5020124912261963
66753 1 0.5017975568771362
69254 1 0.5006363987922668
18652 1 0.5004568696022034
64020 2 0.5000225901603699
47708 4 0.4999047815799713
1872 1 0.49972203373908997
1020 1 0.49945133924484253
3108 1 0.49897029995918274
28330 1 0.4986598789691925
23869 4 0.4979788362979889
24513 1 0.49700313806533813
62683 1 0.49499183893203735
67683 1 0.49493804574012756
38208 1 0.4949283003807068
61513 1 0.49430984258651733
4536 4 0.49353229999542236
2700 4 0.492827832698822
74464 4 0.49202412366867065
11123 3 0.49184277653694153
61241 4 0.49142977595329285
16004 2 0.49091657996177673
31428 4 0.48764723539352417
17180 4 0.48641031980514526
35266 4 0.48497557640075684
81473 4 0.48089146614074707
46251 4 0.4758750796318054
67880 2 0.4740810990333557
13306 3 0.4735587239265442
26898 4 0.4716832935810089
56922 4 0.46908608078956604
62529 4 0.4679640829563141
25127 4 0.4668689966201782
56566 4 0.4650977551937103
1702 4 0.45862048864364624
23091 4 0.4584798514842987
64304 4 0.45813417434692383
2313 2 0.4576842486858368
68907 4 0.4515770971775055
7092 1 0.44707387685775757
65952 3 0.42962729930877686
6043 4 0.428401917219162
83984 2 0.42150238156318665
33979 4 0.4188089370727539
32651 4 0.4153328239917755
73434 2 0.40946435928344727
9814 1 0.4066762626171112
44223 3 0.40665480494499207
74793 2 0.4054560363292694
22176 4 0.4028850793838501
26143 2 0.3928667902946472
39582 3 0.3873133063316345
10823 4 0.37848538160324097
728 2 0.3670906126499176
57242 1 0.34498685598373413
58551 8 0.34435003995895386
67423 3 0.3441388010978699
68488 1 0.3088059425354004
41956 2 0.25497564673423767
57449 4 0.23283778131008148
