63621 28 0.9978078007698059
67953 28 0.9973215460777283
73076 28 0.9972695708274841
61067 28 0.9961382746696472
56325 28 0.995488703250885
52747 28 0.9954684972763062
36557 28 0.9947892427444458
30354 28 0.9942284822463989
67979 28 0.9940884113311768
34615 28 0.993575394153595
20963 28 0.9930627942085266
26205 29 0.9930136799812317
81360 29 0.9925326704978943
79219 28 0.9925110340118408
65525 28 0.9922010898590088
17293 28 0.9918224215507507
70001 28 0.9914871454238892
34427 28 0.9909411072731018
74743 28 0.9899139404296875
60583 28 0.989273726940155
3478 28 0.9892156720161438
52669 28 0.9891663193702698
16585 28 0.9877645373344421
3496 28 0.987600564956665
50386 29 0.9869034290313721
17209 28 0.986759603023529
36406 28 0.986555814743042
49418 28 0.9865259528160095
19221 28 0.9863567352294922
50688 28 0.9843987226486206
6881 28 0.9840162992477417
80290 28 0.9838521480560303
33355 28 0.9836413860321045
47958 28 0.9835906624794006
71396 29 0.9823801517486572
77468 28 0.9819781184196472
63615 28 0.9813986420631409
38440 28 0.9813905954360962
67879 29 0.9809773564338684
44556 29 0.9809282422065735
57534 28 0.980442464351654
32692 29 0.9801063537597656
58299 28 0.9798683524131775
27781 28 0.9796686768531799
79247 28 0.9794712662696838
77383 28 0.9790586829185486
69911 29 0.9789795875549316
27116 29 0.9785500764846802
20693 28 0.9783032536506653
62607 28 0.9778226017951965
36790 28 0.9767962694168091
37835 28 0.9754947423934937
62012 28 0.9750640988349915
17389 28 0.974453330039978
15325 28 0.9736031889915466
65515 28 0.973569393157959
65534 28 0.9732118248939514
45885 28 0.9728659987449646
7421 28 0.9727478623390198
21367 28 0.9726572036743164
30362 29 0.9713774919509888
91408 28 0.9711978435516357
26972 28 0.9711217284202576
48274 28 0.9710647463798523
65509 28 0.9699382781982422
41849 28 0.9698467254638672
20948 28 0.9697185158729553
80135 28 0.9693210124969482
62065 28 0.9691751003265381
84618 28 0.9690166115760803
67670 28 0.9690042734146118
69080 28 0.9684427976608276
19153 28 0.9683933854103088
30469 28 0.9681522250175476
26200 28 0.9680094122886658
26802 28 0.9676836729049683
63865 28 0.9665204882621765
77038 48 0.9661735892295837
32524 28 0.9651605486869812
61200 28 0.9651218056678772
69330 29 0.9646360278129578
58788 28 0.9644520282745361
32681 29 0.9641340970993042
534 28 0.9640840291976929
14266 28 0.9628611207008362
18537 28 0.9626995921134949
32650 28 0.9620923399925232
73685 28 0.961845338344574
7028 28 0.9613696932792664
83766 28 0.9611135721206665
60635 28 0.9604913592338562
19149 28 0.9599490761756897
69230 28 0.9588471055030823
64116 28 0.9581934213638306
56157 28 0.9580982327461243
46704 28 0.9580320119857788
54031 28 0.9580309391021729
67100 28 0.9577503800392151
63866 28 0.9574961066246033
79339 28 0.9567352533340454
68022 28 0.9566918611526489
85598 28 0.9541260004043579
75131 48 0.9533019065856934
47125 28 0.9527908563613892
15834 28 0.9527074098587036
69860 28 0.9526656866073608
52458 28 0.9523021578788757
11609 48 0.9519646763801575
6822 28 0.9518798589706421
11635 48 0.9517295360565186
20534 29 0.9513257741928101
87116 28 0.9507339596748352
33181 28 0.9503582715988159
72049 28 0.9496233463287354
27362 28 0.9488269090652466
29317 28 0.9486390948295593
39481 28 0.9473597407341003
48315 29 0.9454498887062073
55038 28 0.9448561668395996
91856 28 0.94484543800354
35054 28 0.9431416392326355
69175 28 0.9428640604019165
18483 28 0.942264974117279
48144 29 0.9421430230140686
69455 28 0.9416149854660034
46075 28 0.9407728314399719
24735 28 0.9402102828025818
26816 28 0.9401962757110596
11368 48 0.9400743842124939
28058 28 0.9400550723075867
80518 48 0.939764142036438
64038 28 0.9394458532333374
57796 28 0.9390548467636108
25295 28 0.9386323690414429
34563 28 0.9383171796798706
77689 28 0.938147783279419
76133 29 0.9380097389221191
23878 28 0.9377531409263611
83329 28 0.9374924302101135
72624 28 0.9367929697036743
39410 28 0.9356909394264221
84402 28 0.9352640509605408
26316 29 0.9352154731750488
40905 28 0.9326316118240356
72285 28 0.9325605630874634
57601 28 0.9324051737785339
41669 28 0.9322735667228699
24468 29 0.931416392326355
21221 28 0.9313278794288635
85279 28 0.9311724901199341
21438 28 0.9304949045181274
23226 28 0.9296039938926697
16785 29 0.9294877052307129
21825 28 0.9289283752441406
62872 48 0.9287447333335876
72347 28 0.928470253944397
57395 28 0.9282973408699036
7082 28 0.9281750917434692
48655 28 0.9276143908500671
38676 28 0.9270620346069336
4068 28 0.9267793297767639
79367 28 0.926367998123169
27683 29 0.925661027431488
56620 28 0.9255983233451843
30363 29 0.9253105521202087
84317 48 0.9251073598861694
37719 48 0.9249033331871033
2327 28 0.9247573614120483
49164 28 0.9245947003364563
30765 28 0.9228694438934326
24540 28 0.922551155090332
81765 28 0.9221482276916504
25758 29 0.9218981266021729
59177 28 0.9216897487640381
73499 28 0.9215556979179382
41359 29 0.9183763861656189
16292 28 0.917346179485321
50102 28 0.9163511395454407
18286 28 0.916174590587616
2850 28 0.916031002998352
48145 28 0.9159023761749268
81750 28 0.9151824116706848
87732 28 0.9146704077720642
77937 28 0.9139626622200012
54225 48 0.9125314950942993
52783 28 0.9123178720474243
47970 28 0.9121980667114258
11594 48 0.9121648073196411
20899 28 0.9119309186935425
65167 29 0.9110721945762634
37712 48 0.9107234477996826
1645 48 0.9105793833732605
57092 28 0.909895122051239
79225 28 0.9097080230712891
17473 28 0.9090778827667236
36674 29 0.9080957174301147
30352 28 0.9073168635368347
38630 48 0.9072230458259583
74094 28 0.9059545993804932
32816 29 0.9050999283790588
56621 29 0.9050472974777222
1644 48 0.9032599925994873
57188 28 0.9031879305839539
36217 28 0.9028393626213074
59170 28 0.9025546312332153
82862 28 0.9024779200553894
77297 28 0.9021878242492676
21633 48 0.9020918607711792
23783 28 0.9017621278762817
29622 48 0.9016743302345276
30251 28 0.9013450145721436
54260 48 0.9011519551277161
59363 28 0.9010554552078247
32889 28 0.900847852230072
19686 28 0.9005028009414673
15996 28 0.9001612663269043
65377 48 0.8998394012451172
83324 28 0.8995132446289062
11664 48 0.8992334604263306
61704 29 0.8988595008850098
51771 28 0.8988415598869324
82197 28 0.8986630439758301
82802 29 0.8986279368400574
2741 28 0.898279070854187
73416 28 0.8982401490211487
85269 28 0.8979269862174988
29807 28 0.8971872925758362
86019 29 0.8970818519592285
19223 29 0.8969361782073975
6648 28 0.8959488868713379
67336 28 0.8959002494812012
26851 28 0.8951608538627625
48519 29 0.895052433013916
53104 28 0.8943384885787964
15419 48 0.8942968249320984
71499 28 0.8939951062202454
24864 28 0.8936805725097656
30518 28 0.893627941608429
6520 28 0.8933179974555969
17573 28 0.8931691646575928
67223 28 0.8925852179527283
10995 28 0.892479658126831
87946 28 0.8924792408943176
54530 28 0.8921797871589661
43494 28 0.8918980360031128
3857 28 0.8918160200119019
41160 28 0.8918060660362244
34594 29 0.8917527198791504
29199 28 0.8908116817474365
59682 48 0.8907944560050964
60428 28 0.8907409310340881
28197 28 0.8903676867485046
32449 28 0.8903641700744629
56534 28 0.8900856971740723
36574 28 0.8900123238563538
68898 28 0.8890476226806641
17827 28 0.889034628868103
46659 28 0.888873815536499
11724 48 0.8884389996528625
28472 28 0.8881576061248779
31072 28 0.8877350687980652
77039 48 0.8872470855712891
39516 28 0.8868176937103271
36438 28 0.8867000341415405
12781 28 0.8863469958305359
59520 48 0.886195957660675
51923 48 0.8856368660926819
51406 28 0.8853122591972351
39784 28 0.884651780128479
26784 28 0.8843726515769958
94778 48 0.8841071128845215
59226 48 0.8840630054473877
54841 28 0.8828706741333008
48907 48 0.8814874291419983
77645 28 0.8808652758598328
30472 28 0.8806101679801941
37595 48 0.8798136711120605
71434 28 0.8792809844017029
1667 48 0.8789651393890381
11473 48 0.8773396611213684
37723 48 0.8771704435348511
30263 28 0.8769463896751404
6547 28 0.8767310976982117
73716 28 0.8766752481460571
63253 28 0.8759080171585083
85996 28 0.8744990229606628
77662 29 0.874484121799469
22818 28 0.8740622401237488
51280 28 0.8739551901817322
68825 28 0.8738723993301392
46405 1 0.8738701343536377
23877 28 0.8736752867698669
76264 28 0.873234748840332
31806 28 0.8732262849807739
14494 28 0.8730722069740295
24268 28 0.8729827404022217
52952 28 0.8727362155914307
59728 48 0.8727076053619385
48903 48 0.8723703026771545
57344 28 0.872241199016571
11660 48 0.8711101412773132
57219 28 0.8709417581558228
14007 28 0.8705875277519226
15954 28 0.8704478740692139
76138 29 0.8700196743011475
56086 29 0.8691737651824951
7977 28 0.8688732385635376
26411 28 0.8685562014579773
17579 28 0.8685164451599121
51897 48 0.8677825331687927
10085 28 0.8670706748962402
33746 28 0.866730272769928
44723 28 0.866708517074585
16500 28 0.8664520382881165
33324 1 0.8661631345748901
30914 28 0.8658815622329712
17486 29 0.8653921484947205
64037 28 0.865366518497467
15603 48 0.8647102117538452
12561 28 0.8644231557846069
85208 29 0.8641013503074646
72554 28 0.863724946975708
75080 28 0.8636879324913025
11557 48 0.8635178804397583
11815 48 0.8634017705917358
62606 28 0.8628794550895691
58089 28 0.8627592921257019
68525 28 0.8624041676521301
30298 28 0.8624013662338257
37738 48 0.8620753884315491
76745 28 0.8619217872619629
4205 28 0.8615235090255737
11808 48 0.861109733581543
56022 28 0.8604643940925598
79244 28 0.8595461249351501
38897 29 0.8590347766876221
32617 28 0.858970582485199
39097 28 0.8579294085502625
36107 28 0.8575521111488342
67150 28 0.856950581073761
30358 28 0.8568291068077087
62605 28 0.856609582901001
50559 48 0.8565278649330139
29577 48 0.856458306312561
26350 28 0.8551450967788696
17004 28 0.8548728227615356
10071 28 0.8546477556228638
34760 28 0.8542090654373169
64114 28 0.8539511561393738
64976 29 0.8532931208610535
13507 28 0.853255569934845
46411 28 0.8531903028488159
11330 48 0.8529132008552551
28296 29 0.8523494601249695
79350 29 0.8516215085983276
36876 28 0.8515727519989014
50098 28 0.8513932824134827
77649 28 0.8513118028640747
78203 28 0.85099196434021
33700 28 0.8503371477127075
84748 28 0.8496770262718201
22441 29 0.8494023084640503
62842 48 0.8485904932022095
62857 48 0.8483778238296509
27645 28 0.8482247591018677
17824 28 0.8480855822563171
4151 28 0.8474937081336975
86548 28 0.8465868234634399
39104 28 0.8460480570793152
45014 28 0.8460098505020142
78188 28 0.8459457755088806
38880 29 0.8453384637832642
86669 28 0.8450748324394226
60910 28 0.8429194688796997
72440 28 0.842334508895874
52911 29 0.8423328399658203
48998 28 0.8419051170349121
22252 48 0.8409131169319153
73029 28 0.8405859470367432
21384 29 0.8403154611587524
61351 28 0.8399858474731445
61478 48 0.83990877866745
39471 28 0.8394587635993958
87271 28 0.8391116261482239
11278 48 0.8389388918876648
2858 28 0.838913083076477
33735 28 0.8385916352272034
22835 28 0.8385105729103088
61570 28 0.8381977677345276
30468 28 0.8376728296279907
65399 48 0.8366214036941528
67445 28 0.836517870426178
41948 28 0.8364265561103821
75135 48 0.8363415002822876
4830 28 0.8361316919326782
42027 28 0.8357484936714172
71539 28 0.8357441425323486
54278 48 0.8356751203536987
58710 28 0.8354935646057129
48924 48 0.8343263268470764
63753 28 0.8342316746711731
91165 28 0.8331659436225891
11692 48 0.8324010372161865
72316 29 0.8323701620101929
29648 48 0.832260251045227
79596 28 0.8322589993476868
34759 28 0.8315635919570923
62080 28 0.8314599990844727
11809 48 0.8301493525505066
31098 48 0.8300632238388062
39071 28 0.829021692276001
37796 48 0.8288831114768982
11578 48 0.8287693858146667
65371 48 0.8285698890686035
35098 28 0.8281701803207397
11950 28 0.8279547095298767
48449 28 0.8278542160987854
27314 28 0.8274621963500977
50560 48 0.8264024257659912
25309 28 0.8263322710990906
24923 29 0.8260874152183533
14504 28 0.8260869979858398
93907 28 0.825594425201416
74196 48 0.8252812027931213
18978 28 0.824934184551239
17184 28 0.8242356181144714
87110 28 0.8233233094215393
82127 28 0.8231053352355957
53449 28 0.822167694568634
3799 28 0.8217711448669434
77244 28 0.8213799595832825
19627 28 0.820309579372406
17268 28 0.8186097145080566
52802 28 0.8179885149002075
78990 28 0.8179410696029663
25723 28 0.8176995515823364
50354 28 0.8174847960472107
54156 48 0.8165913224220276
5731 28 0.8164863586425781
82817 28 0.8157067894935608
45861 28 0.8135389089584351
63724 29 0.8135267496109009
19244 28 0.813186764717102
57758 28 0.8127302527427673
72429 28 0.8121746182441711
95572 28 0.8120047450065613
82589 1 0.8119422197341919
85633 28 0.8112303018569946
94426 48 0.8108965754508972
65480 48 0.8104506134986877
75270 48 0.8098345994949341
77670 28 0.8093622326850891
87717 29 0.8091074824333191
54292 48 0.809069812297821
54283 48 0.8089025020599365
79642 48 0.8075262904167175
8673 28 0.8073381185531616
54112 48 0.8060114979743958
31091 28 0.8051356077194214
37605 48 0.8043139576911926
50813 48 0.8030796647071838
12073 28 0.8025356531143188
60850 28 0.802111029624939
29399 48 0.8005730509757996
85574 24 0.8005715608596802
28405 28 0.8005591034889221
82788 28 0.800299346446991
51749 28 0.7997133135795593
73658 28 0.7996099591255188
91371 28 0.7995115518569946
36793 29 0.7990068793296814
27713 28 0.7989779114723206
18509 29 0.7984928488731384
55081 28 0.798237144947052
26781 29 0.798211932182312
59387 48 0.7981551289558411
58534 28 0.7977264523506165
62882 28 0.7975773811340332
20675 28 0.7966971397399902
7189 28 0.7955563068389893
16386 28 0.7954481244087219
65491 48 0.7952303290367126
14200 28 0.7938486933708191
13921 28 0.7937597036361694
782 28 0.7935790419578552
65023 28 0.7933006882667542
63334 28 0.7928076982498169
25591 28 0.7927467226982117
22817 28 0.7911675572395325
37220 28 0.7909632921218872
61962 28 0.7907412052154541
34057 28 0.7897526621818542
1572 28 0.7896257638931274
34599 28 0.789199948310852
11334 48 0.7886366248130798
25624 28 0.788170576095581
71469 28 0.7880465984344482
72539 28 0.7875088453292847
545 1 0.7872481346130371
77392 28 0.7868614792823792
37754 48 0.7854743599891663
59508 48 0.7853352427482605
31174 28 0.7846134901046753
94414 48 0.7843592166900635
54131 48 0.7843111753463745
60516 28 0.7839406728744507
39537 29 0.7832003831863403
14018 28 0.7829201817512512
8585 28 0.7826102375984192
59658 48 0.7822099328041077
17550 28 0.7810055017471313
72678 28 0.7809735536575317
27071 28 0.7806767821311951
59272 48 0.7801186442375183
14053 28 0.7784749865531921
13926 28 0.7779407501220703
11591 48 0.7775236964225769
30359 29 0.7770260572433472
39208 28 0.7766736745834351
83707 28 0.7763315439224243
57911 28 0.7739745378494263
16258 28 0.7735134363174438
51279 28 0.7732019424438477
33365 28 0.7725008726119995
37799 48 0.7724268436431885
47233 28 0.772333562374115
34061 28 0.7721635103225708
84162 28 0.7715198993682861
50843 48 0.7714358568191528
11324 48 0.77134108543396
48549 28 0.7710987329483032
57578 28 0.7710220813751221
2826 28 0.7707754373550415
33604 28 0.7702744007110596
48074 48 0.7699073553085327
1234 28 0.7698401808738708
28833 28 0.7697247862815857
4485 28 0.7680636644363403
4967 29 0.7676472663879395
51895 48 0.7674870491027832
10385 29 0.7672974467277527
32596 29 0.7667156457901001
36299 28 0.7664746046066284
38141 48 0.7655583620071411
87060 28 0.7652385830879211
83289 28 0.7652210593223572
86123 28 0.7648341059684753
34473 28 0.7647223472595215
48854 48 0.7644715309143066
16706 48 0.7644425630569458
27464 28 0.7639603018760681
72430 28 0.7637892365455627
39654 28 0.7628867626190186
37960 28 0.7628531455993652
30124 28 0.7628054618835449
62260 28 0.762189507484436
66614 48 0.762136697769165
65087 28 0.7612643837928772
42629 28 0.761182427406311
61354 28 0.7604279518127441
8638 28 0.7604149580001831
96130 28 0.7602372169494629
58206 48 0.7601744532585144
24547 28 0.7598719596862793
29112 28 0.7597439289093018
15577 48 0.7590968608856201
46687 28 0.7586414217948914
75068 28 0.7574948668479919
75602 48 0.756928563117981
21331 28 0.7545506358146667
41623 28 0.7536783814430237
13564 28 0.7532094120979309
86638 28 0.753069281578064
74281 48 0.75287926197052
37722 48 0.7515084743499756
26097 28 0.7504242658615112
77635 28 0.7487842440605164
17528 28 0.748191237449646
71772 28 0.7478371262550354
26543 28 0.74776291847229
91815 28 0.7467551231384277
17866 28 0.7466015219688416
9661 28 0.7462093830108643
20467 28 0.7460403442382812
77882 28 0.745664119720459
59129 28 0.744838535785675
11341 48 0.7443948984146118
69675 28 0.7442147731781006
14506 28 0.743777871131897
27811 28 0.7436495423316956
43146 28 0.7434897422790527
75822 28 0.7434201240539551
62788 48 0.7431468963623047
21571 28 0.7428281903266907
38906 28 0.7425718903541565
82446 28 0.7420336604118347
30083 28 0.7417120337486267
19790 28 0.7399431467056274
73320 28 0.7397273778915405
18555 28 0.739462673664093
3932 48 0.7391654253005981
19028 29 0.7390910983085632
69724 28 0.7385513186454773
70069 28 0.7377490997314453
46379 28 0.7376985549926758
72564 28 0.7374966740608215
48203 28 0.735648512840271
93230 28 0.7355245351791382
4665 28 0.7354776263237
84395 28 0.7353699207305908
90151 28 0.7352853417396545
7137 48 0.7348312139511108
63218 28 0.7346785068511963
27753 28 0.7340355515480042
52946 28 0.7339128851890564
35484 28 0.7335951328277588
65358 48 0.7334286570549011
50071 28 0.7324181199073792
72618 24 0.7321152687072754
83309 28 0.7314146757125854
64966 28 0.7292293906211853
29023 29 0.7290701270103455
22278 48 0.72657710313797
65401 48 0.7265520691871643
62662 29 0.72646164894104
48658 29 0.7258557677268982
70373 28 0.7257370352745056
4516 28 0.725554883480072
56970 29 0.7252413034439087
79582 48 0.7251220345497131
93182 28 0.724733829498291
84506 48 0.7244275808334351
55187 28 0.723866879940033
37431 48 0.7238143682479858
79560 28 0.7238042950630188
42273 28 0.7230721116065979
21725 28 0.7230244874954224
12504 28 0.7227460741996765
34401 29 0.7226086258888245
51938 48 0.7225252985954285
52863 48 0.7222878932952881
18534 28 0.7215174436569214
75109 48 0.7214486598968506
87957 28 0.7205722332000732
60911 28 0.7203778028488159
44422 28 0.7201244235038757
80464 28 0.7198809385299683
78389 28 0.7196564674377441
93121 28 0.71918785572052
77029 48 0.7189332246780396
24993 29 0.7181773781776428
41606 29 0.7179973125457764
4377 28 0.7179563045501709
38225 28 0.717896044254303
10239 28 0.7171231508255005
68663 29 0.7166897058486938
4682 28 0.7161476016044617
12532 28 0.7151325345039368
28373 28 0.7150993943214417
14146 28 0.7148751616477966
50256 28 0.7145543098449707
52369 48 0.7143594622612
50825 48 0.7143228054046631
70088 28 0.7141799926757812
25724 28 0.7138627767562866
66785 28 0.7138050198554993
87300 28 0.7136422395706177
23865 28 0.7134350538253784
63192 28 0.7120993733406067
56685 28 0.7113267779350281
3524 28 0.7107409834861755
63876 29 0.7103118896484375
26093 28 0.7091273665428162
13100 28 0.7089709639549255
14892 28 0.7086154818534851
75103 48 0.7086087465286255
36368 28 0.7085177898406982
94768 48 0.7084248661994934
6683 28 0.708319365978241
94683 48 0.7076950073242188
47859 28 0.7067327499389648
22704 28 0.7063220143318176
11622 48 0.7058531641960144
17551 28 0.7057122588157654
28469 28 0.7053609490394592
38286 28 0.7048320770263672
42909 28 0.7044939994812012
60322 48 0.7044069170951843
53309 29 0.7040978074073792
61585 28 0.7035701870918274
37666 48 0.7034784555435181
47141 28 0.7033411860466003
3009 28 0.7028772830963135
48091 48 0.7027742266654968
1227 28 0.7027024626731873
44915 28 0.7019065022468567
18384 28 0.7012064456939697
51115 28 0.7010937929153442
69524 28 0.699364185333252
75137 48 0.6984556913375854
20468 28 0.6984405517578125
3284 48 0.6972078680992126
5574 48 0.6970487833023071
57420 24 0.6969410181045532
2869 28 0.6968787908554077
19728 29 0.6965750455856323
37173 48 0.6965526938438416
76551 48 0.6963647603988647
59771 48 0.6953356266021729
75095 48 0.6946364045143127
16742 28 0.6939939856529236
63595 28 0.6938936710357666
83533 28 0.693755030632019
62590 28 0.6934462785720825
88069 24 0.6925316452980042
21291 28 0.6920921802520752
82153 28 0.691417932510376
39759 28 0.6901276111602783
22145 48 0.6897648572921753
48816 48 0.6894489526748657
56997 28 0.6891178488731384
11643 48 0.6889082789421082
93530 28 0.687903881072998
68549 28 0.6878950595855713
18353 28 0.6878108382225037
72623 28 0.68746018409729
48072 48 0.6872528195381165
71476 28 0.686248779296875
20466 28 0.68594890832901
94703 48 0.6856686472892761
15574 48 0.6852981448173523
35797 28 0.6852875351905823
86386 28 0.6850331425666809
15882 28 0.6849431991577148
24327 28 0.6848183274269104
66732 28 0.6843879222869873
15578 48 0.6839896440505981
59917 28 0.6836070418357849
54169 48 0.6834807991981506
96504 28 0.6833003759384155
60851 28 0.6825987100601196
61970 28 0.6821689605712891
68458 1 0.6820663213729858
35734 28 0.6810316443443298
14147 28 0.680747926235199
26539 28 0.6803913116455078
54121 48 0.6795242428779602
12558 28 0.6793018579483032
54642 28 0.6786835193634033
56036 28 0.6786330938339233
577 28 0.6785169243812561
85914 48 0.678233802318573
54261 48 0.6781342625617981
59496 28 0.6775002479553223
49353 48 0.6772029995918274
22241 48 0.6764824986457825
54814 48 0.6754060387611389
28941 28 0.6753326058387756
65307 48 0.6734583377838135
23549 28 0.6726380586624146
47299 28 0.672264039516449
81183 48 0.671815812587738
22956 29 0.6714970469474792
54182 48 0.6714882850646973
75141 48 0.6713531017303467
78049 28 0.6712003350257874
35881 28 0.6710909008979797
55987 28 0.6705734133720398
51472 28 0.6698884963989258
64106 29 0.6698461771011353
45922 28 0.6696950197219849
81515 28 0.6684041023254395
29506 48 0.6676957607269287
37080 48 0.6676419973373413
58113 28 0.667624831199646
58248 28 0.6674575805664062
93466 1 0.6666934490203857
15432 48 0.6664475798606873
67540 28 0.6660650968551636
36202 29 0.66559898853302
35071 28 0.6652234792709351
27355 28 0.6650906801223755
13294 28 0.6649239659309387
8918 28 0.6642708778381348
21732 29 0.663497269153595
41156 28 0.6630393862724304
17415 28 0.662980854511261
75323 48 0.6624860763549805
36808 28 0.6624305248260498
89914 28 0.66230708360672
56174 29 0.6623070240020752
14746 28 0.6615068316459656
90188 24 0.6614760160446167
64184 28 0.6612473726272583
29414 48 0.6611405611038208
30790 48 0.660606324672699
15551 48 0.6603823900222778
41298 28 0.6597340703010559
32990 28 0.6596953868865967
4061 29 0.6596570611000061
34555 28 0.6591320633888245
1839 28 0.6585953235626221
51496 28 0.6585609316825867
25030 28 0.6581075191497803
69231 28 0.6579871773719788
37599 48 0.6577185988426208
50387 29 0.6575719118118286
50193 28 0.6572104692459106
11564 48 0.6569473743438721
2707 24 0.6566344499588013
61806 28 0.656606912612915
22949 1 0.6562616229057312
11856 28 0.6556411981582642
56394 28 0.6544131636619568
46774 28 0.6537357568740845
38759 29 0.6535917520523071
40441 28 0.6535857915878296
72146 29 0.6532303094863892
79826 48 0.6530558466911316
67748 28 0.6524285674095154
30874 48 0.6516644358634949
30123 28 0.6515856385231018
24948 48 0.6514995694160461
54227 48 0.651228129863739
29078 28 0.6506147980690002
39533 28 0.6505144834518433
62458 29 0.6492455005645752
72406 28 0.6490483283996582
61107 28 0.648729681968689
54117 48 0.6482845544815063
11318 48 0.6480562090873718
12782 28 0.6472182869911194
60582 28 0.6462953686714172
39554 28 0.6460312604904175
79546 28 0.6456359028816223
29196 28 0.6449851393699646
47557 28 0.6442961096763611
31100 48 0.6442252397537231
6531 28 0.64346843957901
49386 48 0.6428419351577759
65952 48 0.6428161859512329
80992 28 0.6427958607673645
21166 36 0.6424456238746643
41652 29 0.6422691941261292
57735 28 0.6421441435813904
11533 48 0.6420937776565552
77638 28 0.6420782208442688
13000 48 0.6414347290992737
64615 48 0.6413757801055908
79696 28 0.6410725712776184
24606 28 0.6405540704727173
48743 29 0.6394827365875244
39313 28 0.6391924619674683
95692 28 0.6389843821525574
76178 28 0.63840252161026
52680 28 0.6383314728736877
76744 28 0.6377543807029724
94231 28 0.6367703080177307
75627 48 0.6367515921592712
23839 28 0.636380136013031
79407 28 0.6357627511024475
17957 28 0.6348062753677368
91400 29 0.6344699263572693
85962 28 0.6341884732246399
7689 48 0.6338591575622559
93181 28 0.633730411529541
58555 28 0.6335271000862122
51984 48 0.633392870426178
15562 48 0.6330073475837708
50183 28 0.6325671672821045
25843 48 0.6324549317359924
54329 28 0.6322470307350159
20672 28 0.632099986076355
80812 28 0.6316500306129456
64958 29 0.6315484642982483
41594 29 0.6314008235931396
86668 28 0.6313319802284241
58450 48 0.6306226849555969
14234 28 0.6305426955223083
71634 48 0.6297375559806824
20859 48 0.6296770572662354
50927 29 0.629662275314331
73249 28 0.6295987963676453
19238 28 0.6291326880455017
37185 48 0.6289178133010864
4832 28 0.6288695931434631
17406 28 0.6286969780921936
11584 48 0.6286529302597046
78066 28 0.6284019947052002
35088 28 0.6283564567565918
65457 48 0.6273410320281982
11601 48 0.6269765496253967
76588 48 0.6265016198158264
23010 48 0.6263537406921387
49009 29 0.6262959837913513
91077 28 0.626061201095581
19688 28 0.6257541179656982
39514 28 0.6256865859031677
35274 29 0.625480055809021
39233 28 0.6251339912414551
39567 28 0.6251143217086792
59130 28 0.623682975769043
28883 28 0.6235308647155762
27941 29 0.6232617497444153
30307 28 0.6232086420059204
1188 28 0.6223170757293701
19036 28 0.6222707033157349
22582 1 0.621802806854248
47066 48 0.6217411160469055
13998 29 0.6216920614242554
85908 48 0.6216120719909668
24463 29 0.6213974356651306
26027 29 0.6211873888969421
30936 48 0.620315670967102
35184 28 0.6200149059295654
26918 28 0.6197072863578796
65393 48 0.6195054054260254
79659 48 0.619430422782898
70465 28 0.6192080974578857
67905 28 0.6190680861473083
69365 28 0.6183814406394958
87625 48 0.618307888507843
51855 28 0.6179395318031311
87306 28 0.6178804636001587
26288 28 0.6173883080482483
74308 28 0.6173467636108398
75814 28 0.6170926094055176
90648 28 0.6163495779037476
59227 28 0.6161102056503296
21820 29 0.6160234808921814
5366 28 0.6158069372177124
67555 28 0.6156312227249146
93891 28 0.6147658228874207
76020 28 0.6145080924034119
86972 28 0.614267110824585
30137 28 0.6140512824058533
37688 48 0.6137033104896545
68165 29 0.6132366061210632
25019 28 0.6132277250289917
18574 28 0.6130218505859375
19897 28 0.6126722693443298
75460 48 0.611505389213562
83280 28 0.6110967993736267
7171 28 0.6107140779495239
12528 28 0.6105309724807739
75207 28 0.6099057197570801
77008 48 0.6097941994667053
8731 28 0.6097223162651062
49364 48 0.608818531036377
70022 1 0.6086164116859436
9303 36 0.6083993315696716
56065 28 0.6083966493606567
39479 28 0.6083744168281555
11816 48 0.6083595752716064
8028 28 0.608094334602356
62622 28 0.6080440282821655
10507 48 0.6078760623931885
65673 48 0.6078181862831116
80287 28 0.6075103282928467
32982 28 0.6066567301750183
17173 28 0.6062335968017578
37015 48 0.6062314510345459
17966 28 0.6058006882667542
58930 28 0.6044169664382935
11690 48 0.6040769815444946
56446 28 0.6036544442176819
59294 48 0.6033461093902588
84848 28 0.603005051612854
35860 28 0.6028278470039368
22087 48 0.6023289561271667
86765 48 0.6015902757644653
51770 28 0.6010422110557556
84794 28 0.6010019779205322
4945 29 0.6009470820426941
70822 28 0.6008513569831848
82468 28 0.5999695062637329
69341 28 0.5996737480163574
82904 28 0.5992698669433594
20470 28 0.5986440777778625
27764 29 0.5979004502296448
83616 28 0.5977226495742798
11743 48 0.5976641178131104
19989 28 0.5969727039337158
53328 48 0.5969603657722473
81764 28 0.596782922744751
19992 28 0.5966035723686218
42092 28 0.5948446989059448
84793 28 0.5948049426078796
57613 28 0.594132661819458
37218 48 0.594022810459137
3655 28 0.5935354232788086
47057 28 0.5934491753578186
22758 24 0.5929439663887024
84789 48 0.5928534865379333
12836 28 0.592467725276947
23930 28 0.5922168493270874
74171 48 0.5920264720916748
44791 28 0.5919962525367737
93999 28 0.591964602470398
91279 29 0.5916079878807068
25845 28 0.5915191173553467
29504 48 0.5915116667747498
65473 48 0.5912299156188965
10238 28 0.5901599526405334
34422 29 0.5896031856536865
55268 28 0.5890504121780396
77020 48 0.5882115364074707
68016 28 0.5881521105766296
15843 28 0.5879694819450378
41613 28 0.5879384279251099
37016 48 0.5878637433052063
34847 29 0.5876237750053406
29614 48 0.5873737335205078
22732 29 0.5858333706855774
31542 48 0.5854491591453552
48138 28 0.5854336023330688
8850 28 0.5852093696594238
8608 28 0.5847475528717041
50191 28 0.5846219658851624
75635 48 0.5843362808227539
1640 48 0.5835369229316711
71343 29 0.5823505520820618
2976 28 0.5823375582695007
48417 28 0.5822167992591858
24004 28 0.5816047787666321
9591 28 0.5814311504364014
83552 28 0.5810925364494324
26225 28 0.5807425379753113
59391 48 0.5804284811019897
54972 28 0.5801817178726196
40356 28 0.5801637172698975
60181 48 0.5789242386817932
54236 48 0.5788350105285645
54983 28 0.5785571932792664
22702 29 0.5780465006828308
68267 28 0.5777840614318848
71339 1 0.5772234797477722
59757 28 0.5766100883483887
56749 48 0.5764628052711487
79563 28 0.5758396983146667
31704 36 0.5757725238800049
7366 28 0.5757372975349426
20858 48 0.5757115483283997
52885 48 0.5750583410263062
55432 48 0.5749714970588684
44722 28 0.5747413039207458
4517 28 0.5745006203651428
44358 28 0.5744093656539917
73923 29 0.5743025541305542
59857 48 0.5742557644844055
59120 29 0.5736058950424194
86923 28 0.5733546018600464
49415 48 0.5731744766235352
14855 28 0.5722184181213379
27266 28 0.5719534754753113
43927 28 0.5717670321464539
37266 48 0.5713974833488464
48526 28 0.571394145488739
57576 28 0.5711466670036316
83175 28 0.569879412651062
37195 48 0.5693596005439758
65311 48 0.5692200064659119
37204 28 0.5680442452430725
86762 48 0.5677165389060974
50126 28 0.5676108002662659
66844 28 0.5675547122955322
77701 28 0.5673022270202637
24118 28 0.5670267343521118
11319 48 0.5665494203567505
1988 28 0.5664007663726807
16955 29 0.566256046295166
87261 29 0.5654746294021606
18120 36 0.5650902986526489
55860 28 0.5649335980415344
31807 28 0.5648329257965088
17749 28 0.5646522045135498
41703 28 0.5636515021324158
29624 48 0.563483476638794
13406 36 0.5633284449577332
74296 48 0.5631025433540344
31468 28 0.5631001591682434
41194 28 0.5630165338516235
31116 48 0.5627084970474243
83748 28 0.5625057220458984
77459 28 0.5622889399528503
59649 48 0.5622005462646484
63126 29 0.5616505742073059
23227 8 0.5615020990371704
62555 28 0.5613812804222107
79693 28 0.5604660511016846
34464 29 0.5602292418479919
33814 29 0.5597087740898132
8725 28 0.5596524477005005
68790 28 0.5590325593948364
36827 28 0.5587034821510315
81572 28 0.5586768388748169
52439 48 0.5586298108100891
87096 28 0.5582921504974365
22193 48 0.558234453201294
8927 1 0.5580047369003296
4493 29 0.5571964979171753
81899 29 0.5571432113647461
34243 28 0.5570691227912903
82437 28 0.5569947957992554
63974 28 0.5568853616714478
34420 29 0.5564464926719666
36113 28 0.5563638210296631
46741 29 0.5562697649002075
71514 28 0.5559476613998413
65566 29 0.5558833479881287
52588 48 0.555259644985199
81415 28 0.5545650720596313
25775 28 0.5544124245643616
11596 48 0.5544114708900452
15406 48 0.5543251633644104
23808 28 0.5536490082740784
50496 48 0.5535088777542114
62663 29 0.553330659866333
13027 28 0.5529187917709351
76201 28 0.5526157021522522
88136 8 0.5521529316902161
52888 28 0.5518930554389954
84783 28 0.5514991879463196
70828 28 0.5507971048355103
65979 48 0.550698459148407
36885 28 0.5501742362976074
32690 29 0.5495086312294006
77066 28 0.5486660003662109
42453 48 0.5476893186569214
81659 28 0.5472123026847839
13744 48 0.5468589663505554
32549 29 0.5466668605804443
53221 29 0.5458917617797852
87026 28 0.5455968379974365
11356 48 0.5454347729682922
84371 28 0.5447662472724915
33358 36 0.5444042682647705
3205 28 0.5442146062850952
74013 8 0.5440950393676758
91079 28 0.5440747141838074
84840 48 0.5438223481178284
75962 28 0.5436992049217224
37351 48 0.5433345437049866
65430 48 0.5426667332649231
71990 28 0.5426520705223083
73037 28 0.542138397693634
18344 36 0.5416958928108215
76693 28 0.5413146018981934
8179 29 0.5409349203109741
18333 28 0.5404163599014282
34542 1 0.5403329730033875
61600 28 0.5401901006698608
23848 28 0.540182888507843
67564 29 0.5391928553581238
47137 28 0.5391302108764648
27105 28 0.5385577082633972
62152 28 0.5379848480224609
65165 28 0.5376261472702026
11957 28 0.5376189351081848
82603 29 0.5372353196144104
30338 29 0.5371134281158447
68856 24 0.537110447883606
54302 48 0.5369428992271423
49440 28 0.5361725687980652
14832 48 0.5360346436500549
28925 29 0.5358403325080872
26919 28 0.5356967449188232
20469 28 0.5347641706466675
22987 48 0.5345391035079956
60551 28 0.5342267751693726
51979 48 0.5340709686279297
59792 28 0.5339739322662354
44226 48 0.5336490869522095
65149 28 0.5336370468139648
34494 28 0.5334014296531677
47455 48 0.5333349108695984
22029 48 0.5333184599876404
37715 48 0.5330917239189148
11375 48 0.5328768491744995
41952 28 0.5328318476676941
84869 28 0.532823920249939
66596 48 0.5325214266777039
33041 36 0.5321988463401794
21442 28 0.5308953523635864
31191 29 0.530248761177063
86753 28 0.5301860570907593
60581 28 0.5299385190010071
47121 8 0.5299137830734253
23008 28 0.5298206210136414
65521 28 0.5296026468276978
69973 29 0.5286984443664551
61689 28 0.5284337997436523
39764 28 0.5283448100090027
9104 28 0.5281248092651367
80771 1 0.5277717709541321
11858 28 0.5276210904121399
20605 28 0.5273927450180054
19680 28 0.527045488357544
43008 28 0.5269399285316467
26561 28 0.5267216563224792
94033 28 0.5262475609779358
60250 48 0.5256752967834473
11729 48 0.5254215002059937
2469 48 0.5251043438911438
20385 48 0.5249634981155396
64246 28 0.5247030854225159
94701 1 0.5244314670562744
16708 48 0.5243995785713196
79068 28 0.5239742994308472
11737 48 0.5232377648353577
67089 48 0.5231936573982239
94779 48 0.522590160369873
11593 48 0.5225467681884766
37444 48 0.5209054946899414
75253 48 0.5207772254943848
84928 48 0.5206880569458008
23081 28 0.5206260681152344
80107 28 0.5206127762794495
22077 48 0.520566999912262
48566 36 0.5205575823783875
51621 29 0.5201978087425232
38203 28 0.5201010704040527
15609 48 0.5197739601135254
48050 48 0.5195949077606201
74425 36 0.5195616483688354
71594 48 0.5194586515426636
1228 28 0.5187472701072693
62349 28 0.5187124013900757
22451 29 0.5186738967895508
28262 28 0.5184330940246582
42824 28 0.5180999636650085
53392 29 0.5180065035820007
93505 48 0.5174522995948792
26315 29 0.5174372792243958
60310 28 0.5173308849334717
58115 28 0.5172728300094604
63125 28 0.517134428024292
56639 1 0.5171064138412476
37438 48 0.5167413353919983
10180 48 0.5164027810096741
73747 48 0.5163787007331848
55250 48 0.5162982940673828
56273 28 0.515250027179718
56049 28 0.5149378180503845
18484 28 0.5144942402839661
80633 48 0.5138681530952454
5333 28 0.5133392810821533
55161 28 0.5132628083229065
27667 28 0.5128005743026733
32526 28 0.5126711130142212
43313 28 0.5125948190689087
7032 36 0.5125691294670105
61425 29 0.5125642418861389
18280 36 0.5123527646064758
51635 48 0.5122374892234802
77652 8 0.5117024183273315
56361 29 0.5116164684295654
27489 29 0.5114325881004333
57123 28 0.5113885402679443
61216 28 0.5112515687942505
80555 48 0.5111358165740967
84582 48 0.5108987092971802
28120 28 0.5104613304138184
16586 28 0.5100513100624084
11450 48 0.5099673867225647
11556 48 0.5098048448562622
25722 28 0.5095376968383789
72560 29 0.5095137357711792
38869 29 0.5086233019828796
5340 29 0.5085646510124207
8796 29 0.5072222352027893
54711 48 0.5066418051719666
81086 36 0.5065674185752869
87988 28 0.5065525770187378
12980 48 0.5064340829849243
14875 28 0.5062180161476135
91795 28 0.5061476826667786
30855 48 0.5058291554450989
87150 28 0.505657434463501
39322 29 0.5048772692680359
38642 28 0.5048221349716187
82130 28 0.5046886801719666
68682 8 0.5043595433235168
19667 28 0.5042142868041992
32694 29 0.5041866898536682
60755 48 0.5041750073432922
80640 28 0.5035873651504517
63182 28 0.5030805468559265
36662 28 0.5030571818351746
36998 48 0.502841055393219
38337 28 0.5027797222137451
34064 28 0.5027686953544617
68052 28 0.5025783777236938
20962 8 0.5025269389152527
39690 28 0.5025269389152527
39964 28 0.5023002624511719
52282 28 0.5017289519309998
73837 28 0.5016794800758362
16177 28 0.5015379190444946
82850 28 0.5013843774795532
34548 29 0.5011893510818481
49347 48 0.501167893409729
84829 48 0.5011575818061829
79644 48 0.5010963082313538
27117 8 0.5006685853004456
78387 28 0.500413715839386
76414 48 0.4998247027397156
22379 48 0.4997953474521637
21447 28 0.4990446865558624
47607 28 0.4989246129989624
17956 28 0.49889248609542847
37524 48 0.49876466393470764
77280 29 0.4985850155353546
83263 28 0.49851134419441223
11612 48 0.4984615743160248
58387 48 0.4983980357646942
86196 28 0.4983067214488983
85967 28 0.4981330335140228
33929 28 0.49757304787635803
79770 48 0.4974997639656067
13761 28 0.49749892950057983
19315 48 0.49732649326324463
66650 48 0.4965904653072357
17950 8 0.4961930513381958
53676 8 0.4957716464996338
1493 24 0.4953896403312683
60903 48 0.4948912262916565
38916 29 0.49443256855010986
48481 29 0.49348288774490356
74657 29 0.4933921992778778
92370 28 0.49269551038742065
79436 49 0.4925506114959717
55376 8 0.4915870130062103
47101 28 0.49109408259391785
73528 28 0.4898027181625366
17939 28 0.48841121792793274
67329 29 0.4877408444881439
31189 28 0.48633676767349243
86698 28 0.4841140806674957
62344 28 0.4786102771759033
45188 36 0.4760269522666931
58193 48 0.4749329090118408
38474 36 0.47466224431991577
60804 48 0.4744817018508911
64544 24 0.47376805543899536
34421 29 0.47351381182670593
53243 28 0.472917765378952
71613 48 0.4719875454902649
52482 48 0.47177407145500183
64381 28 0.46980541944503784
1399 28 0.4683883786201477
80704 48 0.4673854112625122
48440 28 0.46687933802604675
51151 1 0.4658724367618561
82952 28 0.465087890625
79776 48 0.4649183452129364
71766 49 0.4633064568042755
71181 8 0.4628452956676483
75628 48 0.4618039131164551
63868 29 0.4615021347999573
52474 36 0.4599076509475708
43685 48 0.459118127822876
18351 36 0.45901504158973694
48317 8 0.45741117000579834
75093 48 0.4573594331741333
13463 6 0.4548490047454834
20154 1 0.45098525285720825
64978 28 0.44918394088745117
79765 48 0.44900602102279663
75839 8 0.4489001929759979
28445 8 0.44788020849227905
27676 8 0.4472540616989136
24364 28 0.44546908140182495
41607 29 0.44324854016304016
8628 36 0.4431670010089874
31877 28 0.44300130009651184
62242 8 0.44299179315567017
67505 8 0.4412180483341217
79678 48 0.4389650523662567
75580 49 0.43249472975730896
28046 36 0.432384192943573
68579 28 0.4318864047527313
70072 8 0.42903009057044983
7081 29 0.42861443758010864
42029 36 0.42694106698036194
11947 36 0.4266389012336731
21251 8 0.42314788699150085
27019 8 0.42311638593673706
28385 36 0.42307621240615845
53106 8 0.4228370189666748
42030 8 0.41865867376327515
49562 28 0.41803640127182007
8533 28 0.41787660121917725
15881 36 0.4150031507015228
93018 8 0.4110187888145447
75600 48 0.4087389409542084
84819 48 0.4080812633037567
29226 8 0.4070146083831787
28818 8 0.4017184376716614
39555 23 0.4008943438529968
41598 29 0.3992653787136078
77347 8 0.3973042964935303
69536 8 0.3971855938434601
13095 8 0.3965798616409302
57943 24 0.3963477313518524
56864 8 0.39582371711730957
82104 8 0.39533594250679016
29896 8 0.3951064348220825
80802 8 0.3906267285346985
28994 8 0.390559583902359
67608 28 0.38581758737564087
80767 8 0.3855642080307007
19059 8 0.38484764099121094
138 8 0.3841087222099304
79887 29 0.3839549720287323
24987 8 0.383686363697052
71524 8 0.38238951563835144
27009 8 0.3821699023246765
16507 8 0.37847191095352173
54934 36 0.37735715508461
19711 8 0.3764762282371521
29870 28 0.37598979473114014
39831 24 0.3746964931488037
19184 8 0.3706979751586914
76226 9 0.3701944053173065
29030 8 0.3676106035709381
38510 8 0.36760982871055603
31137 8 0.36625438928604126
47687 36 0.3643140494823456
6942 8 0.3629049062728882
70002 8 0.3623044192790985
10717 8 0.36168456077575684
3795 8 0.35988539457321167
25606 8 0.35532209277153015
67043 29 0.35501357913017273
74747 8 0.3537299335002899
57443 8 0.3517473042011261
21173 36 0.3512241244316101
87115 9 0.3482600450515747
81362 8 0.3450115919113159
54065 8 0.3442094624042511
83212 8 0.34131714701652527
25049 8 0.3405804932117462
21505 8 0.3370097279548645
72079 8 0.33619892597198486
69232 6 0.3340676426887512
57257 36 0.3319534361362457
27702 8 0.328442245721817
21527 8 0.3282756507396698
7031 36 0.32340365648269653
7100 8 0.3205104470252991
80025 36 0.31774935126304626
73234 36 0.31462496519088745
19638 8 0.30973735451698303
70609 8 0.3009449541568756
68713 8 0.2994636595249176
18347 36 0.2949691414833069
4462 36 0.2920556962490082
62507 8 0.2850228548049927
26756 8 0.281642884016037
32783 29 0.2783067226409912
36732 8 0.26759448647499084
