73076 28 0.9967467784881592
61478 48 0.9934379458427429
57534 28 0.9912200570106506
11578 48 0.9910334944725037
69911 29 0.9904420971870422
51923 48 0.9893478155136108
61067 28 0.9891791343688965
37605 48 0.9889993071556091
29399 48 0.9889401793479919
22278 48 0.9885622262954712
29414 48 0.9880940318107605
17293 28 0.9874029159545898
11324 48 0.9872264266014099
19686 28 0.9870920181274414
22252 48 0.9857500791549683
54292 48 0.9844706058502197
11450 48 0.9842701554298401
11557 48 0.984248697757721
11330 48 0.9841203093528748
81360 29 0.9837679266929626
48854 48 0.9833774566650391
62788 48 0.9827055931091309
26205 29 0.9826067090034485
63621 28 0.9825202822685242
65399 48 0.9824494123458862
54236 48 0.9822955131530762
62842 48 0.9821344614028931
48915 48 0.9815040826797485
74743 28 0.9813042879104614
54112 48 0.9805421829223633
29577 48 0.9798641204833984
11635 48 0.9798613786697388
50386 29 0.9794914722442627
52669 28 0.9787389636039734
75095 48 0.9787309169769287
11513 48 0.9787173867225647
32681 29 0.9767935276031494
30469 28 0.9764225482940674
11473 48 0.9761122465133667
11664 48 0.9755250215530396
11368 48 0.9754541516304016
15620 48 0.9753521680831909
11564 48 0.975141704082489
45885 28 0.9751250743865967
65430 48 0.9746130704879761
44556 29 0.9744781255722046
27781 28 0.9744694232940674
6129 48 0.9740262031555176
37799 48 0.9733608961105347
52747 28 0.9730854034423828
27116 29 0.9721223711967468
32692 29 0.9720421433448792
22241 48 0.9716524481773376
68402 48 0.9715961813926697
56157 28 0.9715502858161926
11724 48 0.9714820981025696
81183 48 0.970996618270874
67670 28 0.9709711074829102
71396 29 0.970746636390686
76409 48 0.9702009558677673
65509 28 0.9700374007225037
65377 48 0.9678456783294678
67979 28 0.9677519202232361
47958 28 0.9675880074501038
79247 28 0.9673036336898804
72347 28 0.9663205146789551
54278 48 0.9660409688949585
22145 48 0.966009259223938
22065 48 0.9650931358337402
7698 48 0.9641308188438416
48907 48 0.9639365673065186
80290 28 0.9638764262199402
83995 48 0.9636489152908325
54156 48 0.9634667038917542
11660 48 0.9630995988845825
54261 48 0.9614133238792419
11622 48 0.9613267183303833
37016 48 0.960641622543335
53911 48 0.9604279398918152
29504 48 0.9601308107376099
89597 48 0.9598351716995239
63294 48 0.9595933556556702
11179 48 0.9584014415740967
67879 29 0.9581059813499451
30354 28 0.9580582976341248
54260 48 0.9579288959503174
77038 48 0.9577530026435852
80518 48 0.9576771259307861
26316 29 0.957522451877594
77008 48 0.9570885896682739
54169 48 0.956836998462677
26802 28 0.9567580819129944
15577 48 0.9562824368476868
3284 48 0.956106424331665
22075 48 0.9557027220726013
48144 29 0.9555655717849731
15450 48 0.955437421798706
37015 48 0.9533605575561523
11680 48 0.9532979130744934
62012 28 0.953162431716919
19223 29 0.9527328610420227
15419 48 0.9526840448379517
21994 48 0.9526747465133667
21972 48 0.9525757431983948
32524 28 0.9521383047103882
94414 48 0.9519824981689453
66624 48 0.951779842376709
79219 28 0.9511491060256958
56325 28 0.9505965709686279
38612 48 0.9504632353782654
80632 48 0.9504150152206421
54225 48 0.9496970176696777
11348 48 0.9495331645011902
72285 28 0.9492149353027344
62607 28 0.9489433765411377
36790 28 0.948930561542511
84317 48 0.9488275647163391
58344 48 0.9487500786781311
67100 28 0.9480046629905701
11809 48 0.9477494359016418
34615 28 0.9476757645606995
76133 29 0.9467902779579163
54814 48 0.946470320224762
20693 28 0.9462234973907471
59771 48 0.9460632801055908
75131 48 0.9458057880401611
22193 48 0.9457811713218689
29493 48 0.945236086845398
42453 48 0.9450260400772095
54131 48 0.9449295401573181
53403 48 0.9446629285812378
73747 48 0.9445122480392456
85949 48 0.9439806938171387
84948 48 0.9438978433609009
41849 28 0.9437925219535828
32816 29 0.9434401988983154
76434 48 0.9431887865066528
7689 48 0.9423516392707825
21367 28 0.9422391057014465
38440 28 0.9420174360275269
30874 48 0.9419952630996704
64116 28 0.9419673085212708
15558 48 0.9417667984962463
30842 48 0.9416470527648926
74162 48 0.940977156162262
12399 48 0.9400634169578552
7028 28 0.9395502209663391
65311 48 0.9394099712371826
65371 48 0.9393096566200256
15473 48 0.9392616748809814
77649 28 0.939128577709198
16785 29 0.9390978217124939
50688 28 0.93825763463974
61540 48 0.9378111362457275
77042 48 0.9365569949150085
39516 28 0.936165988445282
18537 28 0.9361535310745239
30363 29 0.9359772205352783
87732 28 0.9353481531143188
48036 48 0.9353386163711548
31066 48 0.9351623058319092
87639 48 0.9343117475509644
11369 48 0.9341328144073486
56749 48 0.9340890049934387
87634 48 0.9339268207550049
19149 28 0.9336447715759277
48887 48 0.9334878325462341
31100 48 0.9328523874282837
37810 48 0.9327136278152466
49369 48 0.932627260684967
54748 48 0.9325814843177795
31174 28 0.9321174621582031
47125 28 0.9319308996200562
65401 48 0.9305769801139832
2850 28 0.9304010272026062
29687 48 0.9303258061408997
20963 28 0.9302384257316589
66625 48 0.9300918579101562
83766 28 0.9300540685653687
35054 28 0.9299586415290833
58338 48 0.9298155307769775
53862 48 0.9294295310974121
29624 48 0.9287739396095276
60583 28 0.928488552570343
52207 48 0.9282680749893188
37733 48 0.9282500743865967
11278 48 0.9280466437339783
17209 28 0.9267235398292542
22028 48 0.9267092347145081
11341 48 0.9263589382171631
38897 29 0.9260260462760925
2427 48 0.9258880615234375
77689 28 0.9257363677024841
65952 48 0.9256113171577454
29701 48 0.9256040453910828
82400 48 0.9254952073097229
77029 48 0.9252347946166992
66614 48 0.9250603318214417
22322 48 0.9248278737068176
27362 28 0.9246777296066284
11494 48 0.9233241677284241
15603 48 0.9232057332992554
92327 48 0.922947108745575
69860 28 0.9228218197822571
82802 29 0.9224700927734375
67953 28 0.9223702549934387
29614 48 0.9217414855957031
85574 24 0.9217218160629272
75080 28 0.9213364720344543
85007 48 0.9203466176986694
76509 48 0.9202896952629089
15414 48 0.9197367429733276
65961 48 0.919032096862793
24993 29 0.9188050031661987
7798 48 0.9177465438842773
29597 48 0.9172647595405579
22356 48 0.9172222018241882
62872 48 0.9171128869056702
85914 48 0.9161973595619202
11424 48 0.9161425828933716
2386 48 0.9156511425971985
15406 48 0.9155395030975342
29648 48 0.9153225421905518
11325 48 0.9148343205451965
71594 48 0.9143140316009521
31116 48 0.9140947461128235
54117 48 0.9138242602348328
11643 48 0.9136560559272766
7660 48 0.9131680130958557
2327 28 0.9131228923797607
65307 48 0.91277015209198
66622 48 0.9122464656829834
27683 29 0.9119642376899719
54249 48 0.9117132425308228
65921 48 0.9112169742584229
35311 48 0.9110592603683472
66204 48 0.9109981060028076
65723 48 0.9107688069343567
50102 28 0.9107380509376526
29393 48 0.9106981158256531
15411 48 0.9105134010314941
15580 48 0.9102121591567993
70001 28 0.9101982116699219
69330 29 0.9097622036933899
21633 48 0.9079452753067017
47057 24 0.9078701138496399
65167 29 0.9075746536254883
11808 48 0.9069672226905823
58227 48 0.9069398641586304
47455 48 0.9068537950515747
65312 48 0.9058369398117065
22441 29 0.905636191368103
47066 48 0.9052808284759521
49353 48 0.9047796130180359
57640 48 0.9047237634658813
74296 48 0.9045881032943726
22194 48 0.9045878052711487
11692 48 0.9037477374076843
77039 48 0.9035624861717224
2370 48 0.9033501744270325
22339 48 0.9031974673271179
48903 48 0.9029699563980103
48924 48 0.9029543995857239
3674 48 0.9029200673103333
22077 48 0.9029062986373901
75627 48 0.9026088118553162
50825 48 0.9025764465332031
48889 48 0.9022342562675476
59508 48 0.9014720916748047
11300 48 0.9003337621688843
92727 1 0.8995317220687866
85208 29 0.8993822932243347
38676 28 0.8992725610733032
55936 48 0.8990999460220337
6881 28 0.8988831043243408
26200 28 0.8985936641693115
78631 48 0.8985227942466736
7591 48 0.8982132077217102
59177 28 0.8979104161262512
60516 28 0.8977311253547668
66284 48 0.8975974321365356
78453 48 0.8972871899604797
11606 48 0.8966081738471985
20899 28 0.8965780138969421
93358 48 0.8961330056190491
2469 48 0.8960546255111694
64038 28 0.8960481286048889
36998 48 0.8959677219390869
16616 48 0.8953916430473328
6335 48 0.8951555490493774
77635 28 0.894862949848175
1645 48 0.894681990146637
61470 48 0.894665002822876
15551 48 0.8937488794326782
62065 28 0.8936285376548767
19315 48 0.8931621313095093
51895 48 0.8930734992027283
54165 48 0.8928643465042114
73416 28 0.8922916650772095
1493 24 0.8922606110572815
59520 48 0.8919633030891418
58299 28 0.891596794128418
11743 48 0.8911556005477905
29499 48 0.8909989595413208
86548 28 0.8908116817474365
12980 48 0.8906331062316895
13000 48 0.8906008005142212
87495 48 0.8897395133972168
53328 48 0.8891131281852722
65910 48 0.888785183429718
93599 48 0.8884897828102112
33355 28 0.8884289860725403
16585 28 0.888054609298706
82862 28 0.8872817158699036
64976 29 0.8872787952423096
25758 29 0.8869568109512329
85908 48 0.8868367075920105
76264 28 0.8866589069366455
2667 48 0.8865619897842407
38630 48 0.8849326968193054
51984 48 0.8846695423126221
46704 28 0.8841938376426697
77007 48 0.8838924765586853
65525 28 0.8836794495582581
67223 28 0.8835258483886719
86019 29 0.883354127407074
42942 48 0.8833211064338684
10071 28 0.8831309080123901
18686 48 0.8831099271774292
24468 29 0.8822464942932129
75421 48 0.881912112236023
10995 28 0.881450355052948
50724 28 0.8811447620391846
38208 48 0.880877673625946
65979 48 0.8806830048561096
84906 48 0.8805604577064514
91408 28 0.8805421590805054
75270 48 0.8804972171783447
21920 48 0.8803489804267883
60635 28 0.8802593350410461
48315 29 0.8802129626274109
18286 28 0.8801928758621216
67150 28 0.8800132274627686
85002 48 0.8799759149551392
78787 48 0.8794352412223816
14494 28 0.8792321681976318
1667 48 0.8790515661239624
37080 48 0.8788946270942688
48519 29 0.8785494565963745
21825 24 0.8777745366096497
94693 48 0.8776889443397522
27314 28 0.8772569298744202
77028 48 0.8771803379058838
11408 48 0.8769909739494324
48816 48 0.8768202066421509
80135 28 0.8766058683395386
65417 48 0.8760058879852295
37132 48 0.8748924732208252
57601 28 0.8737887740135193
59387 48 0.8721679449081421
26225 28 0.8721321225166321
62857 48 0.871790885925293
22178 48 0.8715405464172363
29326 48 0.8714833855628967
72316 29 0.8713790774345398
86762 48 0.8712906837463379
89267 48 0.8711812496185303
54711 48 0.8710107803344727
59226 48 0.8707411885261536
61500 48 0.8707039952278137
34760 28 0.8702166080474854
36876 28 0.869560182094574
79826 48 0.8686104416847229
81312 48 0.8685343861579895
79367 28 0.8683543801307678
11485 48 0.8683061003684998
59828 48 0.868205726146698
54329 28 0.867863118648529
17473 28 0.8677111268043518
80555 48 0.8676343560218811
77645 28 0.8671802878379822
33746 28 0.8670047521591187
37218 48 0.8667599558830261
62662 29 0.8666628003120422
50560 48 0.8666079640388489
38141 48 0.8665705919265747
87906 48 0.8665401935577393
52870 48 0.8657132983207703
50559 48 0.8656145930290222
74171 48 0.8656102418899536
65997 48 0.8655139803886414
17486 29 0.8651553988456726
77468 28 0.8647832870483398
39537 29 0.8646016120910645
65515 28 0.8640584945678711
66592 48 0.8638400435447693
11662 48 0.8634085655212402
63615 28 0.863032341003418
7350 48 0.8629039525985718
65374 48 0.8628605008125305
92300 48 0.861914336681366
34563 28 0.8617019057273865
48203 28 0.8615812063217163
29605 48 0.861508846282959
11419 48 0.8610628843307495
30855 48 0.8603015542030334
32990 28 0.8599885702133179
75068 28 0.859895646572113
61528 48 0.8596600294113159
76871 48 0.8594650030136108
29474 48 0.8590452075004578
78203 28 0.8587636947631836
54530 28 0.8587079644203186
59170 28 0.8586211800575256
37822 48 0.857955813407898
29617 48 0.8578247427940369
56621 29 0.8574320673942566
68022 28 0.8573582172393799
11609 48 0.8571812510490417
61515 48 0.8571462035179138
31210 48 0.8569197058677673
48812 48 0.856803297996521
22130 48 0.8558107018470764
49372 48 0.855803906917572
48797 48 0.8557689189910889
11470 48 0.8553124666213989
58206 48 0.854926586151123
29344 48 0.8547221422195435
7501 48 0.8542611598968506
38880 29 0.8540759086608887
50469 48 0.8540324568748474
59682 48 0.8539853692054749
47381 48 0.8539570569992065
34599 28 0.8535133004188538
94704 48 0.8534762263298035
22134 48 0.8534719944000244
48072 48 0.8534530401229858
1938 48 0.8533145189285278
8918 28 0.8532529473304749
1644 48 0.8530938029289246
34427 28 0.8528482913970947
48019 48 0.8521819114685059
59728 48 0.8517408967018127
59129 28 0.8517276644706726
56086 29 0.8516415357589722
7724 48 0.8513190746307373
52043 48 0.850983202457428
54182 48 0.8507406115531921
85880 48 0.8498020768165588
50496 48 0.8492556810379028
31897 48 0.848493218421936
21384 29 0.8484787344932556
48821 48 0.8482804298400879
11672 48 0.8482707738876343
58387 48 0.8480218052864075
72618 24 0.847775936126709
52952 28 0.8476442694664001
24606 28 0.8471245765686035
32449 28 0.8467115759849548
59857 48 0.8466461300849915
15469 48 0.8465509414672852
93506 48 0.8462948799133301
16258 28 0.8462926149368286
24923 29 0.8457846641540527
55432 48 0.8455871343612671
34759 28 0.8454445004463196
3478 28 0.8454281091690063
24327 28 0.845064103603363
84966 48 0.8450449109077454
63724 29 0.8448836207389832
84949 48 0.8446704149246216
68305 48 0.8445718884468079
75635 48 0.8441946506500244
59868 48 0.843977689743042
54115 48 0.8434340953826904
33700 28 0.8433962464332581
84925 48 0.8432267904281616
16706 48 0.8430564999580383
14506 28 0.8428786396980286
70697 48 0.842811644077301
4068 28 0.8426849246025085
29540 48 0.8424869775772095
29422 48 0.8419865965843201
84582 48 0.8419349789619446
54302 48 0.841741144657135
29542 48 0.8411505222320557
36299 28 0.8410586714744568
54841 28 0.8405555486679077
11256 48 0.8403471112251282
84789 48 0.8402170538902283
23226 28 0.8401803970336914
59376 48 0.8401413559913635
11642 48 0.8398489952087402
50409 48 0.8395905494689941
84923 48 0.8394840359687805
65781 48 0.8392730355262756
65491 48 0.8391541838645935
77155 48 0.8388432860374451
49402 48 0.8385503888130188
16590 48 0.8380322456359863
60322 48 0.8371992707252502
30362 29 0.8371626734733582
49416 48 0.836489200592041
54804 48 0.8359764218330383
72430 28 0.8356753587722778
11480 48 0.8352026343345642
20534 29 0.8351381421089172
11591 48 0.8345481753349304
52911 29 0.8340610265731812
35428 48 0.8321211934089661
37722 48 0.832095205783844
42440 48 0.831655740737915
94426 48 0.8316265344619751
53449 28 0.8312919735908508
11375 48 0.8308794498443604
49562 24 0.83066725730896
28472 28 0.8305217623710632
94683 48 0.8303669691085815
74094 28 0.8301205635070801
61523 48 0.8298681974411011
63753 28 0.8298356533050537
7526 48 0.8295075297355652
45922 28 0.8292415142059326
32889 28 0.8288690447807312
22413 48 0.8287970423698425
22401 48 0.828177809715271
36996 48 0.8278549909591675
54227 48 0.8274005651473999
75262 48 0.8273047804832458
50354 28 0.8270850777626038
79699 48 0.8267697691917419
49100 48 0.8257425427436829
48091 48 0.8249907493591309
11457 48 0.8249406814575195
84618 28 0.8248516321182251
70445 48 0.8246608972549438
6143 48 0.8244108557701111
66683 48 0.8240460157394409
75128 48 0.8238992094993591
60250 48 0.8235762119293213
74281 48 0.8233181238174438
51900 48 0.8232383728027344
22345 48 0.8230550289154053
66301 48 0.8229920268058777
87135 48 0.8229541778564453
54983 28 0.822938084602356
37829 48 0.8227860927581787
50927 29 0.8227406740188599
11756 48 0.8227386474609375
24171 48 0.8227005004882812
4485 28 0.8226891756057739
11676 48 0.8226109147071838
35881 24 0.8225238919258118
66596 48 0.8216978907585144
24228 48 0.8214671611785889
90188 24 0.8211212754249573
88069 24 0.820717990398407
62711 48 0.8205225467681885
69696 28 0.8204277753829956
29327 48 0.8203173875808716
87110 28 0.8203158378601074
48910 48 0.8201958537101746
60181 48 0.8201025724411011
59575 48 0.8199335336685181
11356 48 0.8198537230491638
11762 48 0.8194562196731567
51979 48 0.8194226026535034
87625 48 0.8193551301956177
41156 28 0.8192887902259827
66626 48 0.8182984590530396
534 28 0.8180534243583679
69230 28 0.8180026412010193
54121 48 0.8176270127296448
16742 28 0.8175492286682129
49386 48 0.817496120929718
21964 48 0.8170982003211975
2741 28 0.8168719410896301
58061 48 0.816773533821106
71824 48 0.8167034983634949
37191 48 0.8163741827011108
76405 48 0.8148138523101807
11318 48 0.8146123886108398
54031 28 0.8143672943115234
48074 48 0.8138904571533203
51919 48 0.8137356042861938
48043 48 0.8127340078353882
52458 28 0.812495231628418
68392 48 0.8121443390846252
1711 48 0.8118658661842346
34594 29 0.8116687536239624
57420 24 0.811511218547821
78326 48 0.8114026188850403
58118 48 0.810856282711029
39873 48 0.8107637166976929
54798 48 0.8105387687683105
30472 28 0.8104131817817688
37195 48 0.8103801608085632
58115 48 0.8100700378417969
22029 48 0.8097835183143616
51932 48 0.8094511032104492
29352 48 0.8092396855354309
75512 48 0.8083758354187012
13750 48 0.8079260587692261
66615 48 0.8074827194213867
78066 24 0.8069390058517456
11281 48 0.8066929578781128
75310 48 0.8066048622131348
18509 29 0.8061324954032898
48916 48 0.8055928945541382
42652 48 0.8054718971252441
21732 29 0.8054540157318115
84247 48 0.8045055270195007
11815 48 0.8044141530990601
94200 48 0.8043744564056396
25843 48 0.8040808439254761
15453 48 0.803596556186676
31601 48 0.8034981489181519
37167 48 0.8030698299407959
21996 48 0.8027918934822083
84896 48 0.8025549650192261
81040 48 0.8024582266807556
15834 28 0.8020328283309937
88209 48 0.8013992309570312
15562 48 0.801316499710083
3281 48 0.8012632131576538
37796 48 0.8004523515701294
59391 48 0.7998542785644531
66674 48 0.7987844347953796
75524 48 0.7982991337776184
87946 28 0.7981287240982056
72440 28 0.7976492643356323
74196 48 0.7976333498954773
83895 48 0.797597348690033
30985 48 0.7972389459609985
62605 28 0.7972205281257629
84934 48 0.7958899736404419
48879 48 0.7957121729850769
65659 48 0.7956476807594299
15397 48 0.7954012751579285
61704 29 0.7952947020530701
41948 28 0.7948689460754395
27713 28 0.7948232293128967
76745 28 0.7948230504989624
76886 48 0.7947768568992615
85569 48 0.7939398288726807
36674 29 0.7935154438018799
15574 48 0.7932413816452026
1673 48 0.7929672598838806
19294 48 0.79257732629776
31542 48 0.7923998832702637
37595 48 0.7923232913017273
50843 48 0.7921430468559265
29336 48 0.7919771671295166
44232 48 0.7918708920478821
30359 29 0.7917632460594177
18978 28 0.7917209267616272
87130 48 0.7909010648727417
65534 28 0.7901719808578491
6520 28 0.7895641922950745
39869 48 0.7889045476913452
11556 48 0.7888848781585693
11576 48 0.7882048487663269
22113 48 0.7879314422607422
30914 28 0.7875571250915527
72782 28 0.787478506565094
51280 28 0.7874274849891663
30790 48 0.7871304750442505
29461 48 0.7871035933494568
6683 28 0.7868746519088745
52802 28 0.7866905331611633
56534 28 0.78604656457901
71816 48 0.7858931422233582
64958 29 0.7856178283691406
75141 48 0.7856160402297974
83324 24 0.7852291464805603
76551 48 0.7850667834281921
54568 48 0.7847626209259033
11816 48 0.7845350503921509
4682 28 0.7841095924377441
15528 48 0.7839138507843018
71499 28 0.7837039232254028
39481 28 0.7832805514335632
21949 48 0.783233106136322
35734 28 0.7831339240074158
2858 28 0.7830353379249573
86763 48 0.7830233573913574
11342 48 0.7828692197799683
33735 28 0.7827585935592651
22061 48 0.7825415134429932
75103 48 0.7816954255104065
66224 48 0.7815799713134766
15432 48 0.7815760970115662
25309 28 0.7814306020736694
11510 48 0.7812708020210266
15612 48 0.781082034111023
55889 48 0.7803409099578857
3254 48 0.7796810865402222
29506 48 0.7794259786605835
85013 48 0.7787968516349792
29651 48 0.7780563235282898
11786 48 0.7779439091682434
69455 28 0.7778549790382385
65480 48 0.7777849435806274
29380 48 0.777573823928833
21438 28 0.7774558067321777
77031 48 0.7773609757423401
37176 48 0.7772483825683594
94707 48 0.7770505547523499
21948 48 0.7768566608428955
16708 48 0.7765465974807739
3932 48 0.7757688164710999
79350 29 0.7756269574165344
13921 28 0.7750875353813171
6531 28 0.7746167182922363
26009 48 0.7744585275650024
88886 48 0.7739917039871216
77662 29 0.7739683389663696
59529 48 0.7739574313163757
65473 48 0.7739421725273132
11584 48 0.7736337780952454
94779 48 0.7735509872436523
29622 48 0.7735398411750793
84848 28 0.7734051942825317
85039 48 0.7732902765274048
35071 28 0.7731943130493164
50013 48 0.7726410627365112
11327 48 0.7726277709007263
17389 28 0.772580623626709
42027 28 0.772527277469635
65423 48 0.7724538445472717
51897 48 0.7723035216331482
26315 29 0.7722726464271545
7490 48 0.7721259593963623
49347 48 0.7720893621444702
58136 48 0.7715323567390442
11515 48 0.771196722984314
83812 48 0.7711149454116821
46075 28 0.7703379988670349
66323 48 0.769757091999054
75323 48 0.769643247127533
24482 24 0.7695246338844299
54793 48 0.769432008266449
48057 48 0.7689882516860962
64143 48 0.7688844799995422
37806 48 0.7688493132591248
79659 48 0.7686895132064819
50400 48 0.768668532371521
79642 48 0.7685878276824951
93716 48 0.7681644558906555
59526 48 0.7678725123405457
66174 48 0.7678568959236145
26816 28 0.7677358388900757
49147 48 0.7675223350524902
79582 48 0.7673586010932922
25030 28 0.7671738266944885
44284 48 0.7669259905815125
68825 28 0.7666029930114746
61351 28 0.7665104269981384
94673 48 0.7664408087730408
11671 48 0.7664196491241455
58034 48 0.7661252617835999
37122 48 0.7660849690437317
52885 48 0.7659537196159363
84840 48 0.7658923864364624
11818 48 0.7657983303070068
11334 48 0.765748143196106
87261 29 0.7652792930603027
10085 28 0.7647663950920105
32617 28 0.7646005749702454
22414 48 0.7638201117515564
26781 29 0.7632041573524475
65448 48 0.7628039717674255
61529 48 0.7624478936195374
37185 48 0.7623736262321472
65673 48 0.7621660232543945
87060 28 0.7621287107467651
94703 48 0.7613173723220825
41160 28 0.7612279057502747
18483 28 0.7610505819320679
85969 48 0.7610107660293579
38557 48 0.7610011696815491
44507 48 0.7608811259269714
59382 48 0.7607864737510681
48566 36 0.7607851624488831
58629 48 0.7607290744781494
79644 48 0.76002037525177
63866 28 0.7596035599708557
59437 48 0.7596033215522766
19688 28 0.7594374418258667
93891 28 0.7592098116874695
54173 48 0.759089469909668
65358 48 0.7588359117507935
64544 24 0.7582901120185852
57395 28 0.7581281661987305
16177 28 0.7580855488777161
85279 28 0.7579132914543152
27266 28 0.7573748826980591
11594 48 0.757120668888092
88549 24 0.7570836544036865
31806 28 0.7570693492889404
62597 28 0.7564879059791565
50387 29 0.7564653158187866
24197 48 0.7559421062469482
37351 48 0.7554315328598022
93477 48 0.7554277777671814
34057 28 0.7548106908798218
49395 48 0.7547284364700317
67268 48 0.754539966583252
22377 48 0.7544953227043152
21946 48 0.7544202208518982
11783 48 0.7540371417999268
76588 48 0.7540336847305298
13744 48 0.7540292739868164
29023 29 0.7538647651672363
20859 48 0.7534732818603516
11145 48 0.7533974051475525
74280 48 0.7533180117607117
17824 28 0.7530372738838196
66680 48 0.752799928188324
37723 48 0.7525474429130554
73029 28 0.7522011399269104
36107 28 0.7520560622215271
86363 24 0.7516915798187256
38624 48 0.7514902949333191
15607 48 0.7514858841896057
38538 48 0.7514281272888184
55038 28 0.7512028813362122
29092 48 0.7510664463043213
11533 48 0.7506929636001587
79451 48 0.7502586841583252
22087 48 0.7497231364250183
77882 28 0.7492987513542175
22319 48 0.7492312788963318
59856 48 0.7492274045944214
2707 24 0.7488325834274292
38564 48 0.7487083673477173
77017 48 0.7487046122550964
29337 48 0.7483693361282349
22321 48 0.7482360005378723
1894 24 0.7479746341705322
65436 48 0.74793541431427
22419 48 0.7476915121078491
9661 28 0.7476613521575928
49356 48 0.7473554015159607
62769 48 0.7463112473487854
72406 28 0.7460598349571228
23808 24 0.745733380317688
94712 48 0.7454999685287476
61538 48 0.7452647686004639
49381 48 0.7447565197944641
4899 24 0.7445360422134399
27595 28 0.7445090413093567
11437 48 0.744365930557251
10180 48 0.7443399429321289
86765 48 0.7443361878395081
22318 48 0.7442191243171692
38360 48 0.7441345453262329
10419 48 0.7439197301864624
85962 28 0.7439138293266296
11431 48 0.7438972592353821
22328 48 0.7438259124755859
17573 28 0.7438075542449951
1640 48 0.7437523603439331
39410 28 0.7436754703521729
38588 48 0.7432874441146851
67608 24 0.7429224252700806
22336 48 0.7429064512252808
22411 48 0.7427632808685303
48998 28 0.7424838542938232
49403 48 0.7420362234115601
14683 48 0.7419309616088867
52783 28 0.7414078712463379
11601 48 0.7413735389709473
79770 48 0.7413391470909119
32549 29 0.7410967350006104
11681 48 0.7410285472869873
11552 48 0.740946888923645
37946 48 0.7403453588485718
34401 29 0.7401151657104492
11503 48 0.7400990724563599
24463 29 0.7392609715461731
71567 48 0.7390695810317993
18593 48 0.7389144897460938
11559 48 0.7387673258781433
71827 48 0.7386490702629089
50189 48 0.7385993003845215
37357 48 0.738517701625824
4895 48 0.738346517086029
84402 28 0.7383384704589844
37438 48 0.738274097442627
29348 48 0.7374810576438904
88965 48 0.7370288968086243
16432 48 0.7369614243507385
65427 48 0.7368512153625488
29573 48 0.736696183681488
7598 48 0.7365815043449402
28296 29 0.7363128662109375
24864 28 0.736244797706604
87631 48 0.736045777797699
17827 28 0.7360098958015442
67905 28 0.7359405159950256
58075 48 0.7357127666473389
55536 48 0.7354640364646912
57092 28 0.7350947260856628
48791 48 0.7348559498786926
26350 28 0.7346503734588623
80287 28 0.734375536441803
65441 48 0.7342725992202759
11624 48 0.7337587475776672
20948 28 0.733647346496582
66644 48 0.7334439158439636
19897 28 0.7332963943481445
65728 48 0.7331917881965637
76793 48 0.7331079840660095
49535 48 0.7330403923988342
10507 48 0.7329670190811157
52131 48 0.7327957153320312
50837 48 0.7326617240905762
57219 28 0.732528030872345
22987 48 0.7322200536727905
75028 24 0.7313014268875122
37738 48 0.73111891746521
15444 48 0.7310754060745239
49877 48 0.7308424115180969
26 48 0.7307727336883545
84212 28 0.7300675511360168
57943 24 0.7300121188163757
55532 48 0.729732096195221
52044 48 0.7295361757278442
65165 28 0.7293050289154053
20385 48 0.7292900085449219
75437 48 0.7290137410163879
55548 48 0.7285318970680237
20858 48 0.7284994125366211
37654 48 0.7283458113670349
22956 29 0.7281749844551086
7082 28 0.7280048727989197
22758 24 0.7278189063072205
48925 48 0.72749924659729
5983 48 0.7274242639541626
65309 48 0.72715824842453
24540 28 0.7267625331878662
64106 29 0.7267507910728455
89390 48 0.7263563275337219
27105 28 0.7263075113296509
6205 48 0.7262769937515259
21166 36 0.7260875701904297
48826 48 0.7258265018463135
80633 48 0.7254588007926941
31664 48 0.7253236174583435
23878 28 0.7251969575881958
53674 48 0.7249863743782043
22238 48 0.7248589396476746
25983 28 0.7244534492492676
92271 48 0.7244054079055786
22024 48 0.7242200970649719
95693 29 0.7242163419723511
66611 48 0.7239091992378235
84928 48 0.7238895297050476
29575 48 0.7238290309906006
11525 48 0.7236484885215759
64966 28 0.7233933210372925
49414 48 0.7232975959777832
42423 48 0.7226625084877014
39828 48 0.7226290702819824
25591 28 0.7224540114402771
59694 48 0.7222492694854736
6648 28 0.7220966219902039
11737 48 0.7220607399940491
5622 48 0.721968412399292
65087 28 0.7216576337814331
73710 48 0.721522331237793
37797 48 0.7214661240577698
59519 48 0.7214214205741882
11647 48 0.7213525176048279
30839 48 0.721027135848999
37719 48 0.7209101915359497
62820 48 0.7208662629127502
9303 36 0.7208037376403809
65340 48 0.7206356525421143
64381 24 0.7206041812896729
11856 28 0.7205881476402283
50495 48 0.7205246686935425
74263 48 0.7204508781433105
84522 48 0.7201398015022278
13507 28 0.7200226187705994
10657 48 0.7197229862213135
54825 48 0.7194442749023438
22324 48 0.7191511988639832
28524 48 0.718878448009491
93141 48 0.7188467383384705
56997 28 0.7186989784240723
10239 28 0.7186493873596191
16623 28 0.7185416221618652
47970 28 0.718272864818573
11445 48 0.718262255191803
7289 48 0.7177735567092896
31094 48 0.7176227569580078
47608 48 0.7175167798995972
46774 28 0.7175011038780212
11631 48 0.7173680663108826
30263 24 0.7173205018043518
3424 48 0.7172878384590149
66157 48 0.7171847820281982
93505 48 0.7169473171234131
93760 48 0.7163075804710388
85019 48 0.7158852815628052
30468 28 0.7155969738960266
65452 48 0.7154778838157654
2458 48 0.7153363823890686
53322 48 0.7151538133621216
61484 48 0.715068519115448
19153 28 0.7140308618545532
49957 48 0.714004635810852
52195 48 0.7136988639831543
11596 48 0.7134420871734619
59298 48 0.7129225730895996
13926 28 0.7128468155860901
41359 29 0.712295413017273
19278 48 0.7120488882064819
54786 48 0.7119531631469727
78562 48 0.711686909198761
37621 48 0.711597740650177
62851 48 0.7115737795829773
31325 28 0.7111759185791016
30307 28 0.7110331654548645
22286 48 0.7107012867927551
20470 28 0.7104405760765076
59448 48 0.7104160785675049
86374 48 0.7102364301681519
31087 48 0.709976315498352
15388 48 0.7096790075302124
9380 48 0.7095253467559814
545 1 0.7094197869300842
22055 48 0.7093724012374878
61442 48 0.7093514800071716
60182 48 0.7092901468276978
22146 48 0.708681583404541
11602 48 0.7085565328598022
68306 48 0.7085534930229187
83552 28 0.708520770072937
29427 48 0.7085045576095581
48880 48 0.7084168791770935
80519 48 0.7083786129951477
64114 28 0.708139955997467
10385 29 0.7075888514518738
7487 48 0.7071691155433655
51573 48 0.7071530818939209
62961 48 0.7068005204200745
11207 48 0.7065653204917908
69948 28 0.7062787413597107
29647 48 0.7062093019485474
68898 28 0.7061593532562256
22179 48 0.7060821652412415
37835 28 0.7058624625205994
49418 28 0.7054337859153748
11268 48 0.7053974866867065
22015 48 0.7053512930870056
95381 48 0.7052193880081177
52209 48 0.7050890922546387
65407 48 0.7050764560699463
84518 48 0.7048730254173279
89556 48 0.7047645449638367
51279 28 0.7042929530143738
4665 28 0.704021155834198
60364 48 0.703769326210022
38590 48 0.7037027478218079
29570 48 0.7036905884742737
61485 48 0.703654408454895
49328 48 0.7035431861877441
7421 28 0.7032786011695862
90838 48 0.7030531167984009
7137 48 0.7028146386146545
89200 48 0.7023335695266724
11295 48 0.7019346356391907
25134 28 0.701566219329834
11302 48 0.7015215754508972
75628 48 0.7014707922935486
76976 48 0.7010270357131958
15436 48 0.700962483882904
44278 48 0.7004401683807373
22251 48 0.7003058195114136
54744 48 0.6998339295387268
29512 48 0.6994892358779907
77032 48 0.6991671323776245
63865 28 0.6991565227508545
50955 48 0.6989193558692932
28058 28 0.6989026069641113
30298 28 0.698519229888916
85025 48 0.6984007954597473
15996 28 0.6983034014701843
13100 28 0.698185920715332
59727 48 0.6977343559265137
6008 48 0.6976773142814636
82686 28 0.6976442337036133
11427 48 0.6975824236869812
76777 48 0.6974019408226013
64615 48 0.6971626281738281
17184 28 0.6969194412231445
29596 48 0.6966797113418579
49227 28 0.6964849829673767
54816 48 0.6962258815765381
36557 28 0.6960901618003845
43685 48 0.69579017162323
18777 48 0.6954994797706604
11492 48 0.6950908899307251
18280 36 0.6948204636573792
64610 48 0.694730818271637
94761 48 0.6946810483932495
29196 28 0.6945075392723083
15435 48 0.6944183111190796
94776 48 0.6943668723106384
61962 28 0.6942939162254333
36221 29 0.6940956711769104
81203 48 0.6940358877182007
71608 48 0.6934258937835693
48655 28 0.693385899066925
39822 48 0.6931533217430115
29679 48 0.6930585503578186
72678 28 0.6927415132522583
71820 48 0.6923835277557373
18333 36 0.6919528841972351
59492 48 0.6918950080871582
84269 48 0.6916695833206177
50813 48 0.6914656758308411
61490 48 0.691362202167511
75135 48 0.6911023855209351
51458 29 0.6910947561264038
11723 48 0.6910852789878845
14832 48 0.6903989315032959
22702 29 0.6903659105300903
8286 48 0.6902967691421509
79339 28 0.6902418732643127
82603 29 0.6902162432670593
84969 48 0.6899526715278625
52439 48 0.6898488998413086
91760 48 0.6895924806594849
76918 48 0.6894984841346741
11726 48 0.689287006855011
29473 48 0.6887090802192688
37173 48 0.6884840726852417
29656 48 0.6883952617645264
61452 48 0.6880896687507629
58110 48 0.6877042055130005
37019 48 0.6875373721122742
55442 48 0.6872917413711548
62806 48 0.6872116327285767
85680 48 0.6870663166046143
61200 28 0.6865266561508179
36920 48 0.6861194968223572
22334 48 0.6859727501869202
73923 29 0.6859137415885925
92259 48 0.6858561038970947
83174 28 0.6856878399848938
33365 28 0.6855445504188538
77732 24 0.685474157333374
11740 48 0.6854524612426758
8199 48 0.6853958368301392
14266 28 0.6852381229400635
49903 48 0.6851381659507751
44276 48 0.6850802302360535
65393 48 0.6850599646568298
13406 36 0.6848428249359131
22420 48 0.6847074031829834
4516 28 0.6845841407775879
65400 48 0.6845369338989258
48052 48 0.6845251321792603
61544 48 0.6844351887702942
75483 48 0.6843987703323364
48027 48 0.6843979358673096
80349 48 0.6837643980979919
32169 48 0.6837183833122253
87462 48 0.68302321434021
68165 29 0.6830165386199951
63407 48 0.6828948259353638
76478 48 0.6827368140220642
63218 28 0.6826551556587219
58534 28 0.6826030015945435
16495 48 0.6824973821640015
25775 28 0.6824237108230591
30251 28 0.6822928786277771
84912 48 0.6819515824317932
476 48 0.681814968585968
11593 48 0.6811403036117554
7470 48 0.6803027391433716
12528 24 0.6802586317062378
12045 48 0.6798108816146851
39863 48 0.6797406673431396
41332 48 0.6796560287475586
64545 48 0.6796126961708069
6052 48 0.6793290376663208
1234 28 0.6792808771133423
71552 48 0.6790186166763306
24229 48 0.6786673069000244
29409 48 0.678572952747345
15606 48 0.6778484582901001
18424 48 0.677496075630188
54718 48 0.6772063970565796
21571 28 0.677050769329071
75522 48 0.6769248247146606
2658 48 0.6767733097076416
73658 28 0.6767456531524658
32596 29 0.6765631437301636
15476 48 0.6764264106750488
31531 48 0.6762933135032654
75499 48 0.6760474443435669
37200 48 0.6759900450706482
44187 48 0.6757341623306274
51521 48 0.6751686930656433
5574 48 0.6749317646026611
2099 48 0.6749294400215149
48417 28 0.6747408509254456
58046 48 0.6742335557937622
37960 28 0.6742140650749207
55250 48 0.6740525960922241
4945 29 0.6730596423149109
49155 48 0.67280113697052
91279 29 0.6726895570755005
84920 48 0.6724038124084473
91991 48 0.6722715497016907
59296 48 0.6720720529556274
27390 48 0.6719409227371216
53261 48 0.6717773079872131
31275 29 0.671651303768158
30375 29 0.6710928082466125
38177 48 0.6710073947906494
36368 28 0.6708824634552002
11696 48 0.6706710457801819
36937 48 0.670491635799408
75136 48 0.6702845692634583
54743 48 0.6697402596473694
29417 48 0.6696491241455078
60755 48 0.6695997714996338
38555 48 0.6691989302635193
84341 24 0.6690889596939087
79225 28 0.6687494516372681
37431 48 0.6686885356903076
51898 48 0.6686292886734009
90131 48 0.6685127019882202
60911 28 0.668390154838562
38759 29 0.6681092977523804
75196 36 0.6680899858474731
59272 48 0.6679483652114868
37078 48 0.667759358882904
67748 28 0.6676681041717529
91400 29 0.6675192713737488
83534 24 0.6674864292144775
84921 48 0.66731196641922
37524 48 0.6671920418739319
22227 48 0.6671774387359619
29465 48 0.6670931577682495
34555 28 0.6669000387191772
62804 48 0.6668867468833923
25019 28 0.6668319702148438
51115 28 0.6668112277984619
65439 48 0.6667813658714294
93228 48 0.6667488217353821
87382 48 0.6667284369468689
79422 48 0.6665716171264648
49964 48 0.6664733290672302
26045 48 0.6663921475410461
37042 48 0.6661375164985657
48878 48 0.6657874584197998
6360 48 0.6655865907669067
79522 48 0.6653708219528198
37023 48 0.6653203964233398
31519 48 0.6652047634124756
37039 48 0.6651502847671509
23984 48 0.6651390790939331
22173 48 0.6650274395942688
84492 48 0.6649733781814575
30518 28 0.6646533608436584
58710 28 0.6645933985710144
79776 48 0.6645767688751221
37183 48 0.6642831563949585
65649 48 0.6642354130744934
22138 48 0.6639263033866882
69175 28 0.6638396978378296
48877 48 0.6637608408927917
60299 48 0.6637189984321594
75134 48 0.6635980606079102
8861 29 0.6635650992393494
26539 28 0.6631648540496826
61726 48 0.6629279851913452
94783 48 0.6624193787574768
84331 48 0.6624167561531067
31098 48 0.6623010039329529
70373 28 0.6622921228408813
36997 48 0.6621278524398804
18797 48 0.661941647529602
83616 28 0.6618856191635132
35361 48 0.6618054509162903
29694 48 0.6617741584777832
72146 29 0.6617733836174011
83309 28 0.6615853905677795
68322 48 0.6613667607307434
10238 28 0.6612851023674011
29821 29 0.6611738801002502
61545 48 0.6609723567962646
61297 24 0.6604805588722229
18351 36 0.6603754162788391
11670 48 0.6603493094444275
48090 48 0.6603174805641174
52478 48 0.6602408289909363
17966 24 0.6601119041442871
11319 48 0.6599211096763611
3757 48 0.6597086191177368
6388 48 0.6594216227531433
77347 9 0.6590505242347717
15507 48 0.6588058471679688
52841 48 0.6586427688598633
55676 48 0.6586396098136902
71817 48 0.6584211587905884
65299 48 0.6577427983283997
25723 28 0.6575828790664673
37780 48 0.6574994325637817
76892 48 0.657253623008728
63253 28 0.657005786895752
50478 48 0.6569795608520508
64540 48 0.6569238901138306
43863 48 0.6568208336830139
42448 48 0.6566745638847351
90648 28 0.6560965180397034
51927 48 0.6557034254074097
11684 48 0.6555236577987671
54707 48 0.6554269790649414
75316 48 0.6551486849784851
12997 48 0.6548064947128296
37266 48 0.6547625064849854
76553 48 0.654629111289978
76308 48 0.6540691256523132
53309 29 0.6539293527603149
77297 28 0.6538739204406738
65455 48 0.6538575887680054
81202 48 0.6535735726356506
34548 29 0.6534079313278198
31704 36 0.653334379196167
84858 48 0.6533020734786987
18344 36 0.6529707312583923
78629 48 0.6528406739234924
37058 48 0.6527858972549438
20251 29 0.6522149443626404
13067 48 0.652019202709198
58089 28 0.651984691619873
73716 28 0.6517070531845093
63595 28 0.6516027450561523
48863 48 0.6515347361564636
44185 48 0.6508489847183228
62794 48 0.650665283203125
79675 48 0.6505786776542664
29581 48 0.6503491401672363
72623 28 0.6501531004905701
3799 28 0.650058388710022
69087 48 0.6498360633850098
51989 48 0.6496952772140503
56174 29 0.6496249437332153
11563 48 0.649610161781311
45821 24 0.6494070291519165
22402 48 0.6490899324417114
11476 48 0.6490756869316101
8736 29 0.6488548517227173
75649 48 0.6488413214683533
94797 48 0.6488305926322937
62969 48 0.6484503149986267
19929 28 0.6482955813407898
11504 48 0.6478902697563171
39555 23 0.6474443078041077
95572 28 0.6473608613014221
80526 48 0.6472440958023071
38205 48 0.6470368504524231
7109 48 0.6469207406044006
77392 28 0.6468672752380371
16292 28 0.6467141509056091
2333 48 0.646586537361145
39874 48 0.646252453327179
7779 48 0.6462485194206238
92955 48 0.6460995078086853
22379 48 0.6460466980934143
32690 29 0.6460007429122925
79212 48 0.6459634304046631
61547 48 0.6458429098129272
34061 28 0.6458296179771423
8731 28 0.6458280682563782
6337 48 0.6453713774681091
34386 48 0.6449270844459534
15615 48 0.6447985768318176
48008 48 0.6447758078575134
30811 48 0.6446006894111633
54802 48 0.6445542573928833
54283 48 0.6444458365440369
23010 48 0.6440732479095459
14146 28 0.6438371539115906
15624 48 0.6438044309616089
89710 48 0.6437027454376221
50795 48 0.643632173538208
36406 28 0.6435762643814087
29606 48 0.6435709595680237
11719 48 0.6435174345970154
82817 28 0.6434340476989746
65136 48 0.6428598165512085
22009 48 0.6427980065345764
37393 48 0.6424952149391174
5589 48 0.6424451470375061
16662 48 0.6422302722930908
27645 28 0.6422038674354553
17826 29 0.6420592665672302
87114 24 0.6419751048088074
1228 28 0.6416873931884766
28197 28 0.641527533531189
54794 48 0.641414225101471
39233 28 0.6413276791572571
22407 48 0.641322910785675
84586 48 0.6412585377693176
76962 48 0.6411890983581543
48885 48 0.6404880881309509
39097 28 0.6404187679290771
84790 48 0.6401961445808411
65566 29 0.6395455598831177
94226 48 0.6394326090812683
12781 28 0.6391528248786926
34422 29 0.6389234066009521
3741 28 0.6385680437088013
75393 28 0.6385263204574585
48018 48 0.6383765339851379
26149 48 0.6382099390029907
75254 48 0.6381197571754456
89620 48 0.6380197405815125
83638 24 0.6379874348640442
68856 24 0.6379431486129761
29807 28 0.6373016834259033
79364 28 0.6370950937271118
53243 36 0.6369124054908752
11612 48 0.6367583274841309
52369 48 0.6367224454879761
76816 48 0.6365200877189636
75109 48 0.6365117430686951
49881 48 0.6357436180114746
77670 28 0.6356394290924072
14830 48 0.6356236934661865
77383 28 0.635420024394989
83713 48 0.6352015137672424
59294 48 0.6350359320640564
11793 48 0.6345130205154419
62355 48 0.6336848139762878
30981 48 0.6335824131965637
82197 28 0.6334479451179504
47776 9 0.6332219839096069
74192 48 0.6329268217086792
80422 29 0.6328015923500061
30865 48 0.6324253678321838
77022 48 0.6321986317634583
37754 48 0.632057785987854
1655 48 0.6317624449729919
72444 24 0.6315667033195496
64037 28 0.6314804553985596
52899 48 0.6314087510108948
73499 28 0.6313574910163879
87717 29 0.6312431693077087
42449 48 0.6310077905654907
85902 48 0.6305766701698303
88633 48 0.6302624344825745
53865 48 0.6302342414855957
51749 24 0.6298864483833313
22215 48 0.6296553611755371
75137 48 0.6296261548995972
78532 48 0.6295803785324097
1399 24 0.6293718218803406
58019 48 0.6293410658836365
41194 28 0.6286858320236206
24173 48 0.6282817721366882
13463 6 0.6281370520591736
79463 48 0.6279427409172058
64249 36 0.627933144569397
56022 28 0.6274806261062622
59658 48 0.6274687647819519
73044 48 0.6273960471153259
12056 48 0.6272202730178833
28941 28 0.6269229054450989
30932 48 0.6267216801643372
62606 28 0.6266969442367554
21336 24 0.6264455318450928
63699 28 0.6263828873634338
2849 28 0.6263445019721985
48637 24 0.626221776008606
5731 28 0.6262185573577881
71343 29 0.6261903643608093
4151 28 0.6261143684387207
76862 48 0.6260830163955688
53834 48 0.6260043382644653
30795 48 0.6259763240814209
93836 48 0.6259316802024841
28545 48 0.625876784324646
58226 48 0.6258556246757507
20962 8 0.6258214712142944
75108 48 0.625759482383728
22137 48 0.6255591511726379
49318 48 0.6248894333839417
21969 48 0.6248300671577454
87922 48 0.6247988939285278
32694 29 0.6244531869888306
85269 28 0.6244449019432068
1988 28 0.6241223216056824
49009 29 0.624111533164978
11947 36 0.6239782571792603
52032 48 0.6239449381828308
14855 28 0.623928964138031
29654 48 0.6237822771072388
11195 48 0.6236838698387146
38144 48 0.6235520243644714
8628 36 0.623217761516571
11323 48 0.6230291724205017
69080 28 0.622992217540741
75580 49 0.6228276491165161
36217 28 0.6226619482040405
22341 48 0.6225268840789795
65476 48 0.6224492788314819
29550 48 0.6223865151405334
36885 28 0.6221240162849426
94207 48 0.6210200190544128
87335 24 0.6209286451339722
47997 48 0.6209104061126709
57796 28 0.6207271814346313
75555 48 0.620667040348053
82788 28 0.6200004816055298
48918 48 0.6198555827140808
54245 48 0.6197548508644104
4479 28 0.6197043657302856
65693 48 0.6196355223655701
62260 28 0.6193532943725586
22316 48 0.619320273399353
25605 24 0.6192886233329773
7723 48 0.6190589666366577
58244 48 0.6190352439880371
60311 24 0.6189702153205872
65486 48 0.6189228296279907
49908 48 0.6189082860946655
52374 48 0.6187397241592407
29646 48 0.6186874508857727
17528 28 0.6186819076538086
85873 48 0.6186201572418213
79821 48 0.6185969710350037
60800 48 0.6184312701225281
57903 24 0.6183028221130371
75460 48 0.6176795363426208
38243 48 0.6176735162734985
94782 48 0.617484450340271
11561 48 0.6174694299697876
11652 48 0.6173178553581238
29554 48 0.6171362400054932
58119 48 0.6168047189712524
24948 48 0.6167663931846619
56970 29 0.6166576147079468
13003 48 0.6163984537124634
44178 48 0.6162883043289185
76485 48 0.616254448890686
19728 29 0.616249144077301
66597 48 0.6161140203475952
48850 48 0.6160613298416138
75344 48 0.6158862709999084
65478 48 0.6158101558685303
27764 29 0.6156495809555054
22051 48 0.6154767870903015
49934 48 0.6153931021690369
49325 48 0.6152823567390442
75133 48 0.6152094006538391
16713 48 0.6151984930038452
84954 48 0.6149649024009705
80748 48 0.6148828268051147
52000 48 0.6146318316459656
27464 28 0.6143075823783875
58788 28 0.6139646172523499
71780 48 0.6138221621513367
37479 48 0.6136837005615234
65264 48 0.6135737299919128
18064 36 0.6134418249130249
29343 48 0.6134318709373474
49316 48 0.613419771194458
62850 48 0.6133533120155334
75451 48 0.6133530139923096
80513 48 0.6132932305335999
75124 48 0.6131941080093384
44226 48 0.6131907105445862
53286 48 0.6124154925346375
50482 48 0.6120131015777588
11690 48 0.6117185354232788
3257 48 0.6116103529930115
62913 48 0.6112610697746277
84926 48 0.6111374497413635
60594 29 0.6111291646957397
54734 48 0.6110990643501282
22154 48 0.6108971238136292
21820 29 0.6108138561248779
63419 48 0.6101092100143433
48813 48 0.6100700497627258
7558 48 0.610046923160553
2242 29 0.6094892024993896
919 48 0.6094814538955688
61810 28 0.6093050837516785
31065 48 0.6092122197151184
61970 28 0.6091811656951904
48017 48 0.6091392636299133
30913 48 0.6088938117027283
51934 48 0.6086744070053101
5922 48 0.6086298227310181
60628 48 0.6085550785064697
27488 9 0.6085139513015747
61585 28 0.6084558963775635
92316 48 0.6083888411521912
37414 48 0.6082245707511902
19627 28 0.6076967120170593
22037 48 0.6075603365898132
81164 48 0.6074851155281067
16664 48 0.6074709892272949
39514 28 0.607404887676239
29496 48 0.607378363609314
49002 28 0.6073639392852783
11383 48 0.6072819828987122
85841 48 0.6072540283203125
82589 1 0.607168972492218
22150 48 0.6069971919059753
31877 28 0.606856107711792
48810 48 0.6068418025970459
20675 28 0.6067869663238525
11582 48 0.6067498922348022
76414 48 0.6066116094589233
11729 48 0.6065694689750671
84572 48 0.6063228845596313
22049 48 0.6062981486320496
62590 28 0.6062686443328857
65444 48 0.606168806552887
49394 48 0.6057782173156738
58356 48 0.6056631803512573
92335 48 0.6056344509124756
52888 28 0.605610191822052
7486 48 0.6055881381034851
22093 48 0.6054409146308899
90737 48 0.6053958535194397
84293 48 0.605392575263977
63543 48 0.6053498983383179
77699 24 0.6053297519683838
56759 48 0.6052443385124207
59768 48 0.605218231678009
84506 48 0.6052021384239197
62710 48 0.6048508286476135
65676 48 0.6046401858329773
11722 48 0.6046399474143982
73249 28 0.6045093536376953
69624 48 0.6043558120727539
70372 29 0.6041616201400757
74308 24 0.6041026711463928
16624 48 0.6040748357772827
44271 48 0.6038566827774048
48913 48 0.6038192510604858
80388 48 0.6036394238471985
58223 48 0.6033775806427002
73861 48 0.6033526062965393
79645 48 0.6033132672309875
37014 48 0.6030566096305847
74425 36 0.6029967665672302
17033 28 0.6025499105453491
28932 48 0.6024442315101624
47995 48 0.6022256016731262
58202 48 0.6021952629089355
4362 48 0.6021336317062378
15617 48 0.6017652153968811
93350 48 0.6010621786117554
83901 48 0.6009153723716736
42444 48 0.6007637977600098
28373 28 0.6007625460624695
51519 48 0.6006766557693481
48857 48 0.6005733609199524
52828 48 0.6003470420837402
68579 24 0.600206196308136
71736 49 0.6001723408699036
43008 24 0.600036084651947
15954 28 0.5997920036315918
1933 48 0.5997022986412048
49302 48 0.5996930003166199
37373 29 0.5995731949806213
80553 48 0.5994500517845154
11333 48 0.5991520285606384
22260 48 0.5991111993789673
52147 48 0.5987243056297302
26972 28 0.5985850095748901
94822 48 0.5984820127487183
22378 48 0.5980841517448425
62622 28 0.5978531837463379
66591 48 0.5972928404808044
84970 48 0.597169816493988
16281 28 0.5971411466598511
95402 48 0.5969695448875427
78545 48 0.5961495637893677
13148 24 0.5955821871757507
33885 48 0.5955166220664978
62848 48 0.5954084396362305
65805 48 0.595229983329773
58193 48 0.5951230525970459
77751 36 0.5950644612312317
59330 48 0.5949088335037231
46813 1 0.5948978662490845
21461 24 0.5945270657539368
21941 48 0.5943776965141296
31002 48 0.594266414642334
77937 28 0.5941886305809021
50435 48 0.5941780209541321
48000 48 0.5940412282943726
22384 48 0.5938830971717834
1632 48 0.5938220024108887
81659 28 0.5938184261322021
86375 48 0.5937023758888245
38541 48 0.5936569571495056
22256 48 0.5936119556427002
7032 36 0.5935544967651367
61495 48 0.5932539105415344
22424 48 0.5931004285812378
48905 48 0.5930942893028259
79695 48 0.5929082036018372
79693 28 0.5926119089126587
94751 48 0.5924889445304871
18063 36 0.5922081470489502
55425 48 0.5919958353042603
37220 28 0.5918772220611572
18555 28 0.5918558239936829
54153 48 0.591650664806366
17577 28 0.5913206934928894
29567 48 0.5909961462020874
30936 48 0.5908820033073425
95182 48 0.5906000733375549
15622 48 0.5904945731163025
38180 48 0.5904726982116699
65334 48 0.5904586911201477
22732 29 0.5904414057731628
66598 48 0.5903154611587524
68811 48 0.5902286767959595
48145 28 0.590116560459137
11649 48 0.5899754166603088
18135 48 0.5897259712219238
65252 48 0.5897150635719299
78457 48 0.5896375179290771
34243 28 0.5893449187278748
38121 24 0.5891696214675903
79683 48 0.589074432849884
44723 28 0.5890076756477356
37207 48 0.5887807011604309
16105 24 0.5886514782905579
85893 48 0.5885491371154785
11640 48 0.5885129570960999
22217 48 0.5882269144058228
55052 28 0.5880841612815857
22074 48 0.5877630710601807
47565 48 0.587235152721405
81230 48 0.5872219204902649
94718 48 0.5871784687042236
4061 29 0.587058961391449
77066 24 0.5868456959724426
22525 29 0.5865768790245056
49336 48 0.5864183306694031
51936 48 0.5862062573432922
49364 48 0.5861305594444275
84751 24 0.5860118865966797
63921 28 0.5859202742576599
29528 48 0.5857308506965637
66654 48 0.5857189893722534
49298 48 0.5854858756065369
74378 48 0.5851661562919617
38350 48 0.5851032137870789
33358 36 0.5848047137260437
31189 28 0.5845905542373657
34473 28 0.5845175385475159
19102 1 0.5843945741653442
39322 29 0.5843303799629211
27489 29 0.5843172669410706
11366 48 0.5840492844581604
65492 48 0.5839264392852783
51925 48 0.583879292011261
59349 48 0.5835781693458557
84538 48 0.5834563374519348
71651 48 0.5829116106033325
78449 29 0.5825924277305603
50172 48 0.5824946761131287
37224 48 0.582316517829895
65449 48 0.5818967819213867
59569 48 0.5817855596542358
29340 48 0.5813295245170593
48743 29 0.5811967253684998
47060 48 0.5810819268226624
37531 48 0.5810171961784363
59275 48 0.5803089141845703
93927 48 0.580230712890625
64542 48 0.5802004933357239
50004 48 0.5800854563713074
41594 29 0.5799710750579834
31637 48 0.5797067880630493
25152 24 0.5796543955802917
94420 48 0.5794274210929871
74314 48 0.5790026783943176
15514 48 0.5786449909210205
11763 48 0.5786429047584534
40356 28 0.5784193873405457
59221 48 0.5781101584434509
77244 28 0.5776922702789307
19244 28 0.5776436924934387
71469 28 0.5776145458221436
94702 48 0.5775842070579529
26750 24 0.5775211453437805
45307 48 0.577054500579834
15464 48 0.5769992470741272
54099 48 0.5767049789428711
82910 29 0.576653003692627
76432 48 0.5764138102531433
36206 29 0.5763489007949829
84892 48 0.5761874914169312
36202 6 0.5761817693710327
37002 48 0.5760111212730408
70080 48 0.5758352875709534
55987 28 0.5758112668991089
81899 29 0.5756248235702515
18281 28 0.575424313545227
71700 48 0.5753805041313171
37712 48 0.5750942230224609
37515 48 0.5748875141143799
6367 48 0.5746940970420837
59120 29 0.5746443867683411
39964 28 0.5745742321014404
68427 48 0.5744312405586243
55474 48 0.5742092132568359
60199 48 0.5741102695465088
46741 6 0.5740273594856262
5908 48 0.5739179253578186
33041 36 0.5735211968421936
11751 48 0.5732285380363464
1316 48 0.5731208920478821
84991 48 0.5731005668640137
11526 48 0.5728591680526733
94701 48 0.5728002786636353
63876 29 0.5726527571678162
55874 48 0.5726184248924255
76391 48 0.5724784731864929
37782 48 0.572361409664154
92245 48 0.5721256136894226
58068 48 0.5718085169792175
76410 48 0.5717955827713013
24196 48 0.5717818140983582
48050 48 0.5715780854225159
26093 28 0.5713421702384949
51899 48 0.571219265460968
29545 48 0.5710889101028442
73225 36 0.5708343982696533
81305 48 0.5707590579986572
65456 48 0.570587694644928
22364 48 0.5705744028091431
83873 48 0.5705350041389465
29199 28 0.570392370223999
59713 48 0.5700388550758362
22340 48 0.5698881149291992
85598 28 0.5698144435882568
528 1 0.5697548389434814
82904 28 0.5697445273399353
52588 48 0.5695284008979797
1710 48 0.5694546103477478
50535 48 0.5694375038146973
22320 48 0.5694355368614197
38869 29 0.5692167282104492
49907 48 0.5690122842788696
23852 24 0.5687278509140015
68499 9 0.5686740279197693
12067 48 0.5686204433441162
11707 48 0.5685476064682007
11627 48 0.5683302283287048
73685 28 0.568241536617279
48827 48 0.5681628584861755
17957 28 0.5680516362190247
93581 48 0.5677794218063354
48936 48 0.5677395462989807
11310 48 0.5675942897796631
7444 48 0.5675815343856812
11363 48 0.5674801468849182
16586 28 0.5673034191131592
38017 28 0.5672863721847534
45188 36 0.5672255158424377
49899 48 0.5663727521896362
37534 48 0.5661203265190125
6241 48 0.5655445456504822
75106 48 0.5654957294464111
50822 48 0.5654624700546265
26784 28 0.5654201507568359
86761 48 0.565356433391571
66338 48 0.5653123259544373
37687 48 0.5652573108673096
71181 8 0.5649579167366028
44274 48 0.5649465918540955
15392 48 0.5646703839302063
81086 36 0.5644418597221375
75115 48 0.5640605688095093
80521 48 0.5638778805732727
84796 48 0.5638713240623474
84944 48 0.5637173652648926
72429 28 0.5637012124061584
59675 48 0.5636990666389465
64306 28 0.563449501991272
48031 48 0.5633201003074646
28385 36 0.5631890296936035
28046 36 0.5631662607192993
50550 48 0.5631309151649475
77604 24 0.5630747079849243
48080 48 0.5630320906639099
65655 48 0.5629469752311707
38116 48 0.5628302097320557
44186 48 0.5625966191291809
75286 48 0.562336802482605
87115 9 0.5623258948326111
50731 28 0.5622150897979736
9089 24 0.5615692734718323
69232 6 0.561519980430603
18120 36 0.5614617466926575
11488 48 0.5614437460899353
55260 48 0.5609094500541687
75467 48 0.5609002709388733
66607 48 0.5605207681655884
85010 48 0.560520589351654
60638 48 0.5602788925170898
26079 28 0.5602656006813049
37056 48 0.5600505471229553
3496 28 0.5597903728485107
22266 48 0.5595160126686096
37045 48 0.5594137907028198
77701 28 0.5591370463371277
16659 48 0.5591107606887817
37077 48 0.5590710043907166
7455 48 0.5589709281921387
87129 48 0.5589344501495361
53346 48 0.5589150190353394
6415 48 0.5588891506195068
61468 48 0.5583114624023438
77595 48 0.557980477809906
9423 48 0.5577882528305054
11430 48 0.5577582120895386
55661 48 0.557608962059021
44504 48 0.5574623942375183
56158 48 0.5571642518043518
77030 48 0.5570313334465027
92270 48 0.5568987131118774
37166 48 0.556721568107605
65475 48 0.5561580657958984
54183 48 0.5560938119888306
25295 28 0.5559157729148865
57121 28 0.5555866360664368
74479 29 0.5552515983581543
11632 48 0.5552381873130798
15537 48 0.5552003383636475
17866 28 0.5550696849822998
29619 48 0.5550155639648438
6157 48 0.5549272894859314
82553 48 0.5546585917472839
65482 48 0.5546317100524902
51683 36 0.5544225573539734
77594 48 0.5541104078292847
61481 48 0.5540071129798889
91165 28 0.553878128528595
5213 28 0.5538046956062317
79450 48 0.553799033164978
75493 48 0.553775429725647
16500 28 0.5537680983543396
12836 28 0.5535706281661987
58450 48 0.5534873604774475
61534 48 0.5533947944641113
11807 48 0.5531628131866455
29436 48 0.5529953241348267
8655 48 0.552992582321167
80417 29 0.5529841184616089
44242 48 0.5529770255088806
76334 48 0.5525418519973755
69724 28 0.5524930953979492
84937 48 0.552237868309021
83290 29 0.5521285533905029
19910 29 0.551742434501648
80100 28 0.5516486763954163
31021 48 0.5508310198783875
18149 28 0.5506873726844788
78273 48 0.5504224896430969
82130 28 0.5502893328666687
11589 48 0.5500968098640442
48856 48 0.5500608682632446
67375 48 0.5499628186225891
87150 28 0.5497522354125977
25562 48 0.5497145056724548
50853 48 0.5496035814285278
35385 48 0.5495412945747375
65425 48 0.5491400361061096
51909 48 0.5490162372589111
11685 48 0.5488530397415161
38041 48 0.5486197471618652
84793 28 0.5485163927078247
1707 48 0.5484627485275269
26756 9 0.5476326942443848
26984 29 0.5476138591766357
66227 48 0.5475127100944519
43103 28 0.5474595427513123
11869 28 0.5471296906471252
18117 36 0.5469878315925598
52946 28 0.5468237400054932
48920 48 0.5468020439147949
25951 48 0.5466073751449585
37138 48 0.5465709567070007
85036 48 0.5465275049209595
92912 28 0.54642653465271
53392 29 0.5463841557502747
70975 48 0.5460957288742065
50855 48 0.5456249117851257
71772 24 0.5453501343727112
50847 48 0.5452690124511719
58059 48 0.5452502965927124
37920 48 0.5448838472366333
47562 48 0.5447279810905457
11753 48 0.544527530670166
68663 29 0.5444823503494263
90128 48 0.5444498658180237
80760 48 0.5442356467247009
54749 48 0.5439139604568481
42500 48 0.5438380241394043
76138 29 0.5437890291213989
75595 49 0.5437673330307007
6828 48 0.5433281064033508
37053 48 0.5431041717529297
12200 48 0.5430893301963806
30986 28 0.5427412986755371
48902 48 0.5425180792808533
3359 28 0.5425076484680176
6589 36 0.5423552989959717
50446 48 0.5421720147132874
61142 48 0.542142927646637
91579 48 0.542094349861145
82138 24 0.5418744087219238
22361 48 0.5418689250946045
22835 28 0.5418139696121216
83533 24 0.5416887402534485
91856 28 0.5416870713233948
54215 48 0.5416586995124817
37750 48 0.541381299495697
49304 48 0.5411059856414795
29684 48 0.5406883358955383
18200 36 0.5406680703163147
87627 48 0.5403791666030884
63909 28 0.5403283834457397
85735 48 0.5403153896331787
48843 48 0.540277361869812
78272 48 0.5402220487594604
84283 48 0.5401600003242493
63411 28 0.5400965809822083
11448 48 0.5400546789169312
15325 28 0.5400079488754272
41606 29 0.5399267673492432
37273 48 0.5398796796798706
78573 48 0.5397092700004578
1661 48 0.5392463803291321
49429 48 0.5386756658554077
48274 28 0.538668155670166
62931 48 0.5386301279067993
22432 48 0.5385352373123169
65711 48 0.538305401802063
76416 48 0.5381750464439392
39071 28 0.5380319356918335
79351 29 0.5377224683761597
75525 48 0.5376514196395874
37152 48 0.5376450419425964
15609 48 0.5373479723930359
86770 48 0.5371425151824951
13452 9 0.5370466113090515
49308 48 0.5370094776153564
75093 48 0.5369858741760254
26411 28 0.5368232131004333
19028 29 0.53678959608078
64567 48 0.5366426706314087
22289 48 0.5365523099899292
58351 48 0.5364999175071716
46996 48 0.5364610552787781
22282 48 0.5364424586296082
73264 36 0.5361934900283813
29406 48 0.5361077785491943
59660 48 0.5359536409378052
65392 48 0.5358136296272278
71625 48 0.5354611277580261
22063 48 0.5353918075561523
20466 28 0.5353915691375732
50606 48 0.5353594422340393
48891 48 0.535329282283783
11225 48 0.5352339148521423
35860 28 0.5352112650871277
51938 48 0.5351142883300781
71634 48 0.5351055264472961
83175 28 0.5349872708320618
39784 28 0.5349076390266418
77012 48 0.5348755121231079
89587 48 0.5348096489906311
71910 29 0.5347840785980225
50098 28 0.5343176126480103
71539 24 0.5339669585227966
92225 48 0.5339164137840271
95275 48 0.5338700413703918
33324 1 0.5335630774497986
51194 28 0.5335503816604614
73205 36 0.5334932804107666
66643 48 0.5333502888679504
1662 48 0.5330639481544495
12532 28 0.5330509543418884
18082 36 0.5329545736312866
54123 48 0.5329303741455078
92337 48 0.5323365330696106
63643 28 0.5322930216789246
3307 48 0.5320678949356079
59839 48 0.5317305326461792
11372 48 0.5317161083221436
17952 28 0.5315754413604736
65513 29 0.5312303900718689
16643 48 0.5311217308044434
62829 48 0.531117856502533
6056 48 0.5309606790542603
11788 48 0.5307995676994324
59649 48 0.5307156443595886
39831 48 0.5305625796318054
96533 48 0.5303600430488586
58352 48 0.5301851630210876
48012 48 0.5301644206047058
27941 29 0.530073881149292
11453 48 0.5299330949783325
61477 48 0.5296332836151123
86101 48 0.5295251607894897
18534 28 0.5293155908584595
12073 28 0.529198408126831
15484 48 0.5291035771369934
48835 48 0.5289579629898071
87137 48 0.5288150906562805
11357 48 0.5288132429122925
53826 48 0.5287060141563416
39533 28 0.5286840796470642
38197 48 0.5285479426383972
27355 28 0.5285028219223022
32320 48 0.5284886956214905
67564 29 0.52830970287323
38366 48 0.5282959938049316
6134 48 0.5280770063400269
17491 28 0.5278725624084473
18484 28 0.5277419686317444
20049 28 0.5275622010231018
15412 48 0.5275446772575378
11668 48 0.5274874567985535
66561 48 0.5268846750259399
87596 48 0.5266153812408447
22391 48 0.526573896408081
28776 48 0.5262349247932434
58176 48 0.5262186527252197
50521 48 0.5260141491889954
50831 48 0.5259658098220825
52814 48 0.5258214473724365
47687 36 0.5257444977760315
72564 28 0.5255632996559143
75602 48 0.5255388617515564
1688 48 0.5254285931587219
65260 48 0.5253883004188538
64140 48 0.5252895355224609
42629 28 0.5252283811569214
55861 48 0.5251584053039551
29503 48 0.5250652432441711
22008 48 0.5248598456382751
71766 49 0.5247777104377747
38570 48 0.5240846276283264
1685 48 0.5239598751068115
37187 48 0.52375727891922
58626 48 0.5237550735473633
13404 28 0.5236300230026245
58052 48 0.5235118865966797
62458 29 0.5234691500663757
49105 48 0.5232672095298767
80464 28 0.5230045318603516
87458 1 0.5229743123054504
42442 48 0.5229265689849854
1785 48 0.5229048132896423
37386 48 0.5229040384292603
83129 48 0.5228414535522461
16134 1 0.5226505994796753
25624 24 0.5226402282714844
87533 24 0.5225359201431274
20915 29 0.5224475860595703
29481 48 0.5222725868225098
53300 48 0.5221810936927795
15483 48 0.5221272706985474
62719 48 0.5221250057220459
64583 48 0.5220738053321838
91815 28 0.5219274163246155
22038 48 0.521805465221405
48817 48 0.5216293334960938
21980 48 0.5216009020805359
84930 48 0.5215603709220886
54787 48 0.5215486288070679
75636 48 0.5214086771011353
37409 48 0.5211854577064514
37100 48 0.5211076140403748
52886 48 0.5210589170455933
4493 29 0.5210567116737366
79760 48 0.5208824276924133
70002 36 0.5208823084831238
31220 48 0.5207539200782776
7531 48 0.520271360874176
56255 48 0.5202286839485168
52863 48 0.5201956033706665
22126 48 0.5199165344238281
15843 28 0.519749104976654
76226 9 0.5195193290710449
68458 1 0.5193925499916077
12222 28 0.5193078517913818
29089 48 0.5191248059272766
51558 24 0.5188696980476379
62555 28 0.5188395380973816
55278 48 0.5188291668891907
30950 48 0.5186347961425781
37458 48 0.5186285376548767
21938 48 0.5185858607292175
30880 48 0.5185678601264954
47584 48 0.5182851552963257
80273 28 0.5180100202560425
84663 48 0.5179197192192078
11258 48 0.517918586730957
68608 36 0.5177366137504578
23227 8 0.517524242401123
37342 48 0.5171130895614624
21955 48 0.5170930624008179
26124 28 0.5169129967689514
86531 9 0.5167608857154846
83691 48 0.5164846777915955
50804 48 0.5164190530776978
7447 48 0.5163366794586182
168 48 0.5162913203239441
71311 28 0.5162886381149292
21442 28 0.5162808895111084
37354 48 0.5161676406860352
34045 36 0.5159560441970825
10429 48 0.5158969759941101
81521 29 0.5155912041664124
29435 48 0.515348494052887
75497 48 0.5153319835662842
58147 48 0.5151768326759338
84897 48 0.515023410320282
81750 28 0.5149644017219543
15417 48 0.5147677659988403
46686 29 0.5147369503974915
11639 48 0.5146046280860901
25720 29 0.5143895149230957
51904 48 0.5143174529075623
95036 48 0.5140271186828613
24585 6 0.5139651298522949
71649 48 0.5139142870903015
85867 48 0.5138434171676636
93642 48 0.513841986656189
58130 48 0.513611912727356
75253 48 0.5135757923126221
59438 48 0.5135226249694824
93801 48 0.5133354067802429
74190 48 0.5132390260696411
47141 28 0.5130044221878052
75658 48 0.5128828287124634
49983 48 0.5126985907554626
60765 48 0.5124114155769348
42483 48 0.5123710036277771
81304 48 0.5123385787010193
49950 48 0.5121723413467407
34421 29 0.5120471119880676
29604 48 0.5118924379348755
58107 48 0.5118206143379211
52050 48 0.5114272236824036
60239 48 0.5112401247024536
54163 48 0.5110872387886047
29342 48 0.5110702514648438
29472 48 0.5109775066375732
51490 48 0.5108717083930969
47847 48 0.5106748342514038
22360 48 0.5106462240219116
17002 48 0.5105421543121338
23999 28 0.5105324983596802
34121 6 0.5103849768638611
75622 48 0.5102699995040894
55338 48 0.5102540850639343
37003 48 0.5100871324539185
68525 28 0.510014533996582
39673 36 0.5096960067749023
37553 29 0.5096452832221985
76554 48 0.5095642805099487
47876 28 0.5094637870788574
52011 48 0.5093235373497009
58125 48 0.508756697177887
74264 48 0.5084952712059021
93820 48 0.5084702372550964
53920 48 0.5082337260246277
87673 48 0.5082147121429443
37186 48 0.5080404877662659
71751 48 0.507780909538269
30956 48 0.507564127445221
74432 48 0.5074962973594666
52330 28 0.5074189901351929
7492 48 0.5073741674423218
47101 28 0.5072038769721985
843 48 0.5071501731872559
11663 48 0.5070893168449402
81153 48 0.506899356842041
11350 48 0.5066121816635132
49101 48 0.5065810084342957
29353 48 0.5065494775772095
82594 48 0.5062710642814636
93702 1 0.5062171220779419
34344 48 0.5060335993766785
6201 48 0.5057533383369446
38302 48 0.5056437253952026
15584 48 0.5053334832191467
38563 48 0.505057156085968
37556 24 0.5050170421600342
66785 28 0.5049712061882019
37079 48 0.5049102306365967
65826 48 0.5046183466911316
75472 48 0.5045055150985718
24072 48 0.5043632984161377
77040 48 0.5041936039924622
70961 1 0.5040431618690491
49437 28 0.5039329528808594
30909 48 0.5038993954658508
32383 28 0.5038645267486572
11367 48 0.5038194060325623
90499 48 0.5037881731987
58331 48 0.5037091970443726
22352 48 0.5036026239395142
37204 28 0.5035163164138794
62379 48 0.5034094452857971
94778 48 0.5033919215202332
38510 36 0.5033478140830994
58200 48 0.5030950307846069
74330 48 0.5030553340911865
63342 48 0.502974271774292
34847 29 0.5029392242431641
72560 29 0.5029095411300659
54934 36 0.5028741955757141
12963 48 0.5028607845306396
11305 48 0.5028465986251831
19246 48 0.5028443932533264
20672 28 0.5026344060897827
57188 28 0.5026072263717651
58047 48 0.502305269241333
75560 28 0.5022991895675659
51771 28 0.502191424369812
88882 48 0.5020810961723328
75545 48 0.5020569562911987
30338 29 0.5018776655197144
80937 28 0.5016652345657349
59299 48 0.5014994740486145
12017 48 0.5013232827186584
60372 48 0.5011212229728699
58032 48 0.5010977387428284
27299 28 0.5010858178138733
30083 28 0.5010421276092529
36247 36 0.5009985566139221
63258 48 0.5009521842002869
37555 48 0.5009122490882874
87622 48 0.5007195472717285
39670 48 0.5006720423698425
7387 48 0.5005677342414856
11498 48 0.5005318522453308
61354 28 0.500494658946991
15449 48 0.5004134178161621
42171 29 0.500313401222229
28469 28 0.5002928972244263
13095 36 0.5001010298728943
37347 48 0.5000925064086914
11712 48 0.5000382661819458
38255 48 0.5000160336494446
48526 24 0.5000147819519043
6303 48 0.49996721744537354
54791 48 0.49992209672927856
29287 28 0.49989649653434753
22412 48 0.4998730719089508
7238 48 0.4997813403606415
94768 48 0.4995728135108948
17004 28 0.499521404504776
59741 48 0.49943166971206665
42421 48 0.4992765486240387
11535 48 0.49901440739631653
33814 29 0.4989413321018219
11858 28 0.49864351749420166
65536 28 0.4983968436717987
34464 29 0.49825534224510193
93182 28 0.49821391701698303
55081 28 0.49768516421318054
74258 48 0.4974614083766937
18094 36 0.49730610847473145
75592 48 0.4972088932991028
6156 48 0.49702978134155273
19485 9 0.4969204068183899
64184 28 0.49691277742385864
12558 28 0.4963393211364746
83198 29 0.495842844247818
71777 48 0.4958134889602661
59333 48 0.4956932067871094
60307 48 0.49525317549705505
58186 48 0.4951474070549011
81200 48 0.49511075019836426
38289 48 0.4946211278438568
31191 29 0.49457329511642456
5553 48 0.49449101090431213
29425 48 0.4942658543586731
1576 24 0.49412214756011963
84123 24 0.4940705895423889
50126 28 0.4940243661403656
37225 48 0.4938361942768097
67093 48 0.49383488297462463
21954 48 0.4935760796070099
65024 48 0.49354758858680725
71434 24 0.4934868812561035
42110 24 0.49340277910232544
17505 36 0.49325302243232727
27071 28 0.49291807413101196
49282 24 0.49286583065986633
71706 48 0.4928286671638489
80761 48 0.4927882254123688
12351 29 0.4926791191101074
8796 29 0.4923699200153351
88136 8 0.49236345291137695
58023 48 0.4923189580440521
74212 48 0.4922432005405426
60801 48 0.49185577034950256
19221 28 0.4915860891342163
59488 48 0.4915362000465393
36438 28 0.49114882946014404
83748 28 0.4905567765235901
75584 48 0.49050939083099365
37532 48 0.48978257179260254
59692 48 0.4892887473106384
75979 28 0.48917028307914734
76970 48 0.48914414644241333
38178 48 0.4890473783016205
21170 28 0.4888118803501129
37381 48 0.4885846674442291
59343 48 0.48855480551719666
75411 48 0.4884939193725586
24303 24 0.4883818030357361
38675 28 0.4883458614349365
41298 24 0.48821622133255005
67581 29 0.4881306290626526
11950 28 0.48789703845977783
71731 48 0.487546443939209
15882 28 0.48722293972969055
19727 29 0.48720070719718933
21536 36 0.4868178069591522
11131 48 0.4866698682308197
60071 29 0.48657774925231934
30993 48 0.48657143115997314
67505 8 0.4864547848701477
67043 6 0.4864220917224884
35925 28 0.4863564968109131
86638 28 0.4862859547138214
26027 29 0.4859849810600281
17136 48 0.48582887649536133
30859 48 0.4858214557170868
74502 29 0.48567524552345276
18342 36 0.4852593243122101
92842 1 0.48515963554382324
79674 48 0.4846841096878052
77280 29 0.4842214584350586
72404 48 0.4837627708911896
24353 48 0.4836745858192444
33268 28 0.48350340127944946
66846 28 0.4834509491920471
74657 29 0.4831961393356323
79841 48 0.4831071197986603
28445 8 0.483022540807724
10476 48 0.48300084471702576
80702 48 0.4829006493091583
71586 48 0.48279690742492676
54549 29 0.4825800061225891
66804 36 0.4825361967086792
79436 48 0.48252925276756287
81415 28 0.48232904076576233
25759 29 0.4819071590900421
90151 28 0.4817565381526947
87777 24 0.48122045397758484
59384 48 0.48049959540367126
29317 24 0.48037776350975037
74487 36 0.48024171590805054
51472 28 0.47889843583106995
31072 28 0.47871580719947815
75600 49 0.477621465921402
18076 36 0.4773504436016083
55376 8 0.47717416286468506
29870 36 0.47669219970703125
48481 29 0.4766142964363098
41846 29 0.47639796137809753
5390 48 0.47499218583106995
87713 29 0.47445622086524963
56306 24 0.4742674231529236
74762 36 0.47336679697036743
36823 29 0.47238415479660034
36964 48 0.47237569093704224
38474 36 0.4703681170940399
18347 36 0.47020143270492554
52482 48 0.4698169529438019
50777 48 0.4697047770023346
23848 24 0.46964213252067566
42030 36 0.4688934087753296
14957 28 0.46855589747428894
50315 28 0.46800193190574646
49516 48 0.4679141640663147
79887 6 0.467641681432724
31017 48 0.4672106206417084
16386 28 0.4667636454105377
83600 28 0.4664481282234192
59305 48 0.4663805663585663
79800 48 0.46619606018066406
86506 48 0.4651801586151123
48120 6 0.4645595848560333
72239 8 0.4642428457736969
46405 1 0.46406376361846924
74556 36 0.46373438835144043
22577 1 0.4635448455810547
52474 36 0.4632457494735718
80019 28 0.4624444842338562
60033 6 0.46230950951576233
31091 28 0.46178534626960754
37062 48 0.46139562129974365
85877 48 0.4613824188709259
26664 36 0.4609573483467102
41613 28 0.4607587158679962
59986 8 0.4604978859424591
75538 48 0.46024274826049805
51113 28 0.4601541757583618
26441 48 0.4599030017852783
45200 36 0.4597724974155426
78124 36 0.45965301990509033
21527 8 0.4595702886581421
59363 49 0.4594413936138153
67791 36 0.45941632986068726
79486 48 0.45906832814216614
79765 48 0.45876508951187134
67224 8 0.45798563957214355
8768 48 0.457401305437088
5366 28 0.4572344124317169
31137 8 0.45611298084259033
74013 36 0.4560985267162323
18034 36 0.4554988443851471
69536 36 0.455425500869751
29896 8 0.4549567997455597
82952 28 0.4541640877723694
62242 8 0.45387065410614014
80704 48 0.45324525237083435
56639 1 0.4530496299266815
39567 28 0.45234349370002747
24888 24 0.4522097706794739
52382 48 0.45162251591682434
18891 8 0.451516717672348
17956 28 0.4510234296321869
3104 24 0.45038872957229614
57443 8 0.44963884353637695
42029 36 0.4494462013244629
68680 28 0.4494282603263855
3772 24 0.44937750697135925
60428 28 0.4492985010147095
67089 48 0.4485509991645813
74525 36 0.4477827548980713
75597 48 0.44758424162864685
36661 36 0.4470471441745758
19818 36 0.44667673110961914
15903 36 0.4455191195011139
39764 24 0.44489455223083496
82257 29 0.444575697183609
75461 48 0.44231611490249634
70022 1 0.44187983870506287
38286 48 0.4402559995651245
75469 48 0.43947771191596985
19179 28 0.4393550157546997
38297 48 0.4378877580165863
68601 8 0.4377616345882416
13097 36 0.4370318055152893
67775 6 0.4356246590614319
69973 29 0.4355625808238983
69254 1 0.43519341945648193
54431 9 0.434868723154068
59414 48 0.4334981143474579
74274 48 0.43332022428512573
80512 48 0.43297114968299866
86703 24 0.4324917495250702
17950 8 0.4312719702720642
60804 48 0.4308248460292816
82104 8 0.43043962121009827
7081 6 0.4300183653831482
8673 24 0.4296916127204895
71613 48 0.4296230375766754
26032 8 0.42926710844039917
33359 36 0.42896297574043274
73528 28 0.42844662070274353
81537 36 0.4284079968929291
46678 28 0.4281788766384125
35098 28 0.42747819423675537
17415 24 0.4272843599319458
18824 36 0.426692396402359
26404 8 0.4261208772659302
94606 48 0.42397451400756836
55077 36 0.4234207570552826
38471 8 0.42264512181282043
29819 8 0.4225476086139679
18024 8 0.4211663603782654
24987 8 0.42063066363334656
51517 9 0.4188308119773865
33228 9 0.41874203085899353
60315 48 0.41842082142829895
19992 28 0.4180585741996765
4089 24 0.41764992475509644
72079 36 0.4164254665374756
1839 24 0.4162563681602478
86079 36 0.41544774174690247
35484 28 0.41538500785827637
4462 36 0.41523227095603943
73377 8 0.41371458768844604
62507 9 0.41356056928634644
90169 36 0.4125139117240906
77652 36 0.411654531955719
76118 24 0.4112984538078308
15881 36 0.4101991653442383
58655 6 0.40859562158584595
38906 28 0.4076981544494629
86773 24 0.4070952534675598
34470 9 0.4069106876850128
48220 8 0.4066813588142395
59468 24 0.406159907579422
10730 1 0.40506985783576965
79636 48 0.4041224420070648
61107 28 0.4039495587348938
93018 8 0.40362754464149475
64543 49 0.4033416211605072
37444 49 0.4020829200744629
79735 48 0.4010136127471924
63868 6 0.4007333815097809
86386 24 0.39895355701446533
51701 8 0.3986024558544159
80699 48 0.39720284938812256
23839 28 0.3969355821609497
41484 36 0.39651182293891907
27019 8 0.39650794863700867
7977 24 0.3956899046897888
69463 36 0.39540889859199524
23160 28 0.3945005238056183
58163 48 0.3940940499305725
20041 8 0.3940311074256897
21491 8 0.39339590072631836
15275 36 0.391909122467041
69447 8 0.39118847250938416
37141 24 0.3910636901855469
41873 36 0.39081570506095886
69472 8 0.39066413044929504
62283 9 0.39029887318611145
79244 24 0.389718234539032
77229 8 0.3894199728965759
22919 9 0.38930949568748474
82449 8 0.38919106125831604
1866 28 0.3889436721801758
25877 48 0.38738882541656494
31546 24 0.38418787717819214
68682 8 0.38392168283462524
55883 28 0.38378793001174927
34598 28 0.38376113772392273
62238 8 0.38350823521614075
69631 49 0.3831598162651062
59484 48 0.3824768364429474
75653 48 0.3820933401584625
74096 6 0.38104957342147827
84122 24 0.3806073069572449
35124 24 0.3804453909397125
48317 8 0.3777628242969513
27117 8 0.37656059861183167
70072 8 0.3765386939048767
91318 6 0.37610137462615967
81645 8 0.3752380907535553
43712 36 0.37523171305656433
67231 6 0.3744373917579651
73298 48 0.3740394115447998
51598 36 0.37367427349090576
51700 8 0.37276291847229004
30623 8 0.37227821350097656
54065 8 0.37173014879226685
64236 36 0.37092912197113037
31765 48 0.37043529748916626
50949 8 0.3703620135784149
24242 24 0.3699193000793457
33929 28 0.3694215714931488
42051 1 0.3694048523902893
60542 36 0.368669331073761
21167 36 0.3685374855995178
34629 8 0.36655187606811523
30650 8 0.3654589056968689
28575 8 0.3652298152446747
57118 29 0.36496099829673767
76110 36 0.3633343577384949
27508 36 0.3623787760734558
72614 24 0.3617003262042999
79382 36 0.3614461421966553
68484 36 0.36136099696159363
50341 8 0.3606768548488617
59347 49 0.36004963517189026
67776 36 0.35916343331336975
59148 36 0.35840722918510437
68179 8 0.35808199644088745
68516 8 0.3580537736415863
39099 8 0.35776907205581665
27702 36 0.3569313585758209
56727 36 0.35589247941970825
63592 36 0.3558262586593628
75496 49 0.3543863296508789
39306 1 0.3529199957847595
19687 28 0.3524845540523529
76703 8 0.35213422775268555
28374 36 0.35122036933898926
11030 9 0.35086026787757874
26684 8 0.35078200697898865
7031 36 0.3501970171928406
27676 36 0.3501264750957489
12125 8 0.35012492537498474
53106 36 0.3496094346046448
85309 48 0.34947821497917175
77004 8 0.3490678071975708
46775 8 0.34895673394203186
61808 9 0.34809353947639465
48448 36 0.34792038798332214
75495 48 0.347491979598999
32662 36 0.34654030203819275
57257 36 0.34578847885131836
66992 8 0.34495633840560913
57070 9 0.3446144759654999
83289 28 0.34456586837768555
19060 8 0.34277692437171936
83116 9 0.3415461480617523
29235 36 0.3409796953201294
16507 36 0.340511679649353
2101 36 0.3395031690597534
72041 36 0.339455783367157
31984 1 0.33875253796577454
62013 36 0.33837684988975525
49706 8 0.3381938338279724
76109 8 0.3378187119960785
10540 9 0.3377704620361328
27345 36 0.33677640557289124
75839 36 0.33674174547195435
3808 36 0.3362961709499359
19711 36 0.3354406952857971
83610 8 0.3346129357814789
47121 36 0.3338359594345093
63971 8 0.33355140686035156
56713 8 0.33253246545791626
86346 29 0.3315504491329193
73234 8 0.3312636911869049
46680 36 0.3312077522277832
74092 8 0.3308650851249695
4902 8 0.3272818922996521
27829 8 0.3270834684371948
39630 8 0.32680240273475647
20596 8 0.32595187425613403
77250 8 0.32551494240760803
16086 36 0.3225398361682892
39323 48 0.32139918208122253
3795 36 0.31921640038490295
37125 48 0.3185104727745056
70862 8 0.31745314598083496
19219 8 0.3172259032726288
34468 8 0.3164996802806854
41955 24 0.31637808680534363
80767 8 0.3158406615257263
51694 8 0.3140835762023926
25049 8 0.31401461362838745
29030 8 0.31169697642326355
34605 8 0.31080999970436096
42740 36 0.31063711643218994
83212 8 0.3096850514411926
1618 8 0.30490782856941223
27328 48 0.3017607629299164
75422 49 0.29992225766181946
69201 8 0.2997589707374573
64300 8 0.29941248893737793
5633 6 0.29851239919662476
21832 36 0.29811450839042664
8871 8 0.29635635018348694
36353 8 0.29580286145210266
74747 36 0.2954067587852478
25055 24 0.29372528195381165
57442 8 0.29193612933158875
79371 8 0.29178503155708313
138 9 0.29152044653892517
26022 9 0.28884074091911316
77514 24 0.28055906295776367
29297 8 0.2785342335700989
57588 8 0.26910340785980225
68093 8 0.2606988549232483
26763 36 0.2546372711658478
34767 23 0.25456702709198
27815 48 0.2512577474117279
56978 9 0.2319253385066986
27009 36 0.21841692924499512
73438 9 0.2108496129512787
