73076 28 0.9980193376541138
61067 28 0.9971544742584229
67953 28 0.9947856068611145
34427 28 0.9941138625144958
11557 48 0.9937638640403748
52747 28 0.993490993976593
11578 48 0.9931422472000122
74743 28 0.9929994344711304
60583 28 0.9928132891654968
26205 29 0.9921750426292419
65399 48 0.9917077422142029
11324 48 0.9913190007209778
61478 48 0.990379810333252
57534 28 0.9895151853561401
29577 48 0.9892022013664246
48854 48 0.9888872504234314
52669 28 0.9885929822921753
56325 28 0.9885878562927246
11635 48 0.9876076579093933
20963 28 0.987415611743927
67879 29 0.986700177192688
49418 28 0.9866684675216675
71396 29 0.9863455891609192
15603 48 0.9863451719284058
58299 28 0.9860653877258301
22252 48 0.9854329228401184
50386 29 0.9850748777389526
27781 28 0.9845716953277588
11724 48 0.983983039855957
11664 48 0.9835901856422424
69911 29 0.9832901954650879
63621 28 0.982709527015686
65377 48 0.9823083877563477
37605 48 0.981982946395874
54292 48 0.9818436503410339
19686 28 0.9802601933479309
20693 28 0.9790888428688049
62788 48 0.9789392948150635
51923 48 0.9786816239356995
29414 48 0.9786373376846313
11660 48 0.978185772895813
17293 28 0.9780635833740234
30469 28 0.9780402183532715
35054 28 0.9770170450210571
11368 48 0.9769929647445679
3496 28 0.9767564535140991
11564 48 0.9765278697013855
70001 28 0.9763979911804199
29399 48 0.9762753844261169
22278 48 0.9747675657272339
36790 28 0.9742910861968994
32681 29 0.9740989804267883
81360 29 0.9735285043716431
11330 48 0.9733592867851257
62842 48 0.9733371734619141
38440 28 0.9729606509208679
84934 48 0.9728792905807495
79247 28 0.9728304743766785
16585 28 0.9727540612220764
41849 28 0.9727133512496948
67979 28 0.9725821018218994
75270 48 0.9721270799636841
54225 48 0.9718880653381348
14494 28 0.9716413021087646
2327 28 0.9712173342704773
545 1 0.9709839224815369
37016 48 0.970827043056488
66674 48 0.9702852368354797
48907 48 0.9701142311096191
63615 28 0.9698212742805481
11815 48 0.9697451591491699
54260 48 0.9695334434509277
11473 48 0.9692923426628113
26200 28 0.9690975546836853
30354 28 0.9685947895050049
32692 29 0.9683839082717896
11341 48 0.9679892063140869
20948 28 0.967689037322998
17573 28 0.9674763083457947
15580 48 0.967398464679718
34563 28 0.9673919677734375
77468 28 0.9666927456855774
34615 28 0.9663219451904297
75131 48 0.9662811160087585
82862 28 0.9657062292098999
17389 28 0.9655580520629883
18978 28 0.9636808037757874
37185 48 0.9633033275604248
65371 48 0.9632163643836975
76133 29 0.96319180727005
66596 48 0.9629471302032471
44556 29 0.9627108573913574
79367 28 0.9622825980186462
64038 28 0.9617059230804443
53328 48 0.9607690572738647
10085 28 0.9607307314872742
37719 48 0.9605751633644104
36406 28 0.9598174691200256
62012 28 0.959739089012146
45885 28 0.9596824049949646
77689 28 0.9591481685638428
77038 48 0.9588078260421753
54329 28 0.9587737917900085
22241 48 0.9586824774742126
37015 48 0.9578033089637756
36557 28 0.9573037624359131
48144 29 0.9572769999504089
62872 48 0.9572096467018127
37799 48 0.9571414589881897
84402 28 0.9567307829856873
38630 48 0.9564172029495239
42453 48 0.9558267593383789
67100 28 0.9557334184646606
2427 48 0.955312967300415
58089 28 0.9552702307701111
27362 28 0.9547337889671326
26816 28 0.954725444316864
75627 48 0.9546120166778564
79219 28 0.954531192779541
76409 48 0.9543017148971558
65509 28 0.9542626738548279
37796 48 0.9541594386100769
59828 48 0.9534583687782288
11743 48 0.9534127712249756
30359 29 0.9533886313438416
39516 28 0.9533441662788391
28472 28 0.95330411195755
22193 48 0.9530154466629028
11318 48 0.952551543712616
11680 48 0.9520481824874878
48903 48 0.9520219564437866
24327 28 0.9518442153930664
15551 48 0.9517247676849365
68402 48 0.9516155123710632
11622 48 0.9511705636978149
30874 48 0.9510383605957031
66614 48 0.9508558511734009
2850 28 0.950576663017273
54711 48 0.9503974318504333
73499 28 0.9499151110649109
54278 48 0.9499096274375916
15406 48 0.9495158791542053
80518 48 0.9485214352607727
31100 48 0.948444664478302
72782 28 0.9483633637428284
74162 48 0.9483200907707214
37218 48 0.9482393860816956
73685 28 0.9474102258682251
3478 28 0.9462475180625916
6531 28 0.9462050199508667
1644 48 0.945955216884613
80290 28 0.9458947777748108
29614 48 0.9457495808601379
54112 48 0.9456570744514465
84317 48 0.9455389380455017
65525 28 0.945460855960846
19149 28 0.9447828531265259
81183 48 0.9445579648017883
48924 48 0.9444010257720947
83995 48 0.9441928863525391
47958 28 0.944047749042511
30914 28 0.9438084363937378
29622 48 0.9435631036758423
48145 28 0.9433783292770386
65515 28 0.9427058100700378
47125 28 0.9425023198127747
61200 28 0.9420901536941528
11594 48 0.9415899515151978
48315 29 0.9408425092697144
17209 28 0.9399387836456299
84948 48 0.9397292733192444
15578 48 0.9397290349006653
11609 48 0.9397204518318176
58227 48 0.9396458864212036
51115 28 0.939396858215332
51897 48 0.9389747381210327
37195 48 0.9387375116348267
10507 48 0.9387254118919373
29648 48 0.9387141466140747
58344 48 0.9385749101638794
20534 29 0.9381743669509888
59129 28 0.9380695223808289
22145 48 0.9379152655601501
29422 48 0.9376034736633301
72618 24 0.9375899434089661
11643 48 0.9375199675559998
54236 48 0.9374873638153076
11334 48 0.9374179244041443
20899 28 0.9372642636299133
65430 48 0.9370201230049133
7689 48 0.9368591904640198
84618 28 0.936838686466217
46704 28 0.9364638328552246
54530 28 0.9361327886581421
33324 1 0.9359888434410095
87946 28 0.9358894228935242
13926 28 0.9358842968940735
77383 28 0.9357640147209167
83766 28 0.9356839656829834
11808 48 0.9349987506866455
1645 48 0.9345492124557495
71594 48 0.9341731667518616
72347 28 0.9337385296821594
79560 28 0.9334067702293396
15419 48 0.9332766532897949
15473 48 0.9323643445968628
30307 28 0.9322624802589417
18537 28 0.9314665794372559
34594 29 0.9310916662216187
67670 28 0.930495023727417
37595 48 0.9302741885185242
52911 29 0.9302212595939636
82589 1 0.9294486045837402
32816 29 0.9294142723083496
1493 24 0.9291070103645325
53449 28 0.9289568662643433
31174 28 0.9288957715034485
44226 48 0.9288755059242249
84840 48 0.9285602569580078
21633 48 0.928288996219635
38897 29 0.9282279014587402
28058 28 0.927854061126709
59771 48 0.9277118444442749
15414 48 0.9275614619255066
2458 48 0.9275489449501038
57219 28 0.9273449778556824
76264 28 0.9267593026161194
7798 48 0.9265084266662598
15444 48 0.9261012077331543
59226 48 0.9260021448135376
37712 48 0.9258707165718079
27116 29 0.9252225756645203
7698 48 0.9252215623855591
56157 28 0.9252176284790039
77635 28 0.925136923789978
37754 48 0.9249532222747803
72049 28 0.9247465133666992
63865 28 0.9245976209640503
39481 28 0.9238079190254211
2386 48 0.9236615300178528
48915 48 0.9236452579498291
23877 28 0.9234800338745117
37738 48 0.9234108924865723
16500 28 0.9231101870536804
26802 28 0.9230709075927734
65781 48 0.9227801561355591
64116 28 0.9227450489997864
74280 48 0.9221916794776917
48203 28 0.92197185754776
84906 48 0.9208644032478333
11950 28 0.9206929802894592
7501 48 0.9203439354896545
65401 48 0.9202547669410706
60322 48 0.9195955991744995
22075 48 0.9195641279220581
39410 28 0.919352114200592
10071 28 0.9190344214439392
50843 48 0.9186422228813171
37835 28 0.9183012247085571
52458 28 0.9181004762649536
60635 28 0.9179741144180298
69230 28 0.9177829027175903
76509 48 0.9177493453025818
69860 28 0.9174827337265015
54156 48 0.9174626469612122
7028 28 0.9173612594604492
76551 48 0.9172552824020386
80135 28 0.9172095656394958
27713 28 0.9171144962310791
37167 48 0.917033314704895
79826 48 0.9168781638145447
6881 28 0.9166972041130066
11692 48 0.9163295030593872
17486 29 0.9157438278198242
26316 29 0.9155053496360779
10995 28 0.9147533178329468
16706 48 0.9144147634506226
78203 28 0.9127106070518494
49353 48 0.9122679829597473
74171 48 0.9121211171150208
44232 48 0.9116392135620117
84949 48 0.9114899635314941
37733 48 0.9113299250602722
85914 48 0.9109601974487305
69330 29 0.9102792143821716
54814 48 0.9096767902374268
32449 28 0.9094918370246887
33746 28 0.9093515276908875
82400 48 0.9089738726615906
49147 48 0.9088464975357056
55432 48 0.9081247448921204
48998 28 0.9077437520027161
8918 28 0.9073466658592224
27314 28 0.906188428401947
79693 28 0.906173050403595
74281 48 0.9055372476577759
65167 29 0.9051523208618164
65307 48 0.9051464796066284
60181 48 0.9051396250724792
19223 29 0.9046260118484497
50825 48 0.9043899774551392
64114 28 0.9042167663574219
11278 48 0.9040692448616028
86019 29 0.9040278196334839
75393 28 0.903878390789032
85574 24 0.9037991166114807
11809 48 0.9037303924560547
79644 48 0.9037164449691772
63294 48 0.9037150740623474
50560 48 0.9035530090332031
56086 29 0.9030883312225342
46405 1 0.9030439257621765
52802 28 0.9028469920158386
40905 28 0.9027552008628845
3284 48 0.9024888873100281
22339 48 0.9020751714706421
75316 48 0.9020158648490906
51984 48 0.9017934203147888
534 28 0.901773989200592
77649 28 0.9016411900520325
6335 48 0.9014133810997009
75635 48 0.9013910889625549
32889 28 0.9011217355728149
59387 48 0.9009718298912048
19153 28 0.9009701013565063
16292 28 0.9008573293685913
7421 28 0.9001646041870117
22949 1 0.900053083896637
16785 29 0.8994381427764893
65961 48 0.8993838429450989
15620 48 0.8992523550987244
36996 48 0.898662269115448
47057 24 0.8985199928283691
85908 48 0.8984633088111877
51279 28 0.8981509804725647
75286 48 0.8981086015701294
76434 48 0.8979954123497009
52369 48 0.8976056575775146
22758 24 0.89753258228302
68022 28 0.8967547416687012
6129 48 0.8965947031974792
30936 48 0.8960086703300476
65480 48 0.8954931497573853
15574 48 0.8953791856765747
68825 28 0.8951454162597656
18483 28 0.8951305150985718
24735 28 0.89512038230896
85007 48 0.8950571417808533
74196 48 0.8950039744377136
15577 48 0.8943942785263062
15562 48 0.8942899703979492
11513 48 0.8939968943595886
84921 48 0.8938969373703003
27105 28 0.8932488560676575
36998 48 0.8929085731506348
25758 29 0.8928124904632568
37207 48 0.8925368785858154
13507 28 0.8911710381507874
26350 28 0.8910489082336426
94426 48 0.8910389542579651
33355 28 0.8909478187561035
26972 28 0.8908838629722595
29624 48 0.8902549743652344
84991 48 0.8897646069526672
58248 28 0.889695405960083
38360 48 0.8895777463912964
84923 48 0.889548122882843
21367 28 0.888897180557251
80555 48 0.8888369798660278
83638 24 0.8883892893791199
56022 28 0.8879601955413818
84925 48 0.8876375555992126
59728 48 0.8874368667602539
30472 28 0.8868860602378845
1667 48 0.8863688111305237
37080 48 0.8860893845558167
51280 28 0.8858249187469482
23878 28 0.8857159614562988
72440 28 0.8852192759513855
87732 28 0.8848147392272949
11300 48 0.8843926191329956
46075 28 0.8842969536781311
6520 28 0.8841982483863831
11356 48 0.8835532069206238
15432 48 0.8832760453224182
68898 28 0.8831689357757568
31066 48 0.8831156492233276
69080 28 0.8829489350318909
12399 48 0.8825622200965881
77155 48 0.8824716806411743
66227 48 0.8821204900741577
65534 28 0.8819844722747803
51938 48 0.8816158175468445
75323 48 0.8815693855285645
7526 48 0.8812969326972961
15325 28 0.8812293410301208
52885 48 0.8809294104576111
49877 48 0.8802913427352905
77029 48 0.8802708387374878
81750 28 0.8792330026626587
10385 29 0.8789582848548889
11737 48 0.878940224647522
49369 48 0.8786565661430359
37723 48 0.878637969493866
24468 29 0.8786008954048157
4068 28 0.878548264503479
11348 48 0.8785312175750732
41948 28 0.878150463104248
82802 29 0.8781085014343262
11762 48 0.8780671954154968
30855 48 0.8768318891525269
87116 28 0.8767256140708923
57092 28 0.876259446144104
91408 28 0.8760884404182434
16258 28 0.875907838344574
6683 28 0.8758901953697205
62857 48 0.8755649924278259
70069 28 0.8755404353141785
2370 48 0.8754761219024658
54169 48 0.8752034306526184
5366 28 0.8745255470275879
55936 48 0.8744397163391113
29656 48 0.8743231892585754
18286 28 0.8742696046829224
86548 28 0.8731800317764282
36876 28 0.8729657530784607
30362 29 0.8727148771286011
24993 29 0.8726004362106323
41669 28 0.8725207448005676
75095 48 0.8720435500144958
87060 28 0.8715320229530334
38612 48 0.8709683418273926
77244 28 0.8703295588493347
11369 48 0.8699927926063538
7591 48 0.8699824810028076
72624 28 0.8697494268417358
85949 48 0.8693723082542419
11355 48 0.8689852952957153
26093 28 0.8689206838607788
26784 28 0.8687983155250549
85208 29 0.8686506748199463
76414 48 0.8686116933822632
73249 28 0.8681747317314148
67223 28 0.8670265078544617
1988 28 0.8668586015701294
16586 28 0.866496205329895
37019 48 0.8664293885231018
56749 48 0.8655974864959717
50496 48 0.8655002117156982
64381 24 0.8654490113258362
69455 28 0.8654358983039856
33735 28 0.8650254607200623
54841 28 0.8649771213531494
72316 29 0.8647674322128296
37722 48 0.8646409511566162
64037 28 0.8645751476287842
77039 48 0.8644169569015503
57188 28 0.8640780448913574
22077 48 0.8635347485542297
28969 23 0.8634308576583862
75135 48 0.8633673787117004
81415 28 0.8631648421287537
19315 48 0.863071620464325
20675 28 0.8623526692390442
77775 28 0.8611946105957031
11816 48 0.8611026406288147
39555 23 0.8606547117233276
20470 28 0.8601598143577576
46411 28 0.8599992394447327
69675 28 0.8594774007797241
94683 48 0.8594164252281189
11179 48 0.8592817187309265
63866 28 0.8591347336769104
66624 48 0.858989953994751
94778 48 0.8589143753051758
63724 29 0.8588242530822754
67748 28 0.8586108088493347
77040 48 0.8574046492576599
85279 28 0.8571737408638
49316 48 0.8567321300506592
38588 48 0.8566477298736572
63595 28 0.8563392758369446
66284 48 0.8560473322868347
72285 28 0.855867862701416
29506 48 0.8557459712028503
64966 28 0.855387806892395
83895 48 0.8553717136383057
58534 28 0.8553668856620789
63753 28 0.8543277978897095
26411 28 0.8535850644111633
22987 48 0.8534098267555237
48274 28 0.8533624410629272
74296 48 0.8531754612922668
37688 48 0.8525356650352478
11494 48 0.852126955986023
53322 48 0.8519921898841858
82127 28 0.8519392013549805
30363 29 0.8519014716148376
60755 48 0.8517251014709473
66204 48 0.8514300584793091
59177 28 0.851098895072937
77297 28 0.8508342504501343
87495 48 0.8507933616638184
51895 48 0.8503724336624146
11591 48 0.8501524329185486
88549 24 0.8497540354728699
14007 28 0.8491843938827515
48549 28 0.8489653468132019
94712 48 0.8486714363098145
11325 48 0.8484641313552856
15528 48 0.8484104871749878
30867 48 0.8481982946395874
49364 48 0.848118245601654
73416 28 0.8479374647140503
81659 28 0.8470600843429565
54261 48 0.8469967246055603
27355 28 0.8469712138175964
84970 48 0.8466559648513794
5574 48 0.8464824557304382
86762 48 0.8464418053627014
54121 48 0.8462966084480286
84966 48 0.8462072610855103
36217 28 0.8449780941009521
47970 28 0.8446235060691833
65952 48 0.8441225290298462
39537 29 0.8438052535057068
2658 48 0.8434261083602905
85969 48 0.843408465385437
37810 48 0.843212366104126
2741 28 0.8426563143730164
35734 28 0.8426415920257568
77008 48 0.8426213264465332
87639 48 0.8425741791725159
76793 48 0.8424984812736511
11670 48 0.8424140810966492
61351 28 0.8423537015914917
53911 48 0.8417906761169434
37927 48 0.8417759537696838
21920 48 0.8411951065063477
30842 48 0.841175377368927
11362 48 0.8411556482315063
15411 48 0.8405886888504028
9661 28 0.8404734134674072
37946 48 0.8404269218444824
69365 28 0.8403580784797668
47607 28 0.8403356075286865
58206 48 0.8403326272964478
50724 28 0.8402560353279114
62931 48 0.8400037884712219
24540 28 0.8398658037185669
59682 48 0.8396938443183899
22178 48 0.8396077752113342
19221 28 0.8390544652938843
29504 48 0.8378497958183289
38141 48 0.8376436829566956
16616 48 0.8375744819641113
2707 24 0.8374773859977722
26225 28 0.8372247815132141
58244 48 0.8370983004570007
11281 48 0.8365424275398254
75068 28 0.8362295031547546
85002 48 0.8357316255569458
93599 48 0.8353766798973083
77645 28 0.8350405097007751
32990 28 0.834465742111206
3857 28 0.8339474201202393
50688 28 0.8336496353149414
37621 48 0.8331473469734192
33700 28 0.8330699801445007
73747 48 0.8328263759613037
76816 48 0.8325473666191101
20859 48 0.8324680924415588
11556 48 0.8318949937820435
11450 48 0.8318163752555847
37122 48 0.8312837481498718
61500 48 0.8312242031097412
11795 48 0.8311769962310791
93466 1 0.8309929370880127
47101 28 0.8299158811569214
24173 48 0.8296639919281006
34064 28 0.8288872838020325
17824 28 0.8280114531517029
11612 48 0.8278028964996338
22015 48 0.8277607560157776
71476 28 0.8274089097976685
91815 28 0.8271005749702454
29605 48 0.8269491195678711
61726 48 0.8266484141349792
58338 48 0.8265157341957092
23226 28 0.8255836963653564
79339 28 0.8252695798873901
17406 28 0.8239971995353699
50102 28 0.8239333629608154
34473 28 0.8236764669418335
86669 28 0.8236202597618103
78066 28 0.8232160210609436
13921 28 0.8230955004692078
76588 48 0.8225823044776917
36674 29 0.8221215605735779
36574 28 0.8219819068908691
23852 24 0.8219736814498901
75103 48 0.8219583034515381
11820 48 0.8219007253646851
79596 28 0.8216081857681274
7387 48 0.8213405609130859
53403 48 0.8209477066993713
29542 48 0.8207176327705383
79508 48 0.8205491900444031
75592 48 0.82044517993927
54283 48 0.820357620716095
61354 28 0.8201273083686829
3674 48 0.819525957107544
56534 28 0.8191590309143066
85598 28 0.8188413381576538
55038 28 0.8188141584396362
30338 29 0.8186935782432556
4665 28 0.8180918097496033
93716 48 0.8175345659255981
31091 28 0.8173938393592834
48036 48 0.8173425197601318
48905 48 0.817136824131012
60428 28 0.8167754411697388
94414 48 0.8166751861572266
25309 28 0.816576361656189
59857 48 0.8163838982582092
77670 28 0.8157215714454651
50559 48 0.8156358003616333
38557 48 0.8156235218048096
85025 48 0.8151445984840393
67905 28 0.8149029016494751
2333 48 0.8141977787017822
68856 24 0.8140801787376404
37191 48 0.8140558004379272
59391 48 0.8134866952896118
82817 28 0.813351035118103
51979 48 0.8130102157592773
66174 48 0.8129222989082336
15609 48 0.8127493858337402
66561 48 0.812622606754303
66650 48 0.8121803998947144
53091 28 0.8121790885925293
37266 48 0.8119523525238037
59170 28 0.8119171857833862
61216 28 0.811768114566803
67540 28 0.8111976385116577
38880 29 0.8103779554367065
93530 28 0.8093515038490295
52946 28 0.8092217445373535
57395 28 0.8089537620544434
81202 48 0.8087091445922852
65673 48 0.8086391091346741
76745 28 0.8086187243461609
11625 48 0.8081017732620239
37200 48 0.8073238730430603
65921 48 0.8072725534439087
7082 28 0.8066093921661377
37058 48 0.8065856099128723
55081 28 0.8063193559646606
15397 48 0.8058065176010132
60250 48 0.8055323958396912
66622 48 0.8051978349685669
73029 28 0.8050318956375122
31806 28 0.8050233125686646
70445 48 0.8048881888389587
52783 28 0.8046245574951172
37438 48 0.8046184778213501
19036 28 0.8045424222946167
75628 48 0.8039699792861938
69175 28 0.8039237856864929
13406 36 0.8038291931152344
31542 48 0.8037453293800354
2667 48 0.8032504320144653
19102 1 0.8031770586967468
11818 48 0.8029525279998779
57344 28 0.8028284311294556
54726 48 0.8027740716934204
61217 28 0.8026412725448608
17473 28 0.802636981010437
10238 28 0.8024754524230957
15514 48 0.8024067282676697
50354 28 0.802138090133667
84928 48 0.8014165163040161
65491 48 0.8009888529777527
59839 48 0.8008933067321777
11145 48 0.8006120920181274
15476 48 0.8004838228225708
6648 28 0.8002161383628845
34555 28 0.7999775409698486
17827 28 0.7990569472312927
84926 48 0.7988581657409668
75253 48 0.7986123561859131
89597 48 0.7980597019195557
29617 48 0.7968212962150574
32524 28 0.7966613173484802
83973 48 0.7965004444122314
93891 28 0.7964776754379272
29196 28 0.7964717149734497
79770 48 0.7961799502372742
22029 48 0.796096920967102
78453 48 0.7960902452468872
64143 48 0.7959824204444885
61704 29 0.7956398725509644
57420 24 0.7955970168113708
56685 28 0.7947803139686584
25983 28 0.794707179069519
26149 48 0.7944908738136292
54182 48 0.7944298982620239
79225 28 0.7942876219749451
15834 28 0.7942855954170227
48566 36 0.7937819361686707
58047 48 0.7936123013496399
62913 48 0.7935938239097595
49347 48 0.7934274673461914
54031 28 0.7934118509292603
37654 48 0.7931178212165833
4485 28 0.7930925488471985
58034 48 0.7930646538734436
52588 48 0.7924637198448181
16696 48 0.7922786474227905
17528 28 0.7922055125236511
25843 48 0.7920029163360596
29687 48 0.7913019061088562
88069 24 0.7911627292633057
22065 48 0.7905039191246033
15617 48 0.7903857231140137
26919 28 0.7902453541755676
20469 28 0.7902414798736572
54798 48 0.7899901270866394
79582 48 0.7898174524307251
37173 48 0.7896084785461426
61585 28 0.789182722568512
15483 48 0.7891004681587219
21571 28 0.7886388301849365
50494 48 0.7886219620704651
82788 28 0.7885236740112305
78631 48 0.7884455323219299
54249 48 0.7883021831512451
68305 48 0.7882436513900757
49415 48 0.7880321145057678
13744 48 0.787537693977356
11684 48 0.787061333656311
22441 29 0.7869886755943298
74741 24 0.786392092704773
29493 48 0.7861481308937073
30358 28 0.7861149311065674
56639 1 0.7859784960746765
37115 48 0.785757839679718
4682 28 0.7856436371803284
11375 48 0.7851990461349487
27266 28 0.7850300073623657
58114 28 0.784680187702179
39533 28 0.7839586138725281
38203 28 0.7836575508117676
49163 28 0.7835177779197693
87271 28 0.7833099365234375
75497 48 0.7828748226165771
52439 48 0.7821028232574463
50315 28 0.7820715308189392
30518 28 0.7813710570335388
42027 28 0.7812287211418152
21221 28 0.7808504700660706
67150 28 0.780820906162262
49907 48 0.7804228067398071
57121 28 0.7802554368972778
73923 29 0.7800763249397278
25295 28 0.779481828212738
55987 28 0.7791103720664978
2407 48 0.7789518237113953
59508 48 0.7786561250686646
30865 48 0.7785992622375488
35311 48 0.7783951163291931
77882 28 0.7783735394477844
40356 28 0.7780551910400391
52870 48 0.7779023051261902
6143 48 0.7777286171913147
66301 48 0.7774866819381714
58710 28 0.7774177193641663
54302 48 0.7773460745811462
22087 48 0.7771652936935425
14234 28 0.7770072817802429
75602 48 0.7769514322280884
47859 28 0.7769003510475159
31098 48 0.7761484980583191
11856 28 0.775591254234314
16386 28 0.7754510641098022
30298 28 0.7745906710624695
11584 48 0.7744016051292419
37176 48 0.7743881940841675
31704 36 0.7738068699836731
85880 48 0.7733093500137329
22413 48 0.773086428642273
14053 28 0.7729489207267761
37220 49 0.7728460431098938
10239 28 0.7724915146827698
65997 48 0.7721974849700928
72623 28 0.7720410823822021
65910 48 0.7719086408615112
34057 28 0.771626889705658
51934 48 0.7714748382568359
90188 24 0.7714317440986633
11577 48 0.7713130712509155
74094 28 0.7709088921546936
11533 48 0.7708024978637695
89390 48 0.7705680727958679
76881 48 0.7701650857925415
72554 28 0.7698442339897156
73528 28 0.7698173522949219
28197 28 0.76978600025177
64106 29 0.7695633769035339
22324 48 0.7692212462425232
3424 48 0.7691075205802917
34759 28 0.768889844417572
59658 48 0.7683035731315613
84789 48 0.768200159072876
7723 48 0.7678934931755066
47066 48 0.7677945494651794
57791 28 0.7673583626747131
28373 28 0.767244279384613
5908 48 0.7672341465950012
93358 48 0.766845166683197
59363 49 0.7668349146842957
22273 48 0.7665277123451233
7486 48 0.7664412260055542
28941 28 0.765709638595581
37078 48 0.7647552490234375
52952 28 0.7646494507789612
46659 28 0.7645968794822693
39514 28 0.7644256353378296
83552 28 0.7642160058021545
13000 48 0.764028787612915
32700 28 0.7638059258460999
17579 28 0.7636711597442627
92335 48 0.7635363340377808
31897 48 0.7635073065757751
79642 48 0.7634297609329224
47562 48 0.7632296085357666
5586 48 0.7626246213912964
19989 28 0.7625365257263184
45730 1 0.7624967098236084
65979 48 0.7620526552200317
53104 28 0.7618333101272583
4516 28 0.761761486530304
79838 48 0.7615111470222473
77937 28 0.7613096237182617
41359 29 0.761106550693512
66224 48 0.7609435319900513
71499 28 0.7602023482322693
60516 28 0.7599354982376099
54704 48 0.7595398426055908
58019 48 0.7595081329345703
75437 48 0.758825957775116
48655 28 0.7586820721626282
21384 29 0.758441150188446
21438 28 0.758087158203125
54748 48 0.7578721642494202
31601 48 0.7575403451919556
79696 28 0.7573203444480896
62260 28 0.7569990754127502
72429 28 0.7569890022277832
27683 29 0.7568333745002747
38177 48 0.7565393447875977
78326 48 0.756014347076416
11462 48 0.7558256983757019
49386 48 0.7558016180992126
54227 48 0.7545315623283386
37132 48 0.754204511642456
62820 48 0.7539968490600586
61962 28 0.753883957862854
49227 28 0.753377377986908
55161 28 0.7533577680587769
85000 48 0.7530831694602966
70022 1 0.7530471086502075
75080 28 0.752837061882019
62080 28 0.7526703476905823
59868 48 0.7526565790176392
37351 48 0.751687228679657
11694 48 0.7516257762908936
26539 28 0.7516229748725891
78787 48 0.7512786388397217
8731 28 0.7510771155357361
52518 28 0.7509544491767883
25723 28 0.750896692276001
63921 28 0.7508276104927063
11758 48 0.7506791353225708
77017 48 0.7504331469535828
11606 48 0.7501580119132996
82468 28 0.7498853206634521
41298 28 0.7496351003646851
34494 28 0.7493061423301697
30765 28 0.7491838932037354
83812 48 0.7490289807319641
10278 23 0.7489173412322998
30251 28 0.7487265467643738
5622 48 0.7486308217048645
55250 48 0.7484162449836731
2469 48 0.748265266418457
76308 48 0.7482403516769409
17550 28 0.7480652928352356
54983 28 0.7479528784751892
11947 36 0.7476691007614136
12980 48 0.7474574446678162
37433 48 0.747104287147522
7724 48 0.7469106912612915
84572 48 0.7464929819107056
11457 48 0.7459892630577087
14506 28 0.7459118962287903
7137 48 0.7457119822502136
86765 48 0.7452168464660645
52145 28 0.7451491951942444
34548 29 0.74480801820755
82904 28 0.7446715831756592
2099 48 0.7446694374084473
11515 48 0.7446625232696533
20466 28 0.7444452047348022
29317 28 0.7443596124649048
48091 48 0.743931233882904
48797 48 0.7438139915466309
91991 48 0.7434992790222168
84848 28 0.7434856295585632
57601 28 0.7433468103408813
75512 48 0.7430604696273804
3932 48 0.7428691983222961
71469 28 0.7428522706031799
75108 48 0.7427791953086853
75128 48 0.7425481081008911
23010 48 0.7418821454048157
68579 24 0.7417802810668945
24482 24 0.7417484521865845
55474 48 0.7412883043289185
26097 28 0.7411961555480957
16713 48 0.7411872744560242
59275 48 0.7407898306846619
11624 48 0.7404811382293701
11492 48 0.7403045892715454
48821 48 0.7398946285247803
11366 48 0.7398388981819153
83873 48 0.7395800352096558
80422 29 0.7393773794174194
15450 48 0.7389044165611267
11485 48 0.7388981580734253
50837 48 0.7388163208961487
34599 28 0.7387140989303589
7704 48 0.7380918860435486
11710 48 0.73785400390625
45014 28 0.7367458343505859
29573 48 0.7359718680381775
69341 28 0.7359026670455933
12561 28 0.7357189059257507
55302 28 0.7355809807777405
6241 48 0.7354981899261475
65311 48 0.7348007559776306
36107 28 0.734783411026001
55442 48 0.7344437837600708
29701 48 0.7343155741691589
29651 48 0.7342000603675842
69849 29 0.733893871307373
65358 48 0.733191967010498
54165 48 0.7329384684562683
60850 28 0.7326027154922485
80748 48 0.7323218584060669
41606 29 0.7317619919776917
11516 48 0.7310433387756348
69524 28 0.7306888103485107
48526 28 0.7306028008460999
48554 28 0.7305285930633545
50482 48 0.7304114103317261
33181 28 0.7303047776222229
16432 48 0.7302311658859253
59819 48 0.7300778031349182
70822 28 0.7300011515617371
15507 48 0.7298912405967712
29498 48 0.7298776507377625
22217 48 0.7298321723937988
61540 48 0.7294354438781738
79699 48 0.729244589805603
87634 48 0.7291534543037415
16709 48 0.7290809750556946
14504 28 0.7288750410079956
11756 48 0.7287409901618958
7032 36 0.7285991311073303
32383 28 0.7280847430229187
44507 48 0.7278100848197937
45188 36 0.7274803519248962
26918 28 0.7271526455879211
37515 48 0.7262520790100098
68663 29 0.7257000207901001
36952 48 0.7240443825721741
66210 48 0.7235616445541382
84751 24 0.723530650138855
62065 28 0.7233692407608032
75460 48 0.7233529090881348
46687 28 0.7229393124580383
68276 28 0.7228988409042358
39964 28 0.722595751285553
62555 28 0.7221941351890564
22419 48 0.722183108329773
85269 28 0.7213118672370911
14832 48 0.7212316393852234
11601 48 0.7209105491638184
11470 48 0.7208954691886902
37715 48 0.7208853960037231
16742 28 0.720729649066925
88209 48 0.7201137542724609
64615 48 0.719545841217041
19929 28 0.7191622257232666
42952 28 0.7191022038459778
59130 28 0.7187942862510681
65023 28 0.7187058329582214
45922 28 0.7184922099113464
84905 48 0.7184706330299377
64976 29 0.7183562517166138
30790 48 0.7181333899497986
37829 48 0.7181326746940613
95572 28 0.7180545330047607
76604 48 0.7180074453353882
48877 48 0.7179780602455139
19790 28 0.7179515361785889
39097 28 0.7173717617988586
72678 28 0.7173047661781311
61443 48 0.717246949672699
19688 28 0.7171167135238647
72560 29 0.7170997858047485
66323 48 0.7169656753540039
12532 28 0.7168675065040588
31210 48 0.7167354822158813
56620 28 0.7165454626083374
90151 28 0.716477632522583
82197 28 0.7164701223373413
66607 48 0.7155216336250305
16134 1 0.7154814004898071
52863 48 0.7153068780899048
84896 48 0.7151399850845337
75256 48 0.7149895429611206
58788 28 0.7148244976997375
85027 48 0.7145132422447205
2812 28 0.7144022583961487
29699 48 0.7143113613128662
45920 28 0.7136419415473938
47876 28 0.7135328054428101
18509 29 0.7134687900543213
59520 48 0.7125356197357178
82153 28 0.7120664119720459
25626 28 0.7117832899093628
50495 48 0.7116881608963013
49009 29 0.7110711336135864
73658 28 0.7110681533813477
35881 24 0.7109094262123108
34061 28 0.7108899354934692
84962 48 0.7101678252220154
84794 28 0.7099534273147583
84748 28 0.7093610763549805
37141 24 0.7085393667221069
45246 36 0.7082641124725342
41594 29 0.707738995552063
71816 48 0.7074285745620728
52828 48 0.7071618437767029
1711 48 0.7065641283988953
1661 48 0.7064869403839111
57911 28 0.706456184387207
84829 48 0.706170380115509
76777 48 0.7060056924819946
66338 48 0.7057926654815674
76744 28 0.7056035399436951
66592 48 0.7053936123847961
24171 48 0.705389678478241
96130 28 0.705254316329956
22227 48 0.7047962546348572
34401 29 0.7047871351242065
93023 28 0.7047106623649597
18280 36 0.704477071762085
6828 48 0.704277515411377
37960 28 0.7041757702827454
21527 8 0.7039036154747009
48519 29 0.7032107710838318
22322 48 0.7031160593032837
59294 48 0.7030280828475952
92370 28 0.7028275728225708
53862 48 0.7028070092201233
15469 48 0.7026797533035278
59305 48 0.7026267051696777
74302 48 0.7021122574806213
30990 28 0.7020618319511414
11696 48 0.7019127607345581
7977 28 0.7018579244613647
28071 28 0.7018290758132935
42452 48 0.7016646265983582
61545 48 0.701644778251648
77662 29 0.7016008496284485
15607 48 0.7014609575271606
58136 48 0.7011513113975525
63253 28 0.7009149193763733
71181 8 0.7007693648338318
7660 48 0.6996862888336182
3359 28 0.6992167234420776
81515 28 0.6989497542381287
3603 24 0.698725700378418
81040 48 0.6985212564468384
55889 48 0.6983880400657654
36808 28 0.6979973912239075
75137 48 0.6976852416992188
11445 48 0.6976062059402466
57123 28 0.6975510120391846
94703 48 0.696549117565155
65723 48 0.6965078115463257
61570 28 0.695777416229248
47687 36 0.695667028427124
48879 48 0.6954953670501709
11342 48 0.6953184008598328
54744 48 0.6951776146888733
71613 48 0.6948001980781555
92327 48 0.6944651007652283
27811 28 0.6944039463996887
50927 29 0.6934895515441895
75458 48 0.6934377551078796
11483 48 0.6933845281600952
24948 48 0.6933778524398804
7492 48 0.6929226517677307
29199 28 0.6926760077476501
58118 48 0.6926483511924744
77732 24 0.6923713088035583
16495 48 0.692314863204956
33365 28 0.6918228268623352
48923 48 0.6917397975921631
58200 48 0.6916322708129883
42461 48 0.6915937662124634
79450 48 0.6914836168289185
21447 28 0.6913824081420898
42629 28 0.6912541389465332
18344 36 0.6911132335662842
37007 48 0.6909993290901184
14266 28 0.6909055113792419
60910 28 0.6906534433364868
47095 1 0.690639317035675
79546 28 0.6893832087516785
29807 28 0.6892135739326477
69724 28 0.688766598701477
13564 28 0.6887389421463013
29393 48 0.6886874437332153
2546 48 0.6886643767356873
79588 48 0.6885643005371094
65392 48 0.6884622573852539
30844 48 0.6882309317588806
69975 28 0.6880547404289246
18686 48 0.6880101561546326
60071 6 0.6876303553581238
31002 48 0.6869290471076965
7189 28 0.6868247389793396
64515 48 0.6866467595100403
11858 28 0.6865743398666382
18117 36 0.6858974695205688
22379 48 0.6857590079307556
19627 28 0.6845537424087524
93999 28 0.6843222975730896
32617 28 0.6835188865661621
18384 28 0.6834111213684082
43494 28 0.6827910542488098
11525 48 0.6826974749565125
11489 48 0.682615339756012
35428 48 0.682559072971344
24547 28 0.6822768449783325
59856 48 0.6822022199630737
7608 48 0.6820525527000427
29858 29 0.6819853782653809
2417 48 0.6817336082458496
46994 48 0.6816920042037964
27464 28 0.6813391447067261
6547 28 0.6810922026634216
55376 8 0.680840253829956
79659 48 0.6806204319000244
86668 28 0.6805048584938049
50731 28 0.6802019476890564
64306 28 0.6801555156707764
52032 48 0.680132269859314
64546 48 0.6799118518829346
54714 48 0.6798719763755798
83533 28 0.6795451641082764
6841 28 0.6794597506523132
49356 48 0.6790205240249634
75196 36 0.6787316203117371
75310 48 0.6785014271736145
33358 36 0.678327739238739
81312 48 0.6781538128852844
60299 48 0.6781225204467773
95402 48 0.6775197386741638
15615 48 0.6774730682373047
74243 48 0.676883339881897
9753 28 0.6758474111557007
12200 48 0.67545485496521
89267 48 0.6753394603729248
55960 28 0.6752057671546936
6052 48 0.6751423478126526
21994 48 0.6750725507736206
4205 28 0.6746875643730164
69696 28 0.6743777394294739
31094 48 0.6740178465843201
22216 48 0.6739729642868042
48043 48 0.6737244129180908
28469 28 0.673708975315094
80464 28 0.6732106804847717
31116 48 0.6730276942253113
91856 28 0.6727716326713562
21166 36 0.6724892258644104
82976 1 0.6717968583106995
3741 28 0.6717367768287659
83927 48 0.6711744666099548
79350 29 0.6710096001625061
16708 48 0.6709335446357727
27071 28 0.6708582043647766
30352 28 0.670588493347168
94768 48 0.670501172542572
40676 28 0.6699415445327759
74844 28 0.6698514819145203
12410 48 0.6694880723953247
37166 48 0.6692939400672913
71751 48 0.6691910028457642
5213 28 0.6688421964645386
56174 29 0.6687466502189636
24463 29 0.6687139272689819
22420 48 0.6687060594558716
25134 28 0.6685501337051392
67336 28 0.6684149503707886
77042 48 0.6682882308959961
11424 48 0.668281614780426
75467 48 0.6674879193305969
85036 48 0.6674769520759583
5553 48 0.6674317717552185
49100 48 0.6673245429992676
38676 28 0.6673233509063721
62238 8 0.6664760112762451
54799 48 0.6663320660591125
85569 48 0.6661962270736694
51406 28 0.6659311652183533
59376 48 0.6657044887542725
27854 23 0.6656994819641113
16094 48 0.6655932664871216
86374 48 0.6655839085578918
71824 48 0.665558934211731
84257 48 0.665307879447937
66625 48 0.6651943922042847
29327 48 0.6650794148445129
75100 48 0.6648812294006348
12997 48 0.664787232875824
60851 28 0.6647042036056519
75597 48 0.6644200682640076
46996 48 0.6643326878547668
18333 36 0.6641115546226501
45177 36 0.6632859706878662
31072 28 0.6632605195045471
23930 28 0.663243293762207
47455 48 0.6631674766540527
20251 29 0.6628047227859497
48008 48 0.6621727347373962
59917 28 0.6619083881378174
77066 24 0.6615719795227051
66597 48 0.6612818241119385
30969 48 0.6611587405204773
58115 28 0.6608718633651733
7592 48 0.6608240604400635
24268 28 0.6605887413024902
76406 48 0.6605368256568909
53834 48 0.6604552865028381
39673 36 0.6602073907852173
11268 48 0.6598199009895325
39104 28 0.6596988439559937
1839 28 0.6596118807792664
1576 24 0.6595453023910522
67375 48 0.6593729257583618
65425 48 0.6589906811714172
86196 28 0.6588743925094604
63218 28 0.6585569977760315
2380 48 0.6584795117378235
45517 24 0.6583802103996277
76495 48 0.6579965353012085
29337 48 0.6579062938690186
1228 28 0.6574283242225647
28046 36 0.6574248671531677
50412 48 0.6571372151374817
79683 48 0.6567169427871704
44274 48 0.656425952911377
80388 48 0.6562137603759766
83309 28 0.656197190284729
85019 48 0.6560262441635132
30859 48 0.6555678248405457
11690 48 0.6551620364189148
85009 48 0.655117392539978
49899 48 0.6550423502922058
71736 49 0.6547476053237915
48449 28 0.6543712019920349
24197 48 0.6543613076210022
71766 49 0.6541564464569092
72434 28 0.6539605259895325
15388 48 0.6538459062576294
23999 28 0.6537956595420837
28296 29 0.6537771224975586
74330 48 0.6536800861358643
14200 28 0.6533109545707703
80287 28 0.6532178521156311
93228 48 0.6531520485877991
37434 28 0.6528912782669067
42442 48 0.6522038578987122
51521 48 0.6521976590156555
58023 48 0.6521379947662354
11535 48 0.6520886421203613
94701 1 0.6520418524742126
34542 1 0.6519268155097961
71847 28 0.6518175005912781
6157 48 0.6516653299331665
11561 48 0.6514726281166077
87110 28 0.6513672471046448
46774 28 0.6512424945831299
47381 48 0.6512317061424255
6589 36 0.6512145400047302
11673 48 0.6510499715805054
65483 48 0.6508598327636719
172 23 0.6506602168083191
14147 28 0.650285542011261
11552 48 0.6501326560974121
36957 48 0.6501246690750122
29354 48 0.650118350982666
18351 36 0.6501010060310364
55187 28 0.6500453352928162
48028 48 0.6499390602111816
9303 36 0.6496047377586365
30986 28 0.6494044661521912
12398 48 0.6493397355079651
85013 48 0.6491893529891968
75469 48 0.6489836573600769
87717 29 0.648857831954956
61523 48 0.6488373875617981
12836 28 0.648756206035614
84892 48 0.6485668420791626
37686 48 0.6482881903648376
3799 28 0.6480529308319092
36368 28 0.6480259895324707
49926 48 0.6479828357696533
66846 28 0.6477124691009521
79436 49 0.647623598575592
53261 48 0.6474875807762146
83423 1 0.6473562121391296
70088 28 0.6472244262695312
38225 28 0.6469614505767822
12528 28 0.6469076871871948
4710 23 0.6466454267501831
56680 28 0.6463584899902344
35669 29 0.6463025212287903
39784 28 0.6462217569351196
11256 48 0.6452559232711792
65536 28 0.6452099084854126
64544 24 0.6450543403625488
58176 48 0.6449458003044128
84331 48 0.644903302192688
26851 28 0.6444944739341736
52680 28 0.6443925499916077
32596 29 0.6443773508071899
1234 28 0.6438782215118408
35363 1 0.6438045501708984
17950 8 0.6436324119567871
30956 48 0.643537163734436
2264 48 0.6434472799301147
49402 48 0.6433334946632385
12073 28 0.6430643796920776
64582 48 0.6430619359016418
22577 1 0.6428878307342529
44723 28 0.6427737474441528
29112 28 0.6426582336425781
88136 8 0.6424164772033691
62607 28 0.642328679561615
68052 28 0.6419514417648315
91371 28 0.6419055461883545
24760 1 0.6417315006256104
71539 28 0.6413567066192627
83302 48 0.6407990455627441
14018 28 0.6405129432678223
21732 29 0.6404299736022949
62882 28 0.6403557062149048
11225 48 0.6402488350868225
37002 48 0.6400815844535828
78562 48 0.6400688290596008
62881 1 0.6398160457611084
12781 28 0.6391673684120178
76962 48 0.6391476392745972
3752 28 0.6390552520751953
28445 8 0.6390537023544312
22818 28 0.6389946341514587
66615 48 0.6389006972312927
83819 48 0.6385857462882996
72406 28 0.6384837627410889
86386 24 0.6384828686714172
36438 28 0.6383591890335083
57796 28 0.637635350227356
20962 8 0.6376326680183411
88386 28 0.6375218629837036
13750 48 0.6374582648277283
65486 48 0.6372484564781189
68458 1 0.6370573043823242
14746 28 0.6366829872131348
74556 36 0.6366466879844666
76334 48 0.6364274024963379
29023 29 0.6363634467124939
8028 28 0.6361181735992432
79760 48 0.6354296207427979
84955 48 0.6353610157966614
93907 28 0.6351568698883057
11427 48 0.6351088285446167
24229 48 0.6348620653152466
67536 28 0.634774386882782
59529 48 0.6346950531005859
74314 48 0.6344926953315735
25030 28 0.6341774463653564
94718 48 0.633762776851654
35088 28 0.6337260603904724
92727 1 0.6336839199066162
80771 1 0.6334598660469055
17551 28 0.6332362294197083
84582 48 0.6326770782470703
79765 48 0.6326038837432861
60551 28 0.632584810256958
38759 29 0.6323881149291992
35098 28 0.6323612332344055
58095 48 0.6322925090789795
37354 48 0.6322615146636963
66683 48 0.6322275996208191
66626 48 0.6322143077850342
42652 48 0.6320038437843323
67776 36 0.6318060755729675
7241 48 0.6318010091781616
22028 48 0.6315104365348816
11596 48 0.6313445568084717
93927 48 0.6313272714614868
37797 48 0.6311690807342529
11740 48 0.6311212182044983
65457 48 0.6309998631477356
40441 28 0.6302740573883057
15558 48 0.6301482319831848
76886 48 0.6299492716789246
49355 48 0.6296716332435608
35071 28 0.6292489767074585
75101 48 0.6292354464530945
21957 48 0.6288778185844421
31012 48 0.6283684372901917
28385 36 0.6282855272293091
8725 28 0.6277033090591431
68019 29 0.6274752616882324
78629 48 0.6271020770072937
83329 28 0.6270392537117004
96533 48 0.6268622279167175
45200 36 0.626823365688324
77012 48 0.6265437006950378
13100 28 0.626503050327301
93181 28 0.6264678835868835
55402 48 0.6261065602302551
35860 28 0.6260416507720947
11593 48 0.62589031457901
30194 48 0.6257621645927429
18076 36 0.6257566213607788
52841 48 0.6256935596466064
71590 48 0.625607967376709
53345 48 0.6253041625022888
11354 48 0.6252036690711975
54838 28 0.6251765489578247
48083 48 0.6247552633285522
34421 29 0.6245948672294617
58223 48 0.6245788931846619
73034 29 0.6243190765380859
32578 1 0.6241748332977295
48889 48 0.6240323781967163
60364 48 0.6239030957221985
47535 48 0.6237020492553711
49372 48 0.6237010955810547
20853 48 0.6234638094902039
62662 29 0.6233459115028381
49336 48 0.6232658624649048
95535 28 0.6230806708335876
86375 48 0.6226693987846375
56970 29 0.6226243376731873
92270 48 0.6223516464233398
54117 48 0.6219030022621155
65473 48 0.6219001412391663
72564 28 0.6218274235725403
37373 29 0.6216579079627991
16177 28 0.6213328242301941
58061 48 0.6212800145149231
37453 48 0.6212484836578369
54115 48 0.6212286353111267
46379 28 0.6200328469276428
6205 48 0.619860827922821
1938 48 0.6198578476905823
49535 48 0.6196555495262146
11448 48 0.6189021468162537
37431 49 0.6188309192657471
89587 48 0.6187208294868469
39499 28 0.6184231042861938
82104 8 0.6182986497879028
81086 36 0.6181578040122986
21952 48 0.617952287197113
49002 28 0.617784857749939
11632 48 0.617726743221283
75979 28 0.617633044719696
37236 48 0.6173527240753174
94704 48 0.6167846918106079
47580 28 0.6166121959686279
30973 48 0.6165448427200317
84842 48 0.6160268783569336
67497 28 0.6154632568359375
79841 48 0.6153284907341003
58005 8 0.6152448654174805
17966 24 0.6152207851409912
59382 48 0.6148470044136047
6264 48 0.6141375303268433
74425 36 0.613930881023407
37599 48 0.6137765645980835
84907 48 0.6136606931686401
80802 36 0.6135483384132385
37154 48 0.6135396361351013
33041 36 0.6135230660438538
75500 48 0.6134688258171082
29819 8 0.6133154034614563
80100 28 0.6129663586616516
2589 48 0.6128714680671692
75028 24 0.6128705143928528
38116 48 0.6124637722969055
78541 48 0.6124595999717712
38277 28 0.6124494075775146
11642 48 0.6123065948486328
88886 48 0.6121773719787598
7350 48 0.6120932102203369
85295 48 0.612032413482666
50004 48 0.6119345426559448
37457 48 0.6119242310523987
75109 48 0.6111082434654236
11602 48 0.6109931468963623
66599 48 0.6107385754585266
18535 28 0.6107015609741211
7109 48 0.610621988773346
33268 28 0.6105449795722961
22256 48 0.6104665398597717
8736 29 0.6098170280456543
19028 29 0.6097093820571899
50013 48 0.6096723675727844
61484 48 0.6093443632125854
11329 48 0.6093090772628784
29870 36 0.6091831922531128
15412 48 0.6088060140609741
94673 48 0.6085031032562256
11723 48 0.608394205570221
49328 48 0.6083853244781494
94761 48 0.6082311272621155
11504 48 0.6082134246826172
7490 48 0.6078850030899048
50435 48 0.6078442931175232
37062 48 0.6077107191085815
12228 48 0.6074800491333008
36885 28 0.6074331402778625
30468 28 0.607035219669342
13404 28 0.6068629622459412
93176 28 0.6067726612091064
40437 28 0.6067712306976318
11653 48 0.6067233681678772
53243 36 0.6064398884773254
37524 48 0.6061404347419739
80435 36 0.6060000658035278
64542 48 0.6054290533065796
57640 48 0.6046944260597229
87907 28 0.6040643453598022
81765 28 0.6039202213287354
59575 48 0.6034795641899109
55536 48 0.6023430228233337
39764 28 0.6023032069206238
5995 48 0.6022087931632996
74333 48 0.6019164323806763
75658 48 0.6018088459968567
14875 28 0.6009252071380615
11637 48 0.6009002923965454
15464 48 0.600790798664093
36793 29 0.6007834076881409
84726 24 0.6003419160842896
94707 48 0.6002551913261414
34760 28 0.6002545952796936
8638 28 0.5991814732551575
5618 48 0.5990342497825623
70095 28 0.5989226698875427
60582 28 0.5988461375236511
75133 48 0.5988204479217529
56621 29 0.5987860560417175
64567 48 0.5985288619995117
77701 28 0.5984030961990356
80553 48 0.5983973145484924
79244 28 0.5982652902603149
62605 28 0.5981829762458801
30263 24 0.5980410575866699
52382 48 0.5978549718856812
74274 48 0.597707986831665
59766 48 0.5976151823997498
75702 28 0.5975300073623657
17033 28 0.5974208116531372
5731 28 0.5972607731819153
66591 48 0.597129225730896
65659 48 0.5970666408538818
48074 48 0.597019374370575
54825 48 0.5969761610031128
8585 28 0.5967024564743042
59221 48 0.5963687300682068
38208 48 0.5959945917129517
49908 48 0.5959369540214539
15954 28 0.5958592891693115
37711 48 0.5954557061195374
91835 28 0.5953866243362427
30650 8 0.5952288508415222
11327 48 0.595172107219696
45207 36 0.595046877861023
22255 48 0.5950126051902771
48856 48 0.5948750972747803
33052 36 0.5946063995361328
37364 48 0.5945680141448975
56065 28 0.5945653915405273
77481 23 0.5945375561714172
95206 48 0.5943928360939026
38544 48 0.5941877365112305
36202 29 0.5941228270530701
37245 48 0.5934750437736511
65165 28 0.5931733846664429
57126 28 0.5930950045585632
66598 48 0.5928720831871033
91613 23 0.59273362159729
42483 48 0.5927093625068665
15618 48 0.5926020741462708
58113 28 0.5925854444503784
73683 28 0.5925377011299133
78124 36 0.5924981832504272
56255 48 0.5921586155891418
69948 28 0.592095136642456
49957 48 0.5919253826141357
59649 48 0.5918798446655273
36362 36 0.5916374325752258
38286 28 0.5916070938110352
26348 36 0.5915189981460571
18181 36 0.5914048552513123
47029 28 0.5913429260253906
58075 48 0.5913306474685669
17268 28 0.591301441192627
37822 48 0.5912113189697266
61757 48 0.5911576747894287
85017 48 0.5909345149993896
30795 48 0.5906615853309631
79580 48 0.5905935168266296
76601 48 0.5905504822731018
58998 28 0.5894930958747864
1673 48 0.5891551375389099
47233 28 0.5888384580612183
32526 28 0.5886320471763611
55865 49 0.5883741974830627
76118 28 0.5881842374801636
95693 29 0.5880411267280579
67029 48 0.5877497792243958
42942 48 0.5872836112976074
19244 28 0.5871393084526062
4089 24 0.587104082107544
21972 48 0.5870060920715332
18084 36 0.5869235396385193
66670 48 0.5868890881538391
11676 48 0.5868033170700073
6822 28 0.5865809321403503
13003 48 0.586424708366394
37393 48 0.58636474609375
84538 48 0.5857939124107361
67775 6 0.5857200622558594
73716 28 0.5857155323028564
2689 48 0.5856466889381409
7007 48 0.5856465697288513
48887 48 0.5851754546165466
37498 48 0.5848866701126099
37357 48 0.584699273109436
8628 36 0.5844017267227173
64249 36 0.5842981338500977
84986 48 0.5840674042701721
11295 48 0.583710253238678
81537 36 0.5836856961250305
71552 48 0.5836179256439209
39582 28 0.5835704803466797
75262 48 0.5835599899291992
59468 28 0.582962691783905
75600 28 0.5822158455848694
22262 48 0.582183837890625
11668 48 0.5820460319519043
38621 48 0.5819395780563354
65374 48 0.5816196799278259
62934 48 0.5814131498336792
84506 48 0.581325113773346
65492 48 0.5808736681938171
41652 29 0.5808520913124084
51749 24 0.5807762145996094
27645 28 0.5805953741073608
96450 28 0.5805309414863586
64102 28 0.5804601311683655
64236 36 0.580439567565918
55692 48 0.5802639722824097
85005 48 0.5799609422683716
40862 28 0.5798263549804688
22411 48 0.5797344446182251
83616 28 0.5797126889228821
58243 48 0.5796781778335571
77347 9 0.5796681046485901
79563 28 0.5796297192573547
37347 48 0.579465925693512
84967 48 0.5793524384498596
21969 48 0.5791981816291809
48816 48 0.578986644744873
57017 28 0.5788188576698303
76621 48 0.578636646270752
34422 29 0.5784859657287598
58238 48 0.5783218145370483
1640 48 0.5781891345977783
77007 48 0.5780057311058044
8362 36 0.5778300762176514
54807 48 0.5775840282440186
19665 28 0.5773307681083679
27941 29 0.5772303938865662
25019 28 0.5771676898002625
91964 28 0.5771012902259827
18094 36 0.5769456028938293
11373 48 0.5768709182739258
33887 48 0.5765889883041382
49304 48 0.5764789581298828
37556 24 0.5762744545936584
57253 28 0.5762162208557129
37477 48 0.5761674642562866
8796 29 0.5761609077453613
65361 48 0.5761381387710571
90169 36 0.5760450959205627
49155 48 0.5759969353675842
37296 48 0.5759461522102356
68384 48 0.575548529624939
60033 6 0.5750479102134705
47557 28 0.5750064253807068
90648 28 0.5749180316925049
77669 28 0.5748772025108337
5735 36 0.5747129917144775
25775 28 0.5746990442276001
65417 48 0.5745443105697632
17004 28 0.5742320418357849
28545 48 0.5741384625434875
47141 28 0.5737011432647705
51683 36 0.5734830498695374
56713 8 0.5732305645942688
7487 48 0.5731757879257202
87150 28 0.573115885257721
69631 49 0.5730627179145813
15624 48 0.5728664398193359
11207 48 0.5725919008255005
38675 28 0.5723923444747925
37952 48 0.5722020268440247
37440 49 0.57182776927948
7504 1 0.5717397332191467
36997 48 0.5716726183891296
85039 48 0.5714641213417053
18064 36 0.5712385177612305
21291 28 0.5712071657180786
66644 48 0.5710136294364929
61806 28 0.5709857940673828
74762 36 0.5708252787590027
65649 48 0.5708091259002686
84123 24 0.5708024501800537
84793 28 0.5706756114959717
22352 48 0.5706578493118286
31575 28 0.5702193975448608
61528 48 0.5701727867126465
81645 8 0.5699400901794434
26447 28 0.5699143409729004
73225 36 0.5698883533477783
76179 28 0.5698369741439819
58046 48 0.5696695446968079
19763 28 0.5695882439613342
68322 48 0.5692341923713684
24923 29 0.569054901599884
74837 36 0.568998396396637
11751 48 0.5688378214836121
11559 48 0.5686877369880676
37077 48 0.5685263276100159
19441 36 0.5682341456413269
65344 48 0.5681769847869873
82437 28 0.5680766701698303
66686 48 0.5679841637611389
4902 8 0.5678088665008545
15417 48 0.5675952434539795
46137 28 0.5674941539764404
74303 48 0.5673835873603821
20041 8 0.5671619176864624
8927 1 0.5669960975646973
90838 48 0.5667794346809387
18534 28 0.5665419697761536
29287 28 0.5664744973182678
62844 48 0.5662426352500916
55883 28 0.5660725235939026
74757 28 0.5659592747688293
15996 28 0.5658550262451172
75124 48 0.5658519268035889
7562 48 0.5658455491065979
18034 36 0.5655850172042847
74767 36 0.5655041337013245
65439 48 0.5653690695762634
49308 48 0.5649531483650208
79675 28 0.5647766590118408
59384 48 0.564614474773407
29474 48 0.5644777417182922
58052 48 0.5644753575325012
20593 28 0.5643239617347717
61884 1 0.5643134713172913
59414 49 0.5642619132995605
50098 28 0.5641800165176392
71625 48 0.5639392137527466
37992 48 0.5636999607086182
70373 28 0.5633672475814819
3798 36 0.5629072189331055
48812 48 0.5627630949020386
22398 48 0.5627396702766418
93693 48 0.5626090168952942
52282 28 0.5624306201934814
66677 48 0.5623698234558105
29602 48 0.5619725584983826
79688 28 0.5618008971214294
74212 48 0.5617944002151489
50183 28 0.5614461302757263
14957 28 0.5613622069358826
30993 48 0.5611816644668579
59444 48 0.5611383318901062
84247 48 0.5608668327331543
68165 29 0.5607153177261353
77604 24 0.5606755018234253
49903 48 0.560594379901886
24228 48 0.5603989362716675
84283 48 0.5600930452346802
75136 48 0.5600348711013794
67492 28 0.5599285364151001
59272 48 0.5598467588424683
36661 36 0.5597928166389465
37204 28 0.559516966342926
77032 48 0.5592702031135559
67093 48 0.5591918230056763
71339 1 0.5591262578964233
28833 28 0.5589736104011536
87129 48 0.5587264895439148
1399 24 0.558687150478363
22159 48 0.5586303472518921
76367 48 0.5586215853691101
11729 48 0.558384120464325
41952 28 0.5582354068756104
29684 48 0.5581068396568298
65340 48 0.5578905344009399
45064 36 0.5578752756118774
76760 48 0.5577971935272217
17614 28 0.5577548742294312
70072 8 0.5575506687164307
25742 1 0.5575413703918457
68055 1 0.5575394034385681
21964 48 0.5574145317077637
84350 28 0.5573607683181763
48932 48 0.5572965741157532
78188 28 0.5570083856582642
19794 36 0.556843638420105
13463 6 0.5567685961723328
67445 28 0.5567600131034851
25591 28 0.5567551255226135
20385 48 0.5566381812095642
59511 28 0.5565939545631409
37901 48 0.5565004348754883
79821 48 0.5564250349998474
89241 48 0.5561221837997437
20154 1 0.5560663938522339
46741 6 0.55595862865448
27104 28 0.5556097030639648
31325 28 0.5555475354194641
65487 48 0.5555030107498169
87114 24 0.5553954839706421
58189 48 0.555243968963623
59426 48 0.5551736354827881
61856 48 0.554796040058136
528 1 0.5547386407852173
29348 48 0.554584801197052
64583 48 0.5545819997787476
74013 8 0.5544653534889221
29436 48 0.5544152855873108
72047 8 0.5543871521949768
18120 36 0.5543769001960754
37503 48 0.5542328357696533
43888 36 0.5541432499885559
68349 48 0.5541042685508728
58226 48 0.5539435744285583
19728 29 0.5536859035491943
42683 36 0.5535725355148315
11662 48 0.5534349083900452
51728 29 0.5532261729240417
63917 28 0.5530616641044617
16636 48 0.5530357956886292
37410 48 0.5529010891914368
73377 8 0.5524623394012451
62961 48 0.5524205565452576
17491 28 0.5519651174545288
79767 48 0.5518235564231873
2858 28 0.5516659617424011
87096 28 0.5515927672386169
55340 48 0.5513994693756104
69614 48 0.5513409972190857
56253 48 0.5512890219688416
12007 48 0.5511841177940369
48072 48 0.5511388778686523
16086 8 0.5511384606361389
46438 36 0.5508943796157837
76019 28 0.5506986379623413
12068 48 0.5503298044204712
41136 36 0.5502948760986328
75822 28 0.5499364137649536
60307 48 0.549849808216095
20467 28 0.5493091344833374
93141 48 0.5491074323654175
18063 36 0.5488970279693604
54804 48 0.5486513376235962
91279 29 0.5486294031143188
21536 36 0.5484747290611267
59298 48 0.5484395027160645
44230 48 0.5480207800865173
5543 48 0.547961413860321
54549 29 0.547723650932312
30985 48 0.5476921796798706
31807 28 0.5475272536277771
34351 28 0.5474774241447449
73287 36 0.5474745631217957
14858 28 0.5471262335777283
22401 48 0.5470443964004517
71820 48 0.5470187067985535
29326 48 0.5468958616256714
64610 48 0.5468616485595703
70002 36 0.5465310215950012
47776 9 0.5462414622306824
38573 48 0.546036958694458
59120 29 0.5459941029548645
50813 48 0.5458739399909973
9089 24 0.5457529425621033
16590 48 0.545681357383728
58055 48 0.5453203916549683
75524 48 0.5453078746795654
20855 48 0.545221745967865
11574 48 0.5452023148536682
5283 48 0.5451710224151611
11712 48 0.5451213717460632
66680 48 0.5449464321136475
72539 28 0.5448947548866272
30353 29 0.5448493361473083
24118 28 0.5448177456855774
46772 36 0.5446532368659973
48651 28 0.5445957183837891
80632 48 0.5445195436477661
85008 48 0.5444362759590149
22582 1 0.5440506339073181
77485 29 0.543947696685791
69463 36 0.5435491800308228
15606 48 0.543501615524292
75525 48 0.5434523820877075
1866 28 0.5432783961296082
18024 8 0.5432525277137756
37458 48 0.5432063341140747
84914 48 0.5431782603263855
1662 48 0.5431190133094788
84522 48 0.5430225729942322
61970 28 0.5428497195243835
23883 48 0.5427144169807434
93121 28 0.542665421962738
62711 48 0.5425257086753845
74275 48 0.5423924326896667
54816 48 0.5423189997673035
74406 36 0.5422409772872925
71586 48 0.5420824289321899
15881 36 0.5417170524597168
87596 48 0.5416761040687561
50469 48 0.5413604974746704
8672 28 0.5409484505653381
32992 36 0.5409181714057922
65477 48 0.5409141182899475
67184 28 0.5408597588539124
49950 48 0.5408223271369934
11812 48 0.5406893491744995
11408 48 0.5406708121299744
84291 48 0.54026198387146
59817 48 0.5400992631912231
17184 28 0.5400750637054443
76862 48 0.5397008657455444
48819 48 0.5388258695602417
16196 36 0.5388084053993225
11672 48 0.538585901260376
58361 48 0.5384207963943481
29336 48 0.5381962060928345
75451 48 0.5381450653076172
24532 28 0.5380455851554871
68468 36 0.5377923846244812
62507 36 0.5375362038612366
58111 48 0.537457287311554
73861 48 0.5374168157577515
67581 29 0.5373580455780029
74525 36 0.5371215343475342
70857 28 0.5370513796806335
20702 36 0.5370404720306396
66668 48 0.5370334982872009
41613 28 0.5370074510574341
75496 48 0.5369828343391418
693 28 0.5369384288787842
25560 1 0.5369219779968262
21505 36 0.536652684211731
51490 48 0.5366254448890686
84269 48 0.5363178849220276
75141 48 0.5363157391548157
68549 28 0.5363082885742188
78500 48 0.5362138748168945
2003 36 0.536168098449707
84969 48 0.5361324548721313
18082 36 0.5360376834869385
67537 28 0.5356828570365906
79421 48 0.5356624126434326
37533 48 0.5354808568954468
60315 48 0.535291314125061
76521 48 0.5352330207824707
31035 48 0.5350215435028076
15468 48 0.5346842408180237
30083 28 0.5337331295013428
11713 48 0.5335102081298828
82449 8 0.5332898497581482
39071 28 0.5330237746238708
14855 28 0.533012330532074
75649 48 0.5330034494400024
37238 48 0.5328542590141296
38335 28 0.5327759385108948
66844 28 0.5326663851737976
34464 29 0.5325233340263367
83726 28 0.5322456955909729
31013 48 0.5321112871170044
49414 48 0.5319415926933289
87115 9 0.5319015383720398
92172 28 0.5315547585487366
37443 48 0.5315296649932861
52631 24 0.5310269594192505
52195 48 0.5310086011886597
85996 28 0.5309516787528992
3083 48 0.5309048891067505
87533 24 0.5308493971824646
51025 36 0.5306113958358765
49997 48 0.5303964018821716
49928 48 0.5300830006599426
69087 48 0.5298148989677429
74264 48 0.5298035144805908
52898 48 0.5296903848648071
20672 28 0.5294724106788635
85962 28 0.5294334888458252
32059 36 0.5291013717651367
35549 28 0.5290932655334473
11651 48 0.5290013551712036
57434 36 0.5288512706756592
50852 48 0.5288063883781433
13148 24 0.5286839604377747
58629 48 0.5285072922706604
75596 48 0.5278617739677429
15435 48 0.5278135538101196
37263 48 0.5278069972991943
26045 48 0.5275107622146606
38712 23 0.5273627638816833
71825 48 0.5272642374038696
56155 8 0.527082085609436
92273 48 0.5267696380615234
55571 48 0.526748776435852
94693 48 0.5265262722969055
51558 24 0.5265259742736816
68739 8 0.5264788866043091
8768 48 0.5264776349067688
5409 28 0.5261337161064148
58087 48 0.5260023474693298
18281 28 0.5259895920753479
68608 36 0.5259153842926025
73320 28 0.5258318185806274
74254 48 0.5256851315498352
76892 48 0.525648295879364
50007 48 0.52556973695755
5554 48 0.5253053307533264
22956 29 0.5252456665039062
52482 48 0.5252186059951782
11323 48 0.5251539349555969
52207 48 0.5251394510269165
74263 48 0.5250211358070374
38633 48 0.5246673822402954
58198 48 0.5245562791824341
32650 28 0.5243958234786987
11725 48 0.5242791175842285
79479 48 0.5242034196853638
17505 36 0.5241970419883728
84254 48 0.523999035358429
51382 8 0.5235358476638794
55715 48 0.5234887599945068
52374 48 0.5228644609451294
16281 28 0.5228458642959595
75636 48 0.522744357585907
34121 6 0.5221951603889465
66141 48 0.5219407081604004
38017 28 0.5218992233276367
35184 28 0.521896481513977
48822 48 0.5218293070793152
12045 48 0.5217225551605225
37633 48 0.5217225551605225
84927 48 0.5215044021606445
30623 8 0.5214220285415649
38205 48 0.5211703777313232
76703 8 0.5211690068244934
94822 48 0.5206536054611206
73264 36 0.5205661058425903
14146 28 0.5204766988754272
67043 6 0.5203768014907837
77250 8 0.5200771689414978
10408 48 0.5200673937797546
15543 48 0.5200513005256653
87625 48 0.5199008584022522
76437 48 0.5198398232460022
71192 48 0.5197606682777405
21949 48 0.5197206139564514
9591 28 0.5196995139122009
17749 28 0.51944899559021
38265 28 0.5194357633590698
56306 24 0.519429624080658
31004 48 0.5190854668617249
58110 48 0.5189175009727478
24864 28 0.5188949704170227
68601 8 0.5188179016113281
41798 28 0.5187239646911621
73234 36 0.5186017751693726
66312 48 0.518497109413147
47995 48 0.5183781385421753
70697 48 0.5182361602783203
95381 48 0.5181344747543335
77030 48 0.5179494023323059
35124 24 0.5177939534187317
23227 8 0.5173231959342957
39233 28 0.5172821283340454
38590 48 0.5172507762908936
33814 29 0.5171467065811157
2144 28 0.5170155167579651
37039 48 0.5169497728347778
94726 48 0.5168993473052979
37397 48 0.5167261958122253
11659 48 0.5166777968406677
22286 48 0.5165296792984009
74231 48 0.5163766145706177
7413 8 0.5163402557373047
74308 28 0.5163134336471558
77988 36 0.5162684321403503
75560 28 0.5162084102630615
36823 29 0.5161794424057007
76478 48 0.5160809755325317
38026 48 0.5160634517669678
59526 48 0.5156713128089905
16294 48 0.5156693458557129
39099 8 0.5156134366989136
38471 8 0.5155659914016724
43925 8 0.5154093503952026
4895 48 0.5151818990707397
11507 48 0.5150676369667053
55928 36 0.5150500535964966
4967 29 0.5148460268974304
86123 28 0.514583170413971
87335 24 0.51445472240448
63407 48 0.5144433975219727
28405 28 0.5141534209251404
29896 36 0.5140910148620605
93182 28 0.5140793919563293
11416 48 0.5140615105628967
38042 48 0.513995349407196
55035 36 0.5139845609664917
55462 1 0.5139531493186951
49879 48 0.513799250125885
87713 29 0.5136294960975647
53392 29 0.5134291648864746
17577 28 0.5134230256080627
38244 28 0.5133377909660339
41657 29 0.5130376219749451
55874 48 0.5128228068351746
53826 48 0.5128179788589478
58655 6 0.5128130316734314
38885 36 0.5125685334205627
37184 48 0.5124611258506775
22377 48 0.5122113227844238
7531 48 0.5121989250183105
53221 29 0.5121530294418335
48891 48 0.5120626091957092
77787 28 0.5119651556015015
79382 8 0.5119438767433167
67404 36 0.5117112994194031
17404 28 0.5116218328475952
67555 28 0.5115647912025452
58219 48 0.511509120464325
51927 48 0.5113890767097473
77023 48 0.5112632513046265
28399 28 0.5111845135688782
49987 48 0.5107102394104004
74360 48 0.510583758354187
11753 48 0.5104325413703918
26079 28 0.5100002884864807
27595 28 0.5099781155586243
63419 48 0.50994873046875
52500 28 0.5098965167999268
19059 36 0.509792685508728
37386 48 0.5095294713973999
38510 8 0.5091351270675659
37504 48 0.5089755058288574
79209 28 0.5088481903076172
55077 36 0.508725106716156
39863 48 0.5086860656738281
27420 28 0.5086119174957275
72559 36 0.5083666443824768
63905 8 0.5082982182502747
84920 48 0.5082241892814636
92170 36 0.5079270005226135
23808 28 0.5078694820404053
59393 48 0.5075574517250061
37164 48 0.5074073076248169
17173 28 0.5074037909507751
69232 6 0.5073744654655457
29473 48 0.5073245167732239
16659 48 0.5070734024047852
76534 48 0.5070725679397583
58325 48 0.5063488483428955
1227 28 0.5063378214836121
27117 8 0.5062642097473145
70961 1 0.5062112808227539
38255 48 0.5059334635734558
29125 28 0.5058985948562622
11646 48 0.5058463215827942
72444 24 0.5056859850883484
80417 29 0.5056850910186768
89391 48 0.5056418776512146
37396 48 0.5056315064430237
37045 48 0.5056259632110596
37093 48 0.5055525898933411
66603 48 0.5054417848587036
69622 48 0.5051413178443909
83748 28 0.5050635933876038
75254 48 0.5049145221710205
38027 48 0.5045963525772095
82175 28 0.5045920610427856
42710 1 0.504532516002655
30103 48 0.5043733716011047
30818 48 0.5043600797653198
54802 48 0.5042808651924133
67927 36 0.5042197704315186
29842 24 0.5041373372077942
16413 36 0.504122793674469
11685 48 0.5040179491043091
71254 36 0.5038173794746399
25722 28 0.5036276578903198
34045 36 0.5033861398696899
37152 48 0.5030452013015747
16121 28 0.5029528141021729
17139 1 0.5029106140136719
16955 29 0.5028656721115112
8199 48 0.5027932524681091
82446 28 0.5027285814285278
69559 36 0.5022358298301697
32485 8 0.5022151470184326
11722 48 0.5020467042922974
29461 48 0.5018765330314636
33697 36 0.5018715858459473
5045 23 0.5016059875488281
50949 8 0.5015794634819031
11576 48 0.5014960765838623
30955 48 0.5013629198074341
1658 48 0.5013113021850586
84157 28 0.5013011693954468
49516 48 0.5012311339378357
93505 48 0.5010046362876892
11419 48 0.500776469707489
29499 48 0.5006082057952881
74257 48 0.5005805492401123
91858 48 0.5005750060081482
38555 48 0.5005661845207214
76393 48 0.5004184246063232
27469 36 0.5003517270088196
25605 24 0.500298023223877
3841 28 0.5002768635749817
18484 28 0.5001729726791382
13097 36 0.5000680685043335
72550 1 0.5000293254852295
18885 29 0.4999960660934448
92035 48 0.49990716576576233
11748 48 0.49989643692970276
11671 48 0.4997643232345581
77028 48 0.4997532367706299
37116 48 0.4994700849056244
52133 48 0.49920472502708435
65272 48 0.4992041289806366
86363 24 0.4991145431995392
38784 28 0.49909380078315735
31083 48 0.49903643131256104
51597 36 0.4989462196826935
19638 1 0.49876460433006287
19992 28 0.4984363615512848
32576 8 0.4981709420681
29554 48 0.4978865683078766
61156 48 0.49786996841430664
7455 48 0.4976932108402252
49562 24 0.49750861525535583
18593 48 0.49730339646339417
65393 48 0.49728575348854065
33936 36 0.49715909361839294
77720 48 0.4970592260360718
20518 36 0.4969047009944916
25151 48 0.4968872666358948
74095 28 0.4968319535255432
84341 24 0.49679216742515564
23783 28 0.49663621187210083
31275 29 0.4965918958187103
59389 48 0.4964298605918884
22281 48 0.4962071478366852
25373 36 0.49620527029037476
58086 48 0.49617496132850647
62281 29 0.49605703353881836
48220 8 0.4959472119808197
79407 28 0.49546805024147034
47086 28 0.49524176120758057
51700 36 0.4950753450393677
4493 29 0.49502328038215637
69625 48 0.4949205815792084
6928 28 0.49474889039993286
31007 49 0.4946390390396118
37023 48 0.49435505270957947
71434 28 0.49421414732933044
1894 24 0.49410155415534973
84877 48 0.494086354970932
86698 28 0.49403780698776245
57588 8 0.49401628971099854
3609 28 0.4934476315975189
20358 36 0.49341967701911926
38906 28 0.49318915605545044
52814 48 0.49314671754837036
85633 28 0.4930395781993866
32690 29 0.4929121732711792
37445 48 0.492697536945343
74190 48 0.4924331307411194
31191 29 0.49241697788238525
24585 6 0.4921010136604309
74295 48 0.4919615685939789
58117 28 0.49156948924064636
74191 48 0.491491436958313
37976 48 0.49138882756233215
36936 28 0.49111101031303406
79678 48 0.4907619059085846
57943 24 0.4903118908405304
42030 8 0.4897167980670929
69536 8 0.4895824193954468
84461 48 0.48937249183654785
63411 28 0.48902708292007446
79451 48 0.4890086054801941
26223 36 0.488607794046402
38879 36 0.4885335862636566
80025 8 0.4885132610797882
55069 8 0.48818790912628174
51635 48 0.48811376094818115
50189 48 0.4874647259712219
28209 8 0.4873247742652893
79776 49 0.48703551292419434
31051 48 0.4867865741252899
60903 48 0.4867402911186218
80107 28 0.486515611410141
47462 28 0.4864060878753662
81558 28 0.4858301281929016
43008 28 0.4854291081428528
61946 1 0.4853368103504181
32549 29 0.4852750301361084
14493 28 0.4852585792541504
31539 48 0.485226035118103
60594 29 0.48464563488960266
45924 8 0.484598308801651
36965 48 0.4844609498977661
12823 24 0.484422892332077
54033 23 0.48417001962661743
25442 28 0.48411834239959717
3971 36 0.48408907651901245
87026 28 0.4839912950992584
1270 48 0.483944296836853
48448 36 0.48389068245887756
26027 29 0.48364728689193726
42740 36 0.4834703505039215
60036 6 0.48296958208084106
17431 28 0.4828343093395233
26750 24 0.48267507553100586
35925 28 0.4818101227283478
57257 8 0.4817703664302826
53106 36 0.48172980546951294
31531 48 0.481480211019516
89914 28 0.48107197880744934
59867 48 0.48053184151649475
57443 8 0.48025497794151306
26664 36 0.48019492626190186
51598 36 0.4798896312713623
29733 36 0.4798037111759186
24389 36 0.4797934591770172
42024 8 0.4795548915863037
48317 8 0.4793076813220978
31071 48 0.4789615273475647
38297 48 0.47878438234329224
21339 36 0.47855430841445923
74487 36 0.4780167043209076
68682 8 0.47775986790657043
59381 48 0.4776277542114258
72079 36 0.4775288999080658
52546 48 0.4771171510219574
84753 48 0.47674182057380676
30949 48 0.4764854311943054
74188 49 0.47639980912208557
75595 48 0.47624722123146057
75580 49 0.4756457805633545
73424 36 0.4755624234676361
75093 48 0.47548753023147583
26124 28 0.4752752482891083
56261 48 0.47514086961746216
21825 24 0.4749981462955475
80633 48 0.4749787449836731
18085 36 0.4747830927371979
26 48 0.47395986318588257
73639 1 0.4733448624610901
61194 48 0.47319719195365906
38916 29 0.4731472432613373
20532 36 0.47256168723106384
27380 48 0.47205206751823425
64300 8 0.47191742062568665
69254 1 0.4717289209365845
5911 36 0.47161364555358887
37873 48 0.47141820192337036
18200 36 0.47129181027412415
47277 1 0.47102659940719604
46703 8 0.47084689140319824
75461 48 0.4707685112953186
88887 24 0.47053396701812744
86079 36 0.47048360109329224
35053 8 0.46984195709228516
76109 8 0.4696090817451477
25462 36 0.469037801027298
58450 48 0.4689014256000519
85767 28 0.4688953459262848
30899 49 0.4686073660850525
75495 48 0.467976450920105
41484 8 0.46778708696365356
30992 48 0.4676189124584198
7359 48 0.4673767685890198
16861 36 0.4670236110687256
58097 48 0.466652512550354
26898 36 0.46638303995132446
61297 24 0.46623939275741577
11704 48 0.46614232659339905
21442 28 0.46606898307800293
79800 48 0.4658462107181549
16599 48 0.46571099758148193
31137 8 0.46542778611183167
31546 24 0.46532168984413147
34767 23 0.46505555510520935
21331 28 0.4647006690502167
77652 36 0.4644995331764221
47167 1 0.4642038941383362
36247 36 0.4640185534954071
45180 36 0.4639648497104645
74096 6 0.46395814418792725
18095 36 0.4639546871185303
60804 49 0.46362656354904175
62674 36 0.46324422955513
93018 36 0.4627227485179901
29821 29 0.46175703406333923
27019 8 0.46163424849510193
61600 28 0.46158328652381897
71731 48 0.4615603983402252
56049 28 0.4614880084991455
7081 29 0.46074801683425903
3808 36 0.46060267090797424
47121 36 0.46022284030914307
34276 36 0.4601409435272217
37304 48 0.4597686231136322
41634 36 0.45947206020355225
49282 24 0.4592536985874176
32142 28 0.4589152932167053
60706 28 0.4584566056728363
67390 36 0.45838916301727295
27764 29 0.458335280418396
32874 36 0.4583343267440796
67505 8 0.45804014801979065
37444 48 0.457072377204895
59500 48 0.45689111948013306
34763 8 0.4563787877559662
8608 28 0.45594581961631775
43712 36 0.4559200406074524
22668 1 0.455765038728714
60801 48 0.4556075930595398
29755 8 0.4555629789829254
63106 36 0.4555070102214813
68516 8 0.4551425576210022
73446 36 0.4550413489341736
54934 36 0.4539335370063782
59347 49 0.4534619450569153
12125 8 0.4534083604812622
59337 48 0.45323801040649414
33306 36 0.4527977406978607
80019 28 0.45250585675239563
75722 36 0.4524386525154114
74315 48 0.45190131664276123
42029 36 0.45064398646354675
60199 49 0.4505389928817749
18873 36 0.4505070447921753
18513 23 0.45036622881889343
83324 28 0.45017632842063904
8884 24 0.44965630769729614
67862 36 0.44935187697410583
24987 8 0.4492388963699341
32726 36 0.4489186406135559
26032 8 0.44822046160697937
12328 6 0.4477030336856842
62276 36 0.4470940828323364
59496 24 0.44689053297042847
83289 28 0.44639259576797485
75537 48 0.4463173747062683
31185 36 0.44601646065711975
2849 28 0.4460163712501526
29313 36 0.4457246661186218
38711 36 0.4457134008407593
76466 48 0.4454832375049591
27508 36 0.44547194242477417
86868 1 0.445345014333725
62013 36 0.44444739818573
25049 8 0.44443219900131226
6942 8 0.4430936276912689
17819 8 0.44291266798973083
2101 36 0.44259074330329895
53351 8 0.4425818920135498
59148 36 0.4425438940525055
71524 8 0.44249552488327026
28818 8 0.4424650967121124
42005 36 0.4420630633831024
17957 28 0.44123926758766174
26688 28 0.4409967362880707
69472 8 0.44064706563949585
18868 8 0.4404114782810211
31018 48 0.43961262702941895
32427 36 0.43920454382896423
77064 29 0.43886756896972656
13095 8 0.43873968720436096
2848 8 0.43854090571403503
21167 8 0.43800660967826843
67089 48 0.43688881397247314
63971 8 0.436769962310791
33228 36 0.43653255701065063
75411 49 0.43637120723724365
63592 36 0.435698002576828
79359 8 0.43559691309928894
82156 28 0.43549200892448425
56727 36 0.43545469641685486
64978 24 0.43507757782936096
64543 49 0.4349689781665802
17971 8 0.4349486231803894
71649 48 0.4348049759864807
68603 36 0.4347689151763916
22667 8 0.4346775710582733
67791 36 0.4345376789569855
21461 28 0.43428322672843933
85309 48 0.4342292249202728
68499 9 0.4341169595718384
68832 36 0.43401163816452026
27676 36 0.4335848093032837
41600 6 0.4335765242576599
1572 28 0.4328615665435791
68484 8 0.4322945475578308
71634 48 0.432132363319397
29109 8 0.4320402145385742
88281 28 0.4317006766796112
79822 49 0.43109625577926636
77514 24 0.43101105093955994
19818 36 0.4308818578720093
79739 49 0.43077194690704346
69201 8 0.42986318469047546
8850 28 0.42984774708747864
66992 8 0.42939454317092896
88206 36 0.428561806678772
66990 36 0.42842939496040344
18891 8 0.4282439053058624
28575 8 0.42807087302207947
62230 8 0.42757391929626465
15883 8 0.4274117648601532
72501 8 0.42729663848876953
53452 8 0.4266373813152313
79636 49 0.4261598587036133
37514 48 0.4260500967502594
33698 36 0.4255758821964264
37306 48 0.42541536688804626
90703 24 0.4252792298793793
41598 29 0.42517364025115967
86638 28 0.4241207540035248
25951 48 0.42401933670043945
38745 8 0.42367613315582275
31276 36 0.4234452247619629
19219 8 0.42318540811538696
70051 29 0.42275404930114746
84122 24 0.4226461350917816
28994 36 0.4226154088973999
66703 48 0.42214274406433105
62242 8 0.4213069975376129
36353 8 0.4206784963607788
37425 49 0.4204690456390381
16584 36 0.4195583164691925
29297 8 0.41928544640541077
30981 49 0.41921189427375793
33761 8 0.419143408536911
20612 36 0.41910505294799805
33276 36 0.41908374428749084
28374 8 0.41876551508903503
62220 36 0.41859713196754456
59567 48 0.4184824228286743
31877 36 0.418335497379303
73808 8 0.41799309849739075
2979 8 0.41783779859542847
53207 8 0.41744932532310486
27345 36 0.41646474599838257
7031 36 0.41642051935195923
83804 36 0.41616499423980713
29030 8 0.4161561131477356
68907 36 0.4159255623817444
87449 8 0.4151218831539154
67948 8 0.4149847626686096
80225 48 0.41481488943099976
78334 1 0.4146629273891449
32838 36 0.414095938205719
34617 36 0.413765549659729
68713 8 0.41351357102394104
80767 8 0.4132157564163208
72840 8 0.413135826587677
24831 8 0.412786066532135
3750 48 0.41268888115882874
24763 8 0.4126445949077606
48551 36 0.4123908579349518
31273 8 0.4122369587421417
44798 28 0.4121316373348236
55032 8 0.41211000084877014
22919 9 0.41194862127304077
55134 8 0.41137805581092834
4001 36 0.41123175621032715
51694 8 0.4109126031398773
76194 36 0.41056719422340393
59986 8 0.41017645597457886
67704 36 0.4100693464279175
74563 36 0.4098755717277527
75620 48 0.4079301059246063
74328 48 0.40780308842658997
86671 8 0.4076800048351288
1618 8 0.4075314700603485
60542 8 0.4073794186115265
59887 36 0.40730172395706177
80940 36 0.4072318971157074
64981 8 0.40712547302246094
69900 36 0.40711429715156555
76110 36 0.40694937109947205
37125 24 0.40656572580337524
91318 6 0.40628063678741455
21491 8 0.406088262796402
46734 36 0.40599218010902405
84819 49 0.4057421088218689
71975 8 0.40574079751968384
51517 9 0.4055382013320923
37359 49 0.4053197205066681
18412 36 0.4052288234233856
58163 48 0.40482088923454285
39630 8 0.404732346534729
77977 24 0.40423643589019775
18824 36 0.40421417355537415
67995 36 0.40417465567588806
26756 9 0.40333735942840576
69071 8 0.40309470891952515
32783 8 0.40288758277893066
49420 48 0.4026000201702118
14086 8 0.4024684429168701
19449 36 0.40212109684944153
63868 6 0.40208348631858826
25624 24 0.402033269405365
19711 8 0.4017312526702881
75839 8 0.4015311896800995
41873 36 0.40142711997032166
86531 9 0.40087324380874634
55924 8 0.4004291296005249
24364 28 0.39889129996299744
32855 8 0.39778846502304077
29235 8 0.3976696729660034
33744 36 0.3976389467716217
68642 36 0.39748772978782654
14012 8 0.3972817063331604
32076 36 0.39717093110084534
56907 8 0.3967522084712982
68179 8 0.39635685086250305
26234 36 0.3960496485233307
56978 36 0.395611047744751
67224 8 0.39546337723731995
64385 8 0.39497441053390503
68020 8 0.3947320878505707
21668 36 0.3942497968673706
45665 8 0.3940255641937256
13452 9 0.39390215277671814
30883 48 0.3936569392681122
50327 8 0.3934635519981384
26839 36 0.3930107355117798
63256 8 0.3926890194416046
66979 36 0.3923560678958893
69495 36 0.3917544484138489
55290 48 0.3917495310306549
29226 8 0.391713410615921
63363 48 0.39150500297546387
79371 36 0.39138731360435486
79430 49 0.39137354493141174
18872 8 0.3911680281162262
56864 8 0.3909873962402344
39654 24 0.3906659483909607
72041 36 0.3902358114719391
74643 8 0.3901955783367157
75206 8 0.38973021507263184
41739 36 0.3890545666217804
95692 24 0.38899901509284973
81422 36 0.38895103335380554
69447 36 0.3884482681751251
2941 24 0.3877642750740051
88776 24 0.3876958191394806
89656 1 0.38762181997299194
77229 8 0.3872796893119812
55338 49 0.3871966004371643
76226 9 0.38649094104766846
16507 8 0.3863144516944885
24303 24 0.3860529661178589
51151 1 0.38488373160362244
3825 36 0.38405799865722656
10597 36 0.38387513160705566
54828 8 0.38346442580223083
84785 48 0.38311153650283813
74583 8 0.3828746974468231
8871 8 0.3827560544013977
53676 8 0.3825976848602295
67499 36 0.3820124566555023
20051 8 0.38118553161621094
33817 8 0.3791338801383972
36979 49 0.37868425250053406
8773 8 0.37852033972740173
83653 1 0.37844714522361755
49603 36 0.3783029317855835
73422 8 0.3778815269470215
75652 48 0.3775942325592041
10221 8 0.37734144926071167
83212 8 0.37695327401161194
61809 1 0.37648317217826843
51820 8 0.3763377368450165
10218 8 0.37624651193618774
82348 36 0.3760942220687866
37923 48 0.37602871656417847
27488 9 0.375768780708313
10638 36 0.3751941919326782
36732 8 0.37518933415412903
58762 36 0.3750939965248108
59242 36 0.37451013922691345
74092 8 0.3738017678260803
33929 28 0.3735569417476654
72239 8 0.3727812170982361
68093 8 0.37273481488227844
81384 36 0.37233394384384155
32705 36 0.37229782342910767
32662 8 0.3722500205039978
52962 36 0.3718014359474182
56722 8 0.3716307282447815
30146 8 0.3714616298675537
8673 24 0.3713315427303314
67231 6 0.37100300192832947
50341 8 0.37091290950775146
41351 36 0.3708576560020447
76676 8 0.37080666422843933
46782 36 0.37074801325798035
27829 36 0.3707151412963867
31056 49 0.37054476141929626
47682 8 0.3704899847507477
44756 8 0.36972442269325256
78436 36 0.3696747422218323
34622 8 0.3695509433746338
58193 48 0.3695192039012909
52474 36 0.36944299936294556
83363 8 0.3679644763469696
64988 8 0.3671489953994751
75670 8 0.3666364252567291
27594 8 0.36627790331840515
79459 49 0.3661656081676483
47675 36 0.3658358156681061
26098 8 0.36570632457733154
35484 24 0.36536896228790283
19184 8 0.36474454402923584
86609 8 0.3644178509712219
70609 36 0.3643893599510193
80942 36 0.3640286922454834
75653 48 0.3639378249645233
21251 8 0.3633878827095032
34468 8 0.3633630573749542
39303 28 0.3633585274219513
86808 8 0.36335524916648865
59515 48 0.36299929022789
77004 8 0.3627045750617981
82794 8 0.36231034994125366
27376 8 0.3622627556324005
47252 8 0.36217066645622253
79887 29 0.3620164692401886
67544 8 0.36189913749694824
61874 23 0.36189883947372437
39209 8 0.36137229204177856
17999 8 0.36128488183021545
54431 9 0.361089825630188
59495 49 0.3610430955886841
56392 8 0.3609350621700287
27009 8 0.36079758405685425
27702 8 0.3603914678096771
77559 36 0.3601889908313751
94459 8 0.3600706458091736
67048 8 0.35974591970443726
38800 36 0.35965338349342346
47784 8 0.35955822467803955
26696 8 0.3593551814556122
63250 8 0.35933706164360046
82879 8 0.358075350522995
48481 29 0.357917845249176
26117 8 0.35772082209587097
79375 36 0.3575224280357361
67608 28 0.3574712872505188
14009 1 0.3573169708251953
21122 8 0.357046514749527
73802 8 0.3568150997161865
27659 8 0.35669800639152527
5334 36 0.3552081882953644
48432 1 0.35519644618034363
46680 8 0.3547758162021637
69630 47 0.35430458188056946
73296 8 0.35426774621009827
96506 8 0.3536926805973053
81021 36 0.35287711024284363
23033 8 0.3508075177669525
28488 36 0.3503495156764984
4525 8 0.3503190279006958
58732 36 0.3502296507358551
72653 8 0.3501681685447693
73621 8 0.3499087393283844
72788 8 0.34970784187316895
59454 49 0.3483909070491791
51701 36 0.34793636202812195
80704 48 0.3471830487251282
21205 8 0.34711334109306335
3821 8 0.3469160199165344
44633 36 0.34689778089523315
18302 36 0.34678152203559875
21534 28 0.346296101808548
39306 1 0.346043199300766
12899 8 0.34584319591522217
30302 36 0.3457942306995392
59852 49 0.3456912934780121
36575 8 0.34564465284347534
19060 8 0.34559422731399536
71655 49 0.3448416292667389
9426 28 0.3439275920391083
47774 36 0.34391090273857117
10717 8 0.34370091557502747
96075 36 0.34295836091041565
7100 8 0.3422134220600128
67887 8 0.3411637544631958
73262 8 0.34100043773651123
21832 36 0.3406740427017212
30087 36 0.3398815393447876
79824 47 0.3392079174518585
1479 8 0.3387529253959656
90146 8 0.3383695185184479
62344 28 0.33811888098716736
5514 36 0.3380639851093292
70862 8 0.33760038018226624
85940 8 0.33743613958358765
31769 8 0.33721405267715454
45979 8 0.33721256256103516
38188 48 0.33718767762184143
7013 36 0.3370288610458374
34619 36 0.33646002411842346
32763 8 0.3360265791416168
62039 8 0.3351963460445404
34203 36 0.3351505994796753
57070 36 0.33486369252204895
50287 36 0.33482643961906433
80677 1 0.3339090943336487
74747 8 0.3324407637119293
30137 24 0.332341730594635
63767 8 0.33156946301460266
34598 8 0.33043336868286133
69973 29 0.33037325739860535
30301 8 0.3301985263824463
34261 8 0.33003437519073486
68875 36 0.3299481272697449
26758 36 0.3298910856246948
54961 36 0.32983797788619995
54994 24 0.3298274576663971
31075 47 0.32733285427093506
63440 48 0.3266138732433319
18579 8 0.32635918259620667
20964 9 0.3256412744522095
78064 36 0.3248184621334076
39342 8 0.32432350516319275
81362 8 0.32360899448394775
82900 8 0.3231011927127838
71686 49 0.322645902633667
59144 8 0.32228875160217285
31768 8 0.3213436007499695
1324 28 0.3207927942276001
32431 36 0.3192850351333618
2939 8 0.3180483877658844
48711 1 0.3176347017288208
36239 36 0.31618884205818176
10540 36 0.31352972984313965
87908 36 0.3130606412887573
21351 8 0.3127416968345642
58736 36 0.31239959597587585
30344 8 0.31201380491256714
83129 24 0.31151053309440613
39327 8 0.31122660636901855
46669 8 0.30962008237838745
17415 28 0.3082338571548462
81435 8 0.3073402941226959
54940 8 0.30577683448791504
76646 36 0.3032376170158386
3795 36 0.3021339476108551
79834 47 0.30191996693611145
81807 8 0.3004518449306488
32425 8 0.29864808917045593
27609 8 0.2977892756462097
83116 8 0.2965400218963623
7025 49 0.29281437397003174
4066 36 0.29164692759513855
62306 36 0.28520721197128296
17984 8 0.284831702709198
71418 36 0.28440290689468384
62971 36 0.2821919620037079
138 36 0.28067442774772644
89846 36 0.2748110294342041
14758 9 0.27400463819503784
57109 8 0.2703082859516144
57118 36 0.267348051071167
7203 8 0.25918030738830566
31984 1 0.25444328784942627
38408 1 0.24568751454353333
41955 48 0.23657460510730743
19066 36 0.23084768652915955
