44556 29 0.9890700578689575
71396 29 0.9855639934539795
69911 29 0.9815862774848938
11635 48 0.9777926206588745
81360 29 0.9747602343559265
17486 29 0.9737798571586609
91856 28 0.9710751175880432
61478 48 0.9706958532333374
86019 29 0.9688789248466492
29199 28 0.968801736831665
82802 29 0.9687814712524414
48315 29 0.9677426218986511
67979 28 0.9664546847343445
50386 29 0.9649256467819214
73076 28 0.9631286859512329
11578 48 0.9629401564598083
79219 28 0.9609715342521667
11368 48 0.9600862860679626
17293 28 0.9597378373146057
67879 29 0.959376335144043
34427 28 0.9590327739715576
18537 28 0.9589735865592957
11557 48 0.9581189155578613
32681 29 0.9570843577384949
27116 29 0.9559122323989868
3478 28 0.9553655385971069
77038 48 0.9549726843833923
26205 29 0.9525730609893799
29577 48 0.9515618085861206
16785 29 0.9498048424720764
10995 28 0.948803186416626
16585 28 0.9487702250480652
16292 28 0.9485002160072327
29414 48 0.9483470916748047
11330 48 0.947807788848877
36790 28 0.947647213935852
30354 28 0.9474376440048218
61067 28 0.9473152160644531
11324 48 0.9465882182121277
63621 28 0.9459130167961121
7028 28 0.9445358514785767
65399 48 0.9423644542694092
24864 28 0.9417665004730225
11660 48 0.9413235783576965
80518 48 0.9411718249320984
27464 28 0.9407744407653809
32692 29 0.9405583143234253
19028 29 0.9389722347259521
77039 48 0.9387786984443665
80290 28 0.9386868476867676
46704 28 0.9371727705001831
72316 29 0.9370130896568298
54292 48 0.9369522929191589
74743 28 0.9358248710632324
65534 28 0.9346716403961182
26316 29 0.9340494275093079
67953 28 0.9337741732597351
11564 48 0.9331926703453064
38440 28 0.9281145334243774
57420 24 0.9272526502609253
11664 48 0.9271043539047241
30469 28 0.9270343780517578
71910 29 0.9267968535423279
52747 28 0.9262778162956238
51923 48 0.9257057905197144
36793 29 0.9250669479370117
39537 29 0.9243272542953491
36557 28 0.9235321879386902
75131 48 0.9215587377548218
37605 48 0.9204958081245422
77468 28 0.9198148250579834
21633 48 0.9177902340888977
77383 28 0.9173726439476013
4061 29 0.9172654151916504
20534 29 0.9170715808868408
59170 28 0.916311502456665
22278 48 0.9161939024925232
26781 29 0.9155415296554565
48854 48 0.9151143431663513
64116 28 0.9148321151733398
37799 48 0.914118230342865
64038 28 0.9139220118522644
77689 28 0.913582444190979
64976 29 0.9125002026557922
56157 28 0.9121665954589844
59129 28 0.9119823575019836
21825 24 0.911972165107727
4493 29 0.9118871092796326
48144 29 0.9118319749832153
57534 28 0.9118128418922424
27362 28 0.9115351438522339
29399 48 0.9109108448028564
52911 29 0.9105809926986694
51771 28 0.90779709815979
62788 48 0.9077463150024414
34615 28 0.9077338576316833
13926 28 0.9074346423149109
69230 28 0.9072312712669373
30359 29 0.904553234577179
45885 28 0.9043793678283691
73923 29 0.9039355516433716
35054 28 0.9028662443161011
57395 28 0.9025770425796509
62607 28 0.9019750356674194
1234 28 0.901508629322052
34847 29 0.901220977306366
11724 48 0.9005879759788513
62842 48 0.8968185782432556
24468 29 0.8960367441177368
65026 24 0.895788311958313
79350 29 0.8952409029006958
67100 28 0.894838809967041
61704 29 0.8945567011833191
60635 28 0.8945279717445374
30874 48 0.8932912945747375
75627 48 0.8929571509361267
82603 29 0.8926202058792114
37553 29 0.8916846513748169
23878 28 0.8910868763923645
72440 28 0.8908535242080688
60583 28 0.8900806903839111
67565 29 0.8900033235549927
33355 28 0.8890759944915771
79247 28 0.8883780241012573
39410 28 0.8879119753837585
22193 48 0.8856576085090637
54112 48 0.8854806423187256
26784 28 0.8852478861808777
47958 28 0.8840335607528687
73685 28 0.883384644985199
31100 48 0.8824211955070496
26816 28 0.8823332786560059
49009 29 0.8808608651161194
65371 48 0.8808139562606812
19686 28 0.8797550797462463
37810 48 0.8793160319328308
15834 28 0.8791356086730957
86548 28 0.8785540461540222
14266 28 0.8785305023193359
50848 24 0.8785198926925659
29624 48 0.8776328563690186
76133 29 0.8774576187133789
14053 28 0.8769490718841553
36107 28 0.8767068982124329
20963 28 0.8765917420387268
28883 28 0.8761498332023621
56086 29 0.8759377598762512
62065 28 0.8725964426994324
14200 28 0.871499240398407
39322 29 0.8714420199394226
34594 29 0.8700961470603943
39784 28 0.869171142578125
74296 48 0.8688961267471313
69080 28 0.8674274682998657
20675 28 0.8672516942024231
53309 29 0.8662606477737427
26097 28 0.8640015125274658
56325 28 0.8639479279518127
73029 28 0.863187849521637
22145 48 0.8629031181335449
69330 29 0.8625479936599731
11473 48 0.8613590002059937
84402 28 0.8612486720085144
48998 28 0.8599079847335815
2741 28 0.8578777313232422
55038 28 0.8568225502967834
27781 28 0.8553363680839539
57911 28 0.8549660444259644
28472 28 0.8536502122879028
52946 28 0.8531792163848877
68402 48 0.8523398637771606
50927 29 0.8522159457206726
74162 48 0.8517237901687622
7660 48 0.8515340685844421
86363 24 0.8512941002845764
11318 48 0.8509700298309326
37015 48 0.8490643501281738
76409 48 0.8484430909156799
52952 28 0.8483760356903076
19149 28 0.8478644490242004
58904 29 0.8472799062728882
17389 28 0.8471845388412476
54225 48 0.8459044694900513
81183 48 0.8456764221191406
21384 29 0.8442940711975098
22252 48 0.8439175486564636
68856 24 0.8438593745231628
73716 28 0.8432996869087219
68022 28 0.8429086208343506
77297 28 0.8421947360038757
72618 24 0.8418105840682983
7501 48 0.8399052023887634
65167 29 0.8397310376167297
4151 28 0.83971107006073
87116 28 0.8395847678184509
20693 28 0.8394037485122681
72285 28 0.8392020463943481
68825 28 0.8389917016029358
74094 28 0.8387734293937683
3496 28 0.8383117914199829
54278 48 0.8370460867881775
85279 28 0.8356634974479675
32524 28 0.8355954885482788
75141 48 0.8341222405433655
8736 29 0.8338823318481445
54236 48 0.8333076238632202
52669 28 0.8324065804481506
38869 29 0.8321513533592224
77937 28 0.8320019245147705
37016 48 0.8319799304008484
48145 28 0.8294954895973206
63724 29 0.8281763195991516
31066 48 0.8265576362609863
49418 28 0.826545774936676
27645 28 0.8256956338882446
22441 29 0.8254989385604858
7689 48 0.8251268863677979
58788 28 0.8238595724105835
48658 29 0.8231740593910217
7526 48 0.8229730725288391
91408 28 0.8229148387908936
65566 29 0.8226644396781921
20899 28 0.8214206695556641
15419 48 0.8210753202438354
11609 48 0.8208843469619751
48519 29 0.8208246827125549
27489 29 0.8199008107185364
65307 48 0.8193641901016235
80555 48 0.8187475204467773
12073 28 0.8183449506759644
82127 28 0.8151952028274536
42652 48 0.8143759965896606
65525 28 0.8136236071586609
72049 28 0.8135328888893127
56749 48 0.8132179975509644
57601 28 0.8115906119346619
37434 28 0.8114892840385437
45014 28 0.8112449645996094
88069 24 0.8098711371421814
85574 24 0.8097296953201294
81899 29 0.8097212910652161
2850 28 0.808792769908905
24364 24 0.8066980838775635
54249 48 0.8065075874328613
48526 28 0.8053473234176636
49562 24 0.8044923543930054
41849 28 0.8042190074920654
67608 24 0.8039202690124512
17209 28 0.8035537600517273
58034 48 0.8035382032394409
2707 24 0.8034332394599915
25723 28 0.8033223748207092
57092 28 0.8031020164489746
21221 28 0.8029729723930359
68993 29 0.8028564453125
94778 48 0.8027164936065674
84751 24 0.8018591403961182
52802 28 0.801571786403656
24923 29 0.8014220595359802
32816 29 0.7999930381774902
59272 48 0.7992283701896667
33181 28 0.7990968823432922
37373 29 0.7990442514419556
11643 48 0.7982311248779297
58721 29 0.7980346083641052
18286 28 0.7969630360603333
74171 48 0.7966364622116089
62012 28 0.796451985836029
18978 28 0.7958220839500427
3424 48 0.7957594394683838
47125 28 0.7955430746078491
30363 29 0.7952973246574402
96130 28 0.7952138781547546
78066 28 0.7948781847953796
19728 29 0.7948349714279175
1645 48 0.7937527894973755
58344 48 0.793251633644104
30373 29 0.7931985259056091
3741 28 0.7931853532791138
54031 28 0.7929628491401672
36662 24 0.7911800146102905
36674 29 0.7910555601119995
80388 48 0.7907674908638
21957 48 0.7904286980628967
11950 28 0.7901246547698975
58089 28 0.790093183517456
60428 28 0.7896332740783691
33179 29 0.7895583510398865
7698 48 0.7880261540412903
84726 24 0.7878438830375671
30842 48 0.7872636914253235
83290 29 0.7870997190475464
78203 28 0.7869828343391418
58227 48 0.7867192029953003
75135 48 0.7853091359138489
59226 48 0.7849709987640381
67564 29 0.7847193479537964
51984 48 0.7845432758331299
48907 48 0.7842003107070923
91400 29 0.7834967970848083
72146 29 0.7830942869186401
21820 29 0.7829256057739258
37733 48 0.7825143933296204
51322 29 0.7824221253395081
1493 24 0.7821427583694458
53403 48 0.7819741368293762
41594 29 0.7818251848220825
25019 28 0.7814769744873047
37712 48 0.7813223004341125
21438 28 0.7807379364967346
6335 48 0.7805877923965454
54156 48 0.7805793285369873
17827 28 0.7796726226806641
6881 28 0.7796623110771179
79693 28 0.7795379757881165
2327 28 0.7793207764625549
59177 28 0.7785417437553406
27683 29 0.7782918810844421
82817 28 0.7782322764396667
28925 29 0.7782052159309387
57796 28 0.777763307094574
21367 28 0.7772386074066162
32449 28 0.7765473127365112
37719 48 0.7763069272041321
81572 28 0.7758334279060364
49316 48 0.775827944278717
6547 28 0.7754931449890137
87460 48 0.7754095792770386
19385 29 0.7742412090301514
67670 28 0.7740662693977356
41669 28 0.7740582227706909
88549 24 0.7736551761627197
18483 28 0.7730506062507629
68276 28 0.7728966474533081
7591 48 0.7727779746055603
20948 28 0.7727516889572144
59728 48 0.7722799777984619
50825 48 0.7722455859184265
8673 24 0.7719212770462036
22065 48 0.7706653475761414
15406 48 0.7704511284828186
38906 28 0.7695336937904358
48274 28 0.7686083316802979
87639 48 0.7683250308036804
72347 28 0.7675391435623169
83995 48 0.766986608505249
51558 24 0.7669438123703003
76509 48 0.7668728828430176
67536 28 0.7664024829864502
53911 48 0.7659463882446289
36406 28 0.7655470371246338
38630 48 0.7649400234222412
68898 28 0.7649158239364624
34421 29 0.764886736869812
2427 48 0.7647098898887634
1644 48 0.7645453810691833
6822 28 0.7643126249313354
15325 28 0.7642070055007935
34057 28 0.7638936042785645
61200 28 0.7637186050415039
30352 28 0.7623236775398254
34563 28 0.7612946629524231
29807 28 0.7611606121063232
68579 24 0.7611135244369507
46405 1 0.7606620192527771
37220 28 0.7605377435684204
46379 28 0.759977400302887
17406 28 0.7590104937553406
68306 48 0.7585728168487549
29504 48 0.7583495378494263
63294 48 0.7578197121620178
13294 28 0.7577109932899475
51900 48 0.7567946910858154
26984 29 0.7544118762016296
59520 48 0.7539429068565369
76434 48 0.75233393907547
26200 28 0.7519192099571228
71772 28 0.7519083619117737
15580 48 0.75189208984375
44723 28 0.7509878873825073
19036 28 0.750792920589447
42453 48 0.7506611347198486
79582 48 0.7501120567321777
60594 29 0.7498055100440979
11743 48 0.7495914101600647
47057 24 0.7486836910247803
19627 28 0.7480222582817078
27764 29 0.7479410767555237
64978 24 0.7478208541870117
30790 48 0.7475612163543701
77645 28 0.7472652792930603
68663 29 0.7470710277557373
50724 28 0.7469649910926819
7724 48 0.7460907697677612
71343 29 0.7456420063972473
9027 24 0.7452263236045837
24287 28 0.7442420721054077
7487 48 0.7438016533851624
11334 48 0.7432039380073547
84793 28 0.7431434988975525
57188 28 0.742949903011322
10385 29 0.7426627278327942
14007 28 0.7426163554191589
77509 28 0.7425440549850464
18941 29 0.7421690821647644
53449 28 0.7420603632926941
50688 28 0.7418386936187744
62605 28 0.7417239546775818
9303 36 0.7414252758026123
65491 48 0.7405785918235779
34555 28 0.7403637170791626
7798 48 0.7400016188621521
86765 48 0.7393677234649658
63753 28 0.73915696144104
87060 28 0.7388522624969482
59363 28 0.738538384437561
38897 29 0.7378333806991577
49347 48 0.7376918196678162
22758 24 0.7374175190925598
31072 28 0.7353761792182922
15577 48 0.7351597547531128
85208 29 0.7351289391517639
47557 24 0.7347783446311951
69175 28 0.734434962272644
71539 24 0.7333517670631409
33700 28 0.73323655128479
22339 48 0.7322022914886475
67791 36 0.731985330581665
23010 48 0.7301363945007324
16258 28 0.7294251322746277
15551 48 0.7293980717658997
54260 48 0.729313850402832
33324 1 0.7289745211601257
4665 28 0.7282643914222717
20915 29 0.7281864285469055
27105 28 0.7279133200645447
51895 48 0.7279107570648193
30472 28 0.7278100848197937
14494 28 0.7276320457458496
73416 28 0.7273222804069519
54415 29 0.7264294624328613
74196 48 0.7258023619651794
79642 48 0.7252562046051025
72782 28 0.7252057790756226
29859 29 0.7250372767448425
6129 48 0.7249370813369751
65377 48 0.7248120307922363
37960 28 0.7244162559509277
80135 28 0.7243207097053528
50256 28 0.7227442860603333
17824 28 0.7227275371551514
62820 48 0.721554160118103
79596 28 0.7215037941932678
87533 24 0.721435546875
83324 24 0.7211565375328064
86638 28 0.72079998254776
75093 48 0.7207815051078796
73499 28 0.7205948233604431
30307 28 0.7205217480659485
46659 28 0.7203236818313599
68267 28 0.7199749946594238
54530 28 0.719847559928894
28296 29 0.7198183536529541
32549 29 0.7197635769844055
75323 48 0.7182949781417847
38017 28 0.7171881198883057
39481 28 0.7167860269546509
72434 28 0.7167025208473206
83068 28 0.7163520455360413
2386 48 0.7161726951599121
54814 48 0.7161661982536316
63865 28 0.7160892486572266
46075 28 0.7157189846038818
79367 28 0.7154478430747986
54169 48 0.7152181267738342
32889 28 0.7147716283798218
67540 28 0.7145112752914429
17473 28 0.7143464684486389
60850 28 0.7140544056892395
54261 48 0.7133252024650574
65515 28 0.7132578492164612
95572 28 0.711549699306488
64102 28 0.711312472820282
65401 48 0.7112531065940857
22775 28 0.7109164595603943
34401 29 0.7108951807022095
50315 28 0.7108491063117981
42273 28 0.7106748223304749
90703 24 0.7102497816085815
74280 48 0.7098237872123718
35428 48 0.7097861766815186
85908 48 0.7094205021858215
51280 28 0.7088386416435242
34599 28 0.7084905505180359
82788 28 0.7084369659423828
11356 48 0.7083850502967834
55432 48 0.7083587646484375
85996 28 0.7077349424362183
39071 28 0.7076836824417114
73529 28 0.7076725959777832
26802 28 0.7072282433509827
74308 24 0.7067743539810181
22241 48 0.7059807181358337
11622 48 0.7047723531723022
67443 29 0.7046226263046265
37204 28 0.7043602466583252
71499 28 0.7041950225830078
79436 48 0.7040733098983765
4516 28 0.7036128044128418
73924 29 0.7031736373901367
39104 28 0.7026886940002441
62872 48 0.7017925381660461
38676 28 0.701056182384491
56174 29 0.701015055179596
4068 28 0.7005162239074707
17004 28 0.6999551653862
30534 29 0.6997084021568298
23852 24 0.6993733048439026
65509 28 0.6983720064163208
12836 28 0.6979811191558838
84123 24 0.6967552900314331
36368 28 0.6966584920883179
80139 24 0.6962953805923462
75080 28 0.6957969069480896
1228 28 0.6955556273460388
85949 48 0.6954604387283325
2858 28 0.694823682308197
48008 48 0.6946017146110535
48549 28 0.6939230561256409
76414 48 0.6938905715942383
64306 28 0.693548321723938
29622 48 0.6927874684333801
11957 28 0.6924623250961304
39759 28 0.6921406984329224
70822 28 0.6917653679847717
38880 29 0.6915860176086426
59771 48 0.6913604736328125
29092 48 0.6909996271133423
32526 28 0.6908071637153625
83638 24 0.6907979249954224
75095 48 0.6905406713485718
6143 48 0.6893152594566345
35881 24 0.6888891458511353
39874 48 0.6887473464012146
77155 48 0.6885750889778137
8861 29 0.6878589391708374
79225 28 0.6876553297042847
52870 48 0.6876180171966553
87026 28 0.6873724460601807
51115 28 0.6863287687301636
83707 28 0.6849388480186462
8725 28 0.6830400824546814
78449 29 0.6827950477600098
28399 28 0.6814338564872742
79602 28 0.6813143491744995
77732 24 0.6812885403633118
93716 48 0.6809872984886169
39097 28 0.6809626817703247
23877 28 0.6804908514022827
69948 28 0.6796347498893738
30251 28 0.6780604720115662
7421 28 0.6768330931663513
53243 36 0.6761837601661682
59757 28 0.6760944724082947
83198 29 0.6759819388389587
12823 24 0.6755217909812927
48036 48 0.6749026775360107
70001 28 0.6743942499160767
46686 29 0.6736059784889221
39567 28 0.6730582118034363
75635 48 0.6724981665611267
63921 28 0.672362208366394
75460 48 0.6717324256896973
7531 48 0.6716141104698181
25758 29 0.6713820695877075
61570 28 0.670201301574707
77029 48 0.670114278793335
22356 48 0.6700803637504578
64037 28 0.6696423292160034
12399 48 0.6689937710762024
15414 48 0.6680005788803101
19929 28 0.6674850583076477
80632 48 0.6670638918876648
76264 28 0.6669993996620178
60516 28 0.6668426394462585
72624 28 0.6665868163108826
47101 28 0.6656477451324463
51587 29 0.6655727028846741
61351 28 0.665416955947876
38704 28 0.665083110332489
11278 48 0.6639865636825562
83766 28 0.663485586643219
27581 29 0.662735641002655
56534 28 0.6625584959983826
24327 28 0.6624221801757812
51560 48 0.6621921062469482
8927 1 0.6621860265731812
47970 28 0.6616537570953369
37351 48 0.6614218950271606
31116 48 0.6613686084747314
27314 28 0.6603175401687622
82153 28 0.6602197289466858
64544 24 0.6596159934997559
17749 28 0.6594752669334412
38612 48 0.6582788825035095
73747 48 0.6578357219696045
30083 28 0.6568142771720886
48072 48 0.6567901968955994
82257 29 0.6563477516174316
32461 29 0.6562535762786865
37723 48 0.6549988985061646
9687 28 0.6545766592025757
11591 48 0.6544552445411682
19153 28 0.6541822552680969
82400 48 0.6533702611923218
29858 29 0.6532490849494934
20470 28 0.6529372930526733
18333 36 0.6527494788169861
34061 28 0.6523287892341614
51855 28 0.6518705487251282
58534 28 0.6518695950508118
74281 48 0.6517615914344788
38121 24 0.6517387628555298
51728 29 0.6504511833190918
80287 28 0.6503134369850159
58248 28 0.6499660015106201
15620 48 0.6491866111755371
47607 28 0.6491661667823792
69860 28 0.6488412022590637
93506 48 0.6484437584877014
45922 28 0.6472631096839905
26543 28 0.646588146686554
90131 48 0.6452140212059021
58998 28 0.645210862159729
4682 28 0.6448662877082825
80771 1 0.6446059346199036
62913 48 0.6441060900688171
65087 28 0.643850564956665
10071 28 0.6433247923851013
7082 28 0.6430367827415466
52885 48 0.6430363059043884
7486 48 0.6424728631973267
21732 29 0.6421063542366028
51279 28 0.6420676708221436
55474 48 0.6411747336387634
31275 29 0.6401738524436951
15558 48 0.6399984955787659
57735 28 0.6397711038589478
24993 29 0.6382715702056885
82862 28 0.6380599737167358
75196 36 0.6378823518753052
37822 48 0.6374701857566833
21236 29 0.636976957321167
33746 28 0.6369404196739197
35311 48 0.6366000175476074
54711 48 0.6360668540000916
77008 48 0.6360318660736084
66785 28 0.6359919309616089
24463 29 0.6358832716941833
10085 28 0.6351711750030518
30298 28 0.6349282264709473
38141 48 0.6347001791000366
1270 1 0.6340227127075195
4479 28 0.6339495778083801
8731 28 0.6331003904342651
16500 28 0.6329320669174194
53221 29 0.6327252388000488
11808 48 0.632477343082428
55692 48 0.6322415471076965
50098 28 0.6321398615837097
49353 48 0.6318066120147705
57163 28 0.6309784054756165
93530 28 0.630844235420227
66614 48 0.6307154893875122
50813 48 0.6305994987487793
18280 36 0.6303537487983704
37185 48 0.6302838921546936
55877 24 0.6299885511398315
7455 48 0.6296481490135193
22322 48 0.6289216876029968
2242 29 0.6288802623748779
93358 48 0.6287841796875
51979 48 0.6287381649017334
78188 28 0.627993643283844
1640 48 0.6277711987495422
47455 48 0.6268467307090759
49386 48 0.6266076564788818
8728 24 0.6263845562934875
73528 28 0.6258978843688965
93121 28 0.6258919835090637
75595 24 0.6255841851234436
80164 24 0.625346302986145
27811 28 0.6251412630081177
3284 48 0.6249392032623291
63866 28 0.6247031688690186
23783 28 0.6246302127838135
60322 48 0.624593198299408
39516 28 0.6242830753326416
21725 28 0.6239417791366577
86386 24 0.6233758330345154
14146 28 0.6222861409187317
64958 29 0.6219167709350586
48816 48 0.6215551495552063
83329 24 0.6207966208457947
89200 48 0.620332658290863
6205 48 0.6199687719345093
80417 29 0.6198952794075012
7137 48 0.6191297173500061
27284 29 0.6184748411178589
1988 28 0.6178359389305115
6589 36 0.616733968257904
48484 1 0.6165258288383484
11450 48 0.6163696646690369
73658 28 0.6162186861038208
71993 29 0.6158640384674072
52369 48 0.6157311201095581
67150 28 0.6156010031700134
58387 48 0.6152905225753784
47060 1 0.614055871963501
80633 48 0.6139684319496155
6157 48 0.6139248013496399
30361 29 0.6134745478630066
62857 48 0.6130503416061401
48043 48 0.6125001311302185
77007 48 0.6118557453155518
57613 28 0.6109045743942261
81750 28 0.6107912063598633
30914 28 0.6106688976287842
79677 28 0.6101634502410889
62662 29 0.6090695858001709
15444 48 0.6089382171630859
58114 28 0.6084937453269958
7189 28 0.6072066426277161
24922 24 0.6071410775184631
85880 48 0.6069383025169373
37595 48 0.6066213250160217
37599 48 0.6065711975097656
29651 48 0.6064801812171936
25134 28 0.6061114072799683
69455 28 0.6059488654136658
45682 48 0.6056248545646667
53392 29 0.6055087447166443
11424 48 0.6052743792533875
65430 48 0.6049636006355286
71736 28 0.6041268110275269
13148 28 0.6040678024291992
37835 28 0.6032318472862244
86753 28 0.6032137274742126
52207 48 0.6030386090278625
26972 28 0.6028972864151001
58299 28 0.6026909947395325
6531 28 0.6025546789169312
65136 48 0.6023024320602417
25295 28 0.602150559425354
68592 28 0.6020460724830627
87096 28 0.6019445061683655
10239 28 0.6019122004508972
54121 48 0.6014525294303894
87957 28 0.6012721657752991
75560 28 0.6010213494300842
17966 24 0.6003440022468567
8884 24 0.6001139283180237
49429 48 0.6001095175743103
25724 28 0.5999999046325684
42942 48 0.599354088306427
83129 48 0.5993227958679199
22324 48 0.5990632772445679
67969 29 0.5978028774261475
49921 24 0.5966128706932068
32071 29 0.5961951613426208
11692 48 0.5959984660148621
66732 28 0.5956910848617554
21291 28 0.5956117510795593
35860 28 0.5949628353118896
75128 48 0.5949530005455017
22419 48 0.5946576595306396
30855 48 0.594493567943573
56970 29 0.5944732427597046
58113 28 0.5933508276939392
17033 28 0.5928428769111633
93466 1 0.5924914479255676
66624 48 0.5922681093215942
31704 36 0.59224534034729
24547 28 0.5922300219535828
18094 36 0.5916143655776978
64249 36 0.5915579795837402
77020 48 0.5910659432411194
75207 28 0.5910060405731201
79546 28 0.5908680558204651
36438 28 0.5906525254249573
18424 48 0.5905654430389404
73954 28 0.5903173089027405
28345 29 0.5898319482803345
62606 28 0.5895594358444214
1576 24 0.588477373123169
24173 48 0.5884735584259033
45188 36 0.5883346199989319
74479 29 0.5883067846298218
93702 1 0.5882473587989807
12591 28 0.5873526930809021
67329 29 0.5872868299484253
18117 36 0.5871155858039856
34759 28 0.5862919092178345
62882 28 0.5861470699310303
16801 36 0.5860467553138733
49046 28 0.5847804546356201
37738 48 0.5829440355300903
70445 48 0.5828537940979004
27266 28 0.5825562477111816
20464 29 0.5823196172714233
84461 48 0.5822466611862183
75628 48 0.5821553468704224
11470 48 0.5818052291870117
22286 48 0.5816760659217834
34548 29 0.5813726782798767
71845 29 0.5812667608261108
18108 28 0.5812281370162964
71649 48 0.5800769925117493
59496 28 0.5791464447975159
37754 48 0.5786038637161255
8585 28 0.577857255935669
19223 29 0.5763052105903625
18120 36 0.5761083960533142
94683 48 0.5759795904159546
84541 48 0.5756630897521973
2183 28 0.5750820636749268
73234 36 0.5747359395027161
8918 28 0.5747246742248535
18509 29 0.574516773223877
55536 48 0.574134111404419
4967 29 0.5739666223526001
24855 28 0.5739089846611023
11179 48 0.57383131980896
14506 28 0.5732148885726929
16586 28 0.5728564262390137
94957 48 0.5727418661117554
545 1 0.5725545883178711
96322 28 0.572481095790863
78787 48 0.5724761486053467
93891 28 0.5721226930618286
37500 28 0.5720712542533875
11281 48 0.5714762806892395
62769 48 0.5710445046424866
37722 48 0.5710327625274658
63595 28 0.5702486038208008
52783 28 0.5690463185310364
71469 28 0.5687227249145508
21451 29 0.5683464407920837
57344 28 0.5677298903465271
52145 28 0.5675909519195557
70828 28 0.5674896240234375
2370 48 0.5671544671058655
59508 48 0.5671491622924805
50013 48 0.5669554471969604
11594 48 0.5668133497238159
25442 28 0.5665595531463623
58232 24 0.5664703845977783
50354 28 0.5664684176445007
88209 48 0.5662230253219604
54748 48 0.5657084584236145
1673 48 0.5656751394271851
13921 28 0.5656290650367737
23930 28 0.5650110840797424
87625 48 0.564652144908905
39514 28 0.5644821524620056
34415 29 0.564345121383667
77017 48 0.5642421245574951
17463 28 0.5637907385826111
64184 28 0.5637107491493225
51573 48 0.5629103779792786
63615 28 0.5626025199890137
55883 24 0.5622517466545105
33041 36 0.5618398785591125
11947 36 0.5617584586143494
36998 48 0.5616227388381958
49164 28 0.5613656044006348
84317 48 0.5609844326972961
26166 29 0.5607158541679382
56636 28 0.5606778264045715
22077 48 0.5606721639633179
89597 48 0.5599156022071838
85984 28 0.559884786605835
65311 48 0.5591015815734863
21336 24 0.5585828423500061
16081 36 0.5582447648048401
19221 28 0.5579386949539185
77028 48 0.5578938722610474
79768 28 0.5578784346580505
534 28 0.5578418970108032
2601 24 0.5574011206626892
83533 28 0.557382345199585
85768 28 0.5570843815803528
50559 48 0.5570576786994934
47141 28 0.5569567084312439
76551 48 0.5566326379776001
29996 29 0.556222140789032
51518 29 0.5553474426269531
29821 29 0.5549042820930481
68811 48 0.554530143737793
84848 28 0.5543770790100098
86196 28 0.5540257692337036
33198 28 0.5539571046829224
95402 48 0.5533791184425354
29554 48 0.5531051754951477
48088 48 0.5526949167251587
85914 48 0.5525245070457458
53834 48 0.5521848201751709
29499 48 0.5517028570175171
11513 48 0.5516397356987
1938 48 0.5501955151557922
48655 28 0.5492488741874695
53674 48 0.5491448640823364
37218 48 0.5491108894348145
4503 29 0.5490286946296692
29422 48 0.5483458042144775
65312 48 0.5479621291160583
75524 48 0.5471922159194946
35669 29 0.547031819820404
59999 29 0.5470305681228638
31191 29 0.5467367172241211
54227 48 0.546347439289093
39007 28 0.5457183122634888
87946 28 0.5455393195152283
55257 48 0.5454705357551575
88776 24 0.5453642010688782
83280 28 0.5451484322547913
15450 48 0.544857382774353
95873 28 0.5447400212287903
75707 28 0.5445834994316101
18574 28 0.5444453358650208
9661 28 0.5442633628845215
82589 1 0.5440795421600342
73959 24 0.5440760254859924
3009 28 0.5431245565414429
7470 48 0.5428057909011841
61030 28 0.5427703261375427
30263 28 0.542752742767334
46698 29 0.5424792170524597
68525 28 0.5424658060073853
28941 28 0.5419329404830933
11494 48 0.5413587689399719
18149 28 0.5411894917488098
74277 24 0.5409718155860901
30341 29 0.5405282378196716
39831 24 0.5404525399208069
24540 28 0.5401986837387085
21974 48 0.539880633354187
41948 28 0.5395656228065491
94701 1 0.539324164390564
59658 48 0.5392609238624573
42027 28 0.5392075181007385
50560 48 0.5385862588882446
50695 29 0.5385197401046753
47066 48 0.5384440422058105
28197 28 0.5383488535881042
21972 48 0.538240373134613
60672 28 0.5371901392936707
47813 28 0.5360814332962036
73710 48 0.535990834236145
64966 28 0.535936713218689
74330 48 0.5358771681785583
69341 28 0.5355739593505859
58456 28 0.5355003476142883
29842 24 0.5354098081588745
2417 48 0.5352095365524292
11815 48 0.5351598262786865
80464 28 0.5349488258361816
11680 48 0.5348017811775208
65921 48 0.534312903881073
84840 48 0.534216582775116
25843 48 0.5338457822799683
84618 28 0.5333096981048584
63643 28 0.533062219619751
33358 36 0.5329776406288147
5574 48 0.5328863263130188
81086 36 0.5325063467025757
34317 28 0.5320742726325989
18064 36 0.5320655107498169
90128 48 0.5313051342964172
26225 28 0.5310556292533875
91835 28 0.5304137468338013
74252 28 0.5302661061286926
6648 28 0.5301825404167175
47876 28 0.5297666192054749
25562 48 0.5297275185585022
61216 28 0.5297149419784546
70088 28 0.5296245813369751
41780 28 0.5294983386993408
42029 36 0.5292773246765137
62260 28 0.5292744636535645
55376 8 0.5290742516517639
54642 28 0.5288363099098206
2976 28 0.528453528881073
34473 28 0.5283498764038086
84572 48 0.528283417224884
78272 48 0.5281305909156799
76745 28 0.5272977948188782
42170 28 0.5271825194358826
77882 28 0.5270859599113464
50102 28 0.5270311832427979
37080 48 0.5270086526870728
24760 1 0.5268172025680542
11657 48 0.5267331600189209
65473 48 0.5265991687774658
17950 8 0.5264536738395691
31056 24 0.526404082775116
55889 48 0.5263252854347229
57219 28 0.5262010097503662
88886 48 0.5255655646324158
52282 28 0.5254064798355103
80640 28 0.5253501534461975
6520 28 0.5249387621879578
37141 24 0.524262011051178
50387 29 0.5242193341255188
84966 48 0.523737907409668
17614 28 0.5236334800720215
35184 28 0.5233115553855896
71476 28 0.5232793688774109
23848 24 0.5229818820953369
7977 28 0.5223554372787476
84522 48 0.5219545364379883
87163 29 0.5213189125061035
9105 28 0.5209418535232544
58555 28 0.5209143161773682
79826 48 0.5208402276039124
58240 24 0.5203574299812317
22015 48 0.5201779007911682
48138 28 0.5195908546447754
61106 29 0.5190886855125427
17573 28 0.5190222263336182
87732 28 0.5187270045280457
28707 24 0.5174557566642761
33814 29 0.5172178745269775
68238 28 0.5171799063682556
87300 28 0.5171098709106445
11427 48 0.5166837573051453
79407 28 0.5154719352722168
75270 48 0.5154098868370056
93599 48 0.5153671503067017
84341 24 0.5151100158691406
26350 28 0.5140977501869202
43008 24 0.513370156288147
36299 28 0.5132972002029419
18344 36 0.5129782557487488
59227 24 0.5128208994865417
88136 8 0.5124724507331848
30358 28 0.5119030475616455
4089 28 0.511860191822052
52458 28 0.5118139982223511
41359 29 0.511651873588562
28046 36 0.5115865468978882
67583 29 0.5114187598228455
19790 28 0.5111985802650452
22956 29 0.5103746056556702
71853 28 0.5103641748428345
25983 28 0.508891761302948
11783 48 0.5087881684303284
30362 29 0.5087020397186279
4054 29 0.5084862112998962
58115 24 0.5082997679710388
37431 49 0.5081059336662292
27071 28 0.5080705285072327
94703 48 0.507964015007019
47233 28 0.5079200863838196
70069 28 0.5078204274177551
14892 28 0.5078198313713074
54329 28 0.5076978206634521
48566 36 0.5072098970413208
48903 48 0.5067924857139587
22075 48 0.506695032119751
14504 28 0.5064378976821899
54182 48 0.5064242482185364
31375 24 0.5063954591751099
51749 28 0.5060806274414062
56720 29 0.5060677528381348
5464 24 0.5059328675270081
77066 28 0.5053300261497498
56639 1 0.5052821636199951
28545 48 0.5052443146705627
64246 28 0.5051968693733215
51521 48 0.5050298571586609
70373 28 0.5049102902412415
21994 48 0.5043505430221558
5886 28 0.5043381452560425
79675 28 0.5038430094718933
21969 48 0.5037780404090881
48924 48 0.5035848021507263
47091 28 0.5033941864967346
84794 28 0.5033936500549316
16066 24 0.5027114748954773
87495 48 0.5019509196281433
42171 29 0.5018553137779236
15473 48 0.5015841126441956
65723 48 0.5010801553726196
11729 48 0.5006372332572937
26851 28 0.5006361603736877
65344 48 0.5004787445068359
49100 48 0.5001531839370728
9104 28 0.49989041686058044
55442 48 0.4998326897621155
2301 36 0.4997886121273041
11480 48 0.49944475293159485
67748 28 0.49920418858528137
39673 36 0.4991423785686493
82904 28 0.4986349046230316
36217 28 0.4984053671360016
13406 36 0.4981175363063812
26539 28 0.4975268840789795
21952 1 0.4974038898944855
30518 28 0.4965541362762451
75189 24 0.49650081992149353
18534 28 0.49594253301620483
12899 1 0.49579504132270813
30986 24 0.49567461013793945
29701 48 0.4953281581401825
85156 28 0.4949219226837158
60910 28 0.49475759267807007
44507 48 0.494383305311203
72623 28 0.49437782168388367
61806 28 0.49413490295410156
36885 28 0.4940750002861023
30464 28 0.493975430727005
58206 48 0.49375736713409424
67905 28 0.49348026514053345
18337 29 0.4932476282119751
7032 36 0.4930313527584076
4205 28 0.4930044114589691
79699 48 0.4929663836956024
32403 28 0.49253609776496887
86698 28 0.49197474122047424
12708 28 0.49180299043655396
78084 29 0.4915556311607361
84869 28 0.4913449287414551
66855 24 0.49133196473121643
47608 48 0.49114441871643066
37173 48 0.49101096391677856
40905 28 0.4907799959182739
67009 29 0.4906770586967468
74425 36 0.4906051456928253
38360 48 0.4905797839164734
50287 36 0.49051225185394287
67838 48 0.49003732204437256
30915 28 0.48980647325515747
50926 29 0.4896925687789917
18063 36 0.4893795847892761
8179 29 0.48914963006973267
62852 24 0.48901668190956116
63876 29 0.4887697100639343
1399 28 0.48876670002937317
30911 24 0.488603413105011
21535 29 0.4886021018028259
77649 28 0.48828059434890747
18351 36 0.4879792332649231
31098 48 0.487858384847641
75451 48 0.48708873987197876
28385 36 0.48689839243888855
59364 28 0.48682165145874023
20962 8 0.486787348985672
86123 28 0.48628929257392883
78352 29 0.48606258630752563
51683 36 0.48594027757644653
75504 24 0.48588937520980835
39208 28 0.4856412708759308
37410 48 0.4849242866039276
82437 28 0.48413315415382385
11601 48 0.48409491777420044
15996 24 0.48394283652305603
52428 28 0.48327916860580444
67268 1 0.48290252685546875
39764 24 0.48246386647224426
54798 48 0.4824545383453369
36997 48 0.4823063611984253
48050 48 0.4821244180202484
69850 28 0.48208391666412354
49402 48 0.48165276646614075
14234 28 0.4816461205482483
93182 28 0.4812747836112976
94768 48 0.48092642426490784
55062 36 0.48084697127342224
75300 28 0.4805437922477722
1188 28 0.4802033007144928
71514 28 0.4798260033130646
74480 29 0.4791739583015442
22525 29 0.4790107011795044
21166 36 0.47890782356262207
61350 29 0.47779735922813416
31531 48 0.4765458405017853
38225 28 0.47640565037727356
69562 29 0.47567981481552124
33365 28 0.474067747592926
7312 28 0.47394952178001404
79760 48 0.4738955497741699
75600 24 0.4729323983192444
84748 28 0.4722192585468292
11596 48 0.47204580903053284
24888 24 0.4719734191894531
81765 28 0.4719618856906891
14009 1 0.4716184139251709
62881 1 0.47066622972488403
27713 28 0.47031041979789734
73217 36 0.46991047263145447
3281 48 0.4686794877052307
54841 28 0.46823012828826904
73225 36 0.4676225483417511
79659 48 0.466801255941391
7040 36 0.4654270112514496
82197 28 0.4640803039073944
19687 28 0.4635765552520752
77652 36 0.4628908932209015
42030 36 0.4620124101638794
71181 36 0.45986419916152954
42629 28 0.45957088470458984
25605 24 0.45703983306884766
37704 24 0.4567512273788452
46741 29 0.4563933312892914
37438 48 0.4562065899372101
87306 24 0.4553835093975067
64381 24 0.4539123475551605
51151 1 0.4531135857105255
58244 48 0.45240482687950134
61689 28 0.45228081941604614
13095 36 0.4520503878593445
28445 8 0.4507335424423218
58047 48 0.44930538535118103
15469 48 0.44890737533569336
4899 24 0.4486985206604004
71990 28 0.44851240515708923
93018 8 0.44703713059425354
85598 24 0.445864737033844
77244 28 0.44487008452415466
38474 36 0.4446210265159607
67390 36 0.44457435607910156
18034 36 0.4444555938243866
3772 24 0.44401317834854126
10809 1 0.44331490993499756
8628 36 0.4427632689476013
74556 36 0.442648321390152
53207 36 0.4422791004180908
45183 36 0.4401510953903198
43925 8 0.43947529792785645
79821 48 0.4393318295478821
94761 48 0.4382639527320862
23839 28 0.43815645575523376
52439 48 0.4379101097583771
59568 24 0.4352966248989105
37666 48 0.4350588023662567
53396 36 0.4340781569480896
77699 24 0.43223270773887634
4462 36 0.43171849846839905
29317 28 0.4303526282310486
38277 28 0.42921584844589233
71785 24 0.4284713566303253
56392 36 0.42786332964897156
38510 36 0.42753714323043823
75722 36 0.4268072843551636
71634 48 0.42661407589912415
30990 28 0.4262215197086334
77751 36 0.4229830801486969
18792 28 0.4187532365322113
11614 24 0.4186987280845642
71766 49 0.4180540442466736
33359 36 0.41566312313079834
68761 24 0.4155767560005188
56476 28 0.4153355658054352
37959 24 0.4140472412109375
21527 8 0.41310635209083557
20041 8 0.41083118319511414
45888 28 0.4095068573951721
69631 24 0.4082140326499939
79800 48 0.40769049525260925
74563 8 0.4047325849533081
21461 28 0.40468060970306396
9089 24 0.4041428864002228
72047 8 0.40396589040756226
47687 36 0.40234747529029846
41298 24 0.401027649641037
74741 24 0.4009246826171875
29870 36 0.396838903427124
75979 28 0.39629700779914856
76118 24 0.39398619532585144
45517 28 0.3879552483558655
26664 36 0.3862428367137909
69973 29 0.3853295147418976
35484 24 0.3845573663711548
36661 36 0.3833376169204712
56907 8 0.38229119777679443
33276 36 0.38139113783836365
31137 8 0.38011232018470764
75537 48 0.3789942264556885
66992 8 0.3786466121673584
72136 1 0.37847644090652466
62238 8 0.37660714983940125
13100 36 0.3746134340763092
20469 28 0.37145718932151794
23227 8 0.37030941247940063
1839 28 0.3697321116924286
22818 28 0.368724524974823
67544 8 0.3685046136379242
83653 1 0.3653264045715332
85633 24 0.3631046414375305
58762 36 0.36275628209114075
30137 24 0.3620915412902832
29226 36 0.36015287041664124
68484 36 0.35959067940711975
43712 8 0.3587442934513092
59986 8 0.35861092805862427
71507 36 0.3583734929561615
27594 8 0.3563568592071533
71524 8 0.35559189319610596
41378 1 0.35427913069725037
28374 8 0.3536302149295807
27117 36 0.353534460067749
57443 8 0.3524026572704315
59148 36 0.35192564129829407
35914 36 0.34862661361694336
35098 28 0.34834519028663635
75469 48 0.3479815721511841
23808 24 0.34779036045074463
25049 36 0.346073716878891
56049 28 0.3449741005897522
77004 8 0.3443475365638733
67116 36 0.34245097637176514
75411 49 0.3420155346393585
75839 8 0.33669963479042053
56864 36 0.33581840991973877
27702 36 0.3290128707885742
37125 24 0.3282336890697479
32874 8 0.3279149830341339
51700 8 0.32754459977149963
80767 8 0.3270060122013092
70072 8 0.32698962092399597
74013 36 0.32410380244255066
63767 36 0.32391756772994995
17415 24 0.3229241967201233
48220 8 0.32115355134010315
19638 1 0.3206757605075836
19219 8 0.32057711482048035
54547 8 0.3188931345939636
56713 8 0.31784510612487793
52728 8 0.31758129596710205
30650 36 0.3133406341075897
69463 36 0.312980979681015
27009 36 0.31189021468162537
53676 36 0.3114068806171417
50189 1 0.31109970808029175
86079 8 0.31072816252708435
74837 8 0.30547717213630676
46703 8 0.3053246736526489
36732 36 0.30524730682373047
77347 8 0.29217755794525146
32783 29 0.2832314968109131
71339 1 0.26594454050064087
81362 8 0.257391095161438
