1.0 0.0
1.0 0.0005678591709256105
1.0 0.001135718341851221
1.0 0.0017035775127768314
1.0 0.002271436683702442
1.0 0.0028392958546280523
1.0 0.0034071550255536627
1.0 0.003975014196479273
1.0 0.004542873367404884
1.0 0.005110732538330494
0.9 0.005110732538330494
0.9090909090909091 0.0056785917092561046
0.9166666666666666 0.006246450880181715
0.9230769230769231 0.0068143100511073255
0.9285714285714286 0.0073821692220329355
0.9333333333333333 0.007950028392958546
0.9375 0.008517887563884156
0.9411764705882353 0.009085746734809767
0.9444444444444444 0.009653605905735378
0.9473684210526315 0.010221465076660987
0.95 0.010789324247586598
0.9047619047619048 0.010789324247586598
0.8636363636363636 0.010789324247586598
0.8695652173913043 0.011357183418512209
0.875 0.01192504258943782
0.88 0.01249290176036343
0.8846153846153846 0.01306076093128904
0.8888888888888888 0.013628620102214651
0.8928571428571429 0.014196479273140262
0.8620689655172413 0.014196479273140262
0.8666666666666667 0.014764338444065871
0.8709677419354839 0.015332197614991482
0.84375 0.015332197614991482
0.8484848484848485 0.01590005678591709
0.8529411764705882 0.016467915956842702
0.8571428571428571 0.017035775127768313
0.8611111111111112 0.017603634298693924
0.8648648648648649 0.018171493469619535
0.868421052631579 0.018739352640545145
0.8461538461538461 0.018739352640545145
0.85 0.019307211811470756
0.8292682926829268 0.019307211811470756
0.8095238095238095 0.019307211811470756
0.7906976744186046 0.019307211811470756
0.7954545454545454 0.019875070982396367
0.8 0.020442930153321975
0.782608695652174 0.020442930153321975
0.7872340425531915 0.021010789324247586
0.7916666666666666 0.021578648495173196
0.7959183673469388 0.022146507666098807
0.8 0.022714366837024418
0.803921568627451 0.02328222600795003
0.8076923076923077 0.02385008517887564
0.8113207547169812 0.02441794434980125
0.8148148148148148 0.02498580352072686
0.8 0.02498580352072686
0.7857142857142857 0.02498580352072686
0.7894736842105263 0.02555366269165247
0.7931034482758621 0.02612152186257808
0.7796610169491526 0.02612152186257808
0.7833333333333333 0.02668938103350369
0.7704918032786885 0.02668938103350369
0.7741935483870968 0.027257240204429302
0.7777777777777778 0.027825099375354913
0.78125 0.028392958546280524
0.7846153846153846 0.028960817717206135
0.7878787878787878 0.029528676888131742
0.7910447761194029 0.030096536059057353
0.7941176470588235 0.030664395229982964
0.782608695652174 0.030664395229982964
0.7857142857142857 0.031232254400908575
0.7746478873239436 0.031232254400908575
0.7777777777777778 0.03180011357183418
0.7671232876712328 0.03180011357183418
0.7702702702702703 0.03236797274275979
0.7733333333333333 0.032935831913685404
0.7763157894736842 0.033503691084611015
0.7662337662337663 0.033503691084611015
0.7564102564102564 0.033503691084611015
0.759493670886076 0.034071550255536626
0.7625 0.034639409426462237
0.7654320987654321 0.03520726859738785
0.7682926829268293 0.03577512776831346
0.7590361445783133 0.03577512776831346
0.75 0.03577512776831346
0.7529411764705882 0.03634298693923907
0.7441860465116279 0.03634298693923907
0.7471264367816092 0.03691084611016468
0.75 0.03747870528109029
0.7528089887640449 0.0380465644520159
0.7555555555555555 0.03861442362294151
0.7582417582417582 0.039182282793867124
0.7608695652173914 0.039750141964792735
0.7634408602150538 0.04031800113571834
0.7659574468085106 0.04088586030664395
0.7684210526315789 0.04145371947756956
0.7708333333333334 0.04202157864849517
0.7731958762886598 0.04258943781942078
0.7653061224489796 0.04258943781942078
0.7676767676767676 0.04315729699034639
0.77 0.043725156161272004
0.7722772277227723 0.044293015332197615
0.7745098039215687 0.044860874503123226
0.7766990291262136 0.045428733674048836
0.7788461538461539 0.04599659284497445
0.780952380952381 0.04656445201590006
0.7830188679245284 0.04713231118682567
0.7757009345794392 0.04713231118682567
0.7777777777777778 0.04770017035775128
0.7706422018348624 0.04770017035775128
0.7727272727272727 0.04826802952867689
0.7747747747747747 0.0488358886996025
0.7767857142857143 0.049403747870528106
0.7787610619469026 0.04997160704145372
0.7807017543859649 0.05053946621237933
0.7739130434782608 0.05053946621237933
0.7672413793103449 0.05053946621237933
0.7606837606837606 0.05053946621237933
0.7627118644067796 0.05110732538330494
0.7647058823529411 0.05167518455423055
0.7666666666666667 0.05224304372515616
0.768595041322314 0.05281090289608177
0.7622950819672131 0.05281090289608177
0.7642276422764228 0.05337876206700738
0.7580645161290323 0.05337876206700738
0.76 0.05394662123793299
0.7619047619047619 0.054514480408858604
0.7637795275590551 0.055082339579784215
0.765625 0.055650198750709826
0.7596899224806202 0.055650198750709826
0.7615384615384615 0.056218057921635436
0.7633587786259542 0.05678591709256105
0.7575757575757576 0.05678591709256105
0.7593984962406015 0.05735377626348666
0.753731343283582 0.05735377626348666
0.7555555555555555 0.05792163543441227
0.7573529411764706 0.05848949460533787
0.7591240875912408 0.059057353776263484
0.7536231884057971 0.059057353776263484
0.7482014388489209 0.059057353776263484
0.7428571428571429 0.059057353776263484
0.7375886524822695 0.059057353776263484
0.7323943661971831 0.059057353776263484
0.7342657342657343 0.059625212947189095
0.7361111111111112 0.060193072118114706
0.7310344827586207 0.060193072118114706
0.7328767123287672 0.06076093128904032
0.7346938775510204 0.06132879045996593
0.7297297297297297 0.06132879045996593
0.7248322147651006 0.06132879045996593
0.72 0.06132879045996593
0.7218543046357616 0.06189664963089154
0.7236842105263158 0.06246450880181715
0.7189542483660131 0.06246450880181715
0.7207792207792207 0.06303236797274275
0.7225806451612903 0.06360022714366836
0.7243589743589743 0.06416808631459398
0.7261146496815286 0.06473594548551959
0.7215189873417721 0.06473594548551959
0.7232704402515723 0.0653038046564452
0.725 0.06587166382737081
0.7267080745341615 0.06643952299829642
0.7283950617283951 0.06700738216922203
0.7300613496932515 0.06757524134014764
0.7317073170731707 0.06814310051107325
0.7272727272727273 0.06814310051107325
0.7289156626506024 0.06871095968199886
0.7305389221556886 0.06927881885292447
0.7321428571428571 0.06984667802385008
0.7337278106508875 0.0704145371947757
0.7294117647058823 0.0704145371947757
0.7309941520467836 0.0709823963657013
0.7267441860465116 0.0709823963657013
0.7283236994219653 0.07155025553662692
0.7298850574712644 0.07211811470755253
0.7314285714285714 0.07268597387847814
0.7329545454545454 0.07325383304940375
0.7344632768361582 0.07382169222032936
0.7303370786516854 0.07382169222032936
0.7262569832402235 0.07382169222032936
0.7222222222222222 0.07382169222032936
0.7237569060773481 0.07438955139125497
0.7197802197802198 0.07438955139125497
0.7213114754098361 0.07495741056218058
0.717391304347826 0.07495741056218058
0.7189189189189189 0.07552526973310619
0.7204301075268817 0.0760931289040318
0.7165775401069518 0.0760931289040318
0.7180851063829787 0.07666098807495741
0.7195767195767195 0.07722884724588303
0.7157894736842105 0.07722884724588303
0.7120418848167539 0.07722884724588303
0.7083333333333334 0.07722884724588303
0.7098445595854922 0.07779670641680864
0.711340206185567 0.07836456558773425
0.7076923076923077 0.07836456558773425
0.7091836734693877 0.07893242475865986
0.7106598984771574 0.07950028392958547
0.7121212121212122 0.08006814310051108
0.7085427135678392 0.08006814310051108
0.71 0.08063600227143668
0.7064676616915423 0.08063600227143668
0.7029702970297029 0.08063600227143668
0.7044334975369458 0.08120386144236229
0.7058823529411765 0.0817717206132879
0.7024390243902439 0.0817717206132879
0.6990291262135923 0.0817717206132879
0.7004830917874396 0.08233957978421351
0.7019230769230769 0.08290743895513912
0.7033492822966507 0.08347529812606473
0.7 0.08347529812606473
0.7014218009478673 0.08404315729699034
0.7028301886792453 0.08461101646791595
0.6995305164319249 0.08461101646791595
0.7009345794392523 0.08517887563884156
0.6976744186046512 0.08517887563884156
0.6990740740740741 0.08574673480976717
0.7004608294930875 0.08631459398069279
0.7018348623853211 0.0868824531516184
0.7031963470319634 0.08745031232254401
0.7 0.08745031232254401
0.6968325791855203 0.08745031232254401
0.6981981981981982 0.08801817149346962
0.695067264573991 0.08801817149346962
0.6964285714285714 0.08858603066439523
0.6977777777777778 0.08915388983532084
0.6991150442477876 0.08972174900624645
0.6960352422907489 0.08972174900624645
0.6973684210526315 0.09028960817717206
0.6943231441048034 0.09028960817717206
0.691304347826087 0.09028960817717206
0.6926406926406926 0.09085746734809767
0.6896551724137931 0.09085746734809767
0.6909871244635193 0.09142532651902328
0.6923076923076923 0.0919931856899489
0.6936170212765957 0.0925610448608745
0.6949152542372882 0.09312890403180012
0.6962025316455697 0.09369676320272573
0.6974789915966386 0.09426462237365134
0.698744769874477 0.09483248154457695
0.6958333333333333 0.09483248154457695
0.6970954356846473 0.09540034071550256
0.6983471074380165 0.09596819988642817
0.6995884773662552 0.09653605905735378
0.6967213114754098 0.09653605905735378
0.6938775510204082 0.09653605905735378
0.6951219512195121 0.09710391822827939
0.6923076923076923 0.09710391822827939
0.6935483870967742 0.097671777399205
0.6947791164658634 0.0982396365701306
0.692 0.0982396365701306
0.6892430278884463 0.0982396365701306
0.6865079365079365 0.0982396365701306
0.6837944664031621 0.0982396365701306
0.6850393700787402 0.09880749574105621
0.6823529411764706 0.09880749574105621
0.68359375 0.09937535491198182
0.6848249027237354 0.09994321408290743
0.6821705426356589 0.09994321408290743
0.6833976833976834 0.10051107325383304
0.6846153846153846 0.10107893242475866
0.6819923371647509 0.10107893242475866
0.683206106870229 0.10164679159568427
0.6844106463878327 0.10221465076660988
0.6856060606060606 0.10278250993753549
0.6830188679245283 0.10278250993753549
0.6804511278195489 0.10278250993753549
0.6779026217228464 0.10278250993753549
0.6791044776119403 0.1033503691084611
0.6765799256505576 0.1033503691084611
0.6777777777777778 0.10391822827938671
0.6752767527675276 0.10391822827938671
0.6764705882352942 0.10448608745031232
0.6776556776556777 0.10505394662123793
0.6751824817518248 0.10505394662123793
0.6763636363636364 0.10562180579216354
0.6739130434782609 0.10562180579216354
0.6714801444043321 0.10562180579216354
0.6690647482014388 0.10562180579216354
0.6702508960573477 0.10618966496308915
0.6714285714285714 0.10675752413401476
0.6725978647686833 0.10732538330494037
0.6737588652482269 0.10789324247586599
0.6749116607773852 0.1084611016467916
0.676056338028169 0.10902896081771721
0.6771929824561403 0.10959681998864282
0.6748251748251748 0.10959681998864282
0.6759581881533101 0.11016467915956843
0.6736111111111112 0.11016467915956843
0.671280276816609 0.11016467915956843
0.6689655172413793 0.11016467915956843
0.6666666666666666 0.11016467915956843
0.6678082191780822 0.11073253833049404
0.6655290102389079 0.11073253833049404
0.6632653061224489 0.11073253833049404
0.6644067796610169 0.11130039750141965
0.6621621621621622 0.11130039750141965
0.6632996632996633 0.11186825667234526
0.6610738255033557 0.11186825667234526
0.6622073578595318 0.11243611584327087
0.6633333333333333 0.11300397501419648
0.6644518272425249 0.1135718341851221
0.6655629139072847 0.1141396933560477
0.6666666666666666 0.11470755252697332
0.6677631578947368 0.11527541169789893
0.6688524590163935 0.11584327086882454
0.6699346405228758 0.11641113003975014
0.6677524429967426 0.11641113003975014
0.6688311688311688 0.11697898921067575
0.6666666666666666 0.11697898921067575
0.667741935483871 0.11754684838160136
0.6688102893890675 0.11811470755252697
0.6698717948717948 0.11868256672345258
0.670926517571885 0.11925042589437819
0.6719745222929936 0.1198182850653038
0.6730158730158731 0.12038614423622941
0.6708860759493671 0.12038614423622941
0.6719242902208202 0.12095400340715502
0.6698113207547169 0.12095400340715502
0.6677115987460815 0.12095400340715502
0.665625 0.12095400340715502
0.6635514018691588 0.12095400340715502
0.6614906832298136 0.12095400340715502
0.6625386996904025 0.12152186257808063
0.6635802469135802 0.12208972174900624
0.6646153846153846 0.12265758091993186
0.6656441717791411 0.12322544009085747
0.6636085626911316 0.12322544009085747
0.6615853658536586 0.12322544009085747
0.6595744680851063 0.12322544009085747
0.6606060606060606 0.12379329926178308
0.6616314199395771 0.12436115843270869
0.6596385542168675 0.12436115843270869
0.6606606606606606 0.1249290176036343
0.6586826347305389 0.1249290176036343
0.6597014925373135 0.1254968767745599
0.6607142857142857 0.1260647359454855
0.6617210682492581 0.12663259511641112
0.6627218934911243 0.12720045428733673
0.6637168141592921 0.12776831345826234
0.6617647058823529 0.12776831345826234
0.6598240469208211 0.12776831345826234
0.6578947368421053 0.12776831345826234
0.6588921282798834 0.12833617262918795
0.6598837209302325 0.12890403180011356
0.6579710144927536 0.12890403180011356
0.6589595375722543 0.12947189097103917
0.659942363112392 0.13003975014196478
0.6609195402298851 0.1306076093128904
0.6590257879656161 0.1306076093128904
0.66 0.131175468483816
0.6609686609686609 0.13174332765474162
0.6619318181818182 0.13231118682566723
0.6628895184135978 0.13287904599659284
0.6610169491525424 0.13287904599659284
0.6619718309859155 0.13344690516751845
0.6629213483146067 0.13401476433844406
0.6638655462184874 0.13458262350936967
0.664804469273743 0.13515048268029528
0.6629526462395543 0.13515048268029528
0.6638888888888889 0.1357183418512209
0.6620498614958449 0.1357183418512209
0.6602209944751382 0.1357183418512209
0.6611570247933884 0.1362862010221465
0.6593406593406593 0.1362862010221465
0.6602739726027397 0.1368540601930721
0.6612021857923497 0.13742191936399772
0.659400544959128 0.13742191936399772
0.657608695652174 0.13742191936399772
0.6558265582655827 0.13742191936399772
0.654054054054054 0.13742191936399772
0.6549865229110512 0.13798977853492334
0.6559139784946236 0.13855763770584895
0.6541554959785523 0.13855763770584895
0.6524064171122995 0.13855763770584895
0.6533333333333333 0.13912549687677456
0.6542553191489362 0.13969335604770017
0.6551724137931034 0.14026121521862578
0.6534391534391535 0.14026121521862578
0.6543535620052771 0.1408290743895514
0.6526315789473685 0.1408290743895514
0.6509186351706037 0.1408290743895514
0.6518324607329843 0.141396933560477
0.6501305483028721 0.141396933560477
0.6510416666666666 0.1419647927314026
0.6519480519480519 0.14253265190232822
0.6528497409326425 0.14310051107325383
0.6537467700258398 0.14366837024417944
0.654639175257732 0.14423622941510506
0.6555269922879178 0.14480408858603067
0.6538461538461539 0.14480408858603067
0.6547314578005116 0.14537194775695628
0.6556122448979592 0.1459398069278819
0.6564885496183206 0.1465076660988075
0.6573604060913706 0.1470755252697331
0.6582278481012658 0.14764338444065872
0.6590909090909091 0.14821124361158433
0.6599496221662469 0.14877910278250994
0.6608040201005025 0.14934696195343555
0.6616541353383458 0.14991482112436116
0.66 0.14991482112436116
0.6583541147132169 0.14991482112436116
0.6592039800995025 0.15048268029528677
0.6575682382133995 0.15048268029528677
0.6584158415841584 0.15105053946621239
0.6592592592592592 0.151618398637138
0.6600985221674877 0.1521862578080636
0.6609336609336609 0.15275411697898922
0.6593137254901961 0.15275411697898922
0.6577017114914425 0.15275411697898922
0.6585365853658537 0.15332197614991483
0.6593673965936739 0.15388983532084044
0.6601941747572816 0.15445769449176605
0.6610169491525424 0.15502555366269166
0.6618357487922706 0.15559341283361727
0.6602409638554216 0.15559341283361727
0.6610576923076923 0.15616127200454288
0.6618705035971223 0.1567291311754685
0.6602870813397129 0.1567291311754685
0.6610978520286396 0.1572969903463941
0.6619047619047619 0.15786484951731972
0.6603325415676959 0.15786484951731972
0.6611374407582938 0.15843270868824533
0.6619385342789598 0.15900056785917094
0.660377358490566 0.15900056785917094
0.6588235294117647 0.15900056785917094
0.6572769953051644 0.15900056785917094
0.6557377049180327 0.15900056785917094
0.6542056074766355 0.15900056785917094
0.6526806526806527 0.15900056785917094
0.6534883720930232 0.15956842703009655
0.6519721577726219 0.15956842703009655
0.6527777777777778 0.16013628620102216
0.651270207852194 0.16013628620102216
0.652073732718894 0.16070414537194777
0.6505747126436782 0.16070414537194777
0.6490825688073395 0.16070414537194777
0.6475972540045767 0.16070414537194777
0.6461187214611872 0.16070414537194777
0.6469248291571754 0.16127200454287335
0.6477272727272727 0.16183986371379896
0.6462585034013606 0.16183986371379896
0.6447963800904978 0.16183986371379896
0.6433408577878104 0.16183986371379896
0.6418918918918919 0.16183986371379896
0.6426966292134831 0.16240772288472458
0.6434977578475336 0.1629755820556502
0.6420581655480985 0.1629755820556502
0.640625 0.1629755820556502
0.6414253897550112 0.1635434412265758
0.64 0.1635434412265758
0.6407982261640798 0.1641113003975014
0.6393805309734514 0.1641113003975014
0.6379690949227373 0.1641113003975014
0.6365638766519823 0.1641113003975014
0.6351648351648351 0.1641113003975014
0.6359649122807017 0.16467915956842702
0.6345733041575492 0.16467915956842702
0.6353711790393013 0.16524701873935263
0.6361655773420479 0.16581487791027824
0.6369565217391304 0.16638273708120385
0.6355748373101953 0.16638273708120385
0.6363636363636364 0.16695059625212946
0.6371490280777538 0.16751845542305507
0.6379310344827587 0.16808631459398068
0.6365591397849463 0.16808631459398068
0.6351931330472103 0.16808631459398068
0.6338329764453962 0.16808631459398068
0.6324786324786325 0.16808631459398068
0.6332622601279317 0.1686541737649063
0.6319148936170212 0.1686541737649063
0.6305732484076433 0.1686541737649063
0.6313559322033898 0.1692220329358319
0.6321353065539113 0.16978989210675752
0.630801687763713 0.16978989210675752
0.631578947368421 0.17035775127768313
0.6302521008403361 0.17035775127768313
0.6310272536687631 0.17092561044860874
0.6317991631799164 0.17149346961953435
0.6304801670146137 0.17149346961953435
0.6291666666666667 0.17149346961953435
0.6299376299376299 0.17206132879045996
0.6286307053941909 0.17206132879045996
0.629399585921325 0.17262918796138557
0.6301652892561983 0.17319704713231118
0.6309278350515464 0.1737649063032368
0.6296296296296297 0.1737649063032368
0.6283367556468172 0.1737649063032368
0.6270491803278688 0.1737649063032368
0.6278118609406953 0.1743327654741624
0.6285714285714286 0.17490062464508802
0.6272912423625254 0.17490062464508802
0.6280487804878049 0.17546848381601363
0.6288032454361054 0.17603634298693924
0.6275303643724697 0.17603634298693924
0.6262626262626263 0.17603634298693924
0.625 0.17603634298693924
0.6257545271629779 0.17660420215786485
0.6265060240963856 0.17717206132879046
0.627254509018036 0.17773992049971607
0.626 0.17773992049971607
0.626746506986028 0.17830777967064168
0.6254980079681275 0.17830777967064168
0.6262425447316103 0.1788756388415673
0.625 0.1788756388415673
0.6257425742574257 0.1794434980124929
0.6264822134387352 0.1800113571834185
0.6252465483234714 0.1800113571834185
0.6259842519685039 0.18057921635434412
0.6267190569744597 0.18114707552526974
0.6254901960784314 0.18114707552526974
0.6262230919765166 0.18171493469619535
0.626953125 0.18228279386712096
0.6257309941520468 0.18228279386712096
0.6264591439688716 0.18285065303804657
0.625242718446602 0.18285065303804657
0.625968992248062 0.18341851220897218
0.6266924564796905 0.1839863713798978
0.6274131274131274 0.1845542305508234
0.628131021194605 0.185122089721749
0.6269230769230769 0.185122089721749
0.6276391554702495 0.18568994889267462
0.6283524904214559 0.18625780806360023
0.627151051625239 0.18625780806360023
0.6278625954198473 0.18682566723452584
0.6285714285714286 0.18739352640545145
0.6273764258555133 0.18739352640545145
0.6280834914611005 0.18796138557637707
0.6268939393939394 0.18796138557637707
0.6257088846880907 0.18796138557637707
0.6245283018867924 0.18796138557637707
0.623352165725047 0.18796138557637707
0.6240601503759399 0.18852924474730268
0.624765478424015 0.1890971039182283
0.6235955056179775 0.1890971039182283
0.6224299065420561 0.1890971039182283
0.6231343283582089 0.1896649630891539
0.6238361266294227 0.1902328222600795
0.6226765799256505 0.1902328222600795
0.6233766233766234 0.19080068143100512
0.6240740740740741 0.19136854060193073
0.6247689463955638 0.19193639977285634
0.6254612546125461 0.19250425894378195
0.6243093922651933 0.19250425894378195
0.6231617647058824 0.19250425894378195
0.6220183486238532 0.19250425894378195
0.6208791208791209 0.19250425894378195
0.6215722120658135 0.19307211811470756
0.6222627737226277 0.19363997728563317
0.6211293260473588 0.19363997728563317
0.62 0.19363997728563317
0.6206896551724138 0.19420783645655879
0.6213768115942029 0.1947756956274844
0.6220614828209765 0.19534355479841
0.6209386281588448 0.19534355479841
0.6198198198198198 0.19534355479841
0.6187050359712231 0.19534355479841
0.6193895870736086 0.19591141396933562
0.6200716845878136 0.1964792731402612
0.6207513416815742 0.1970471323111868
0.6214285714285714 0.19761499148211242
0.6203208556149733 0.19761499148211242
0.6209964412811388 0.19818285065303803
0.6216696269982238 0.19875070982396364
0.6223404255319149 0.19931856899488926
0.6212389380530974 0.19931856899488926
0.6219081272084805 0.19988642816581487
0.6208112874779541 0.19988642816581487
0.6214788732394366 0.20045428733674048
0.6203866432337434 0.20045428733674048
0.6210526315789474 0.2010221465076661
0.6199649737302977 0.2010221465076661
0.6206293706293706 0.2015900056785917
0.6212914485165794 0.2021578648495173
0.6202090592334495 0.2021578648495173
0.6208695652173913 0.20272572402044292
0.6215277777777778 0.20329358319136853
0.6221837088388215 0.20386144236229414
0.6228373702422145 0.20442930153321975
0.6217616580310881 0.20442930153321975
0.6224137931034482 0.20499716070414536
0.621342512908778 0.20499716070414536
0.6202749140893471 0.20499716070414536
0.6192109777015438 0.20499716070414536
0.6181506849315068 0.20499716070414536
0.6170940170940171 0.20499716070414536
0.6160409556313993 0.20499716070414536
0.616695059625213 0.20556501987507098
0.6156462585034014 0.20556501987507098
0.6162988115449916 0.2061328790459966
0.6152542372881356 0.2061328790459966
0.6159052453468697 0.2067007382169222
0.6165540540540541 0.2072685973878478
0.6155143338954469 0.2072685973878478
0.6144781144781145 0.2072685973878478
0.6151260504201681 0.20783645655877342
0.6140939597315436 0.20783645655877342
0.6147403685092128 0.20840431572969903
0.6153846153846154 0.20897217490062464
0.6160267111853088 0.20954003407155025
0.6166666666666667 0.21010789324247586
0.6173044925124792 0.21067575241340147
0.6162790697674418 0.21067575241340147
0.615257048092869 0.21067575241340147
0.6142384105960265 0.21067575241340147
0.6132231404958678 0.21067575241340147
0.6122112211221122 0.21067575241340147
0.6128500823723229 0.21124361158432708
0.6134868421052632 0.2118114707552527
0.6141215106732348 0.2123793299261783
0.6131147540983607 0.2123793299261783
0.613747954173486 0.21294718909710392
0.6143790849673203 0.21351504826802953
0.6133768352365416 0.21351504826802953
0.6140065146579805 0.21408290743895514
0.6130081300813008 0.21408290743895514
0.6136363636363636 0.21465076660988075
0.6126418152350082 0.21465076660988075
0.6116504854368932 0.21465076660988075
0.6106623586429726 0.21465076660988075
0.6112903225806452 0.21521862578080636
0.6119162640901772 0.21578648495173197
0.612540192926045 0.21635434412265758
0.6131621187800963 0.2169222032935832
0.6121794871794872 0.2169222032935832
0.6112 0.2169222032935832
0.610223642172524 0.2169222032935832
0.6092503987240829 0.2169222032935832
0.6098726114649682 0.2174900624645088
0.6104928457869634 0.21805792163543442
0.6111111111111112 0.21862578080636003
0.6101426307448494 0.21862578080636003
0.6091772151898734 0.21862578080636003
0.608214849921011 0.21862578080636003
0.6088328075709779 0.21919363997728564
0.6094488188976378 0.21976149914821125
0.6084905660377359 0.21976149914821125
0.6075353218210361 0.21976149914821125
0.6081504702194357 0.22032935831913686
0.6087636932707355 0.22089721749006247
0.609375 0.22146507666098808
0.608424336973479 0.22146507666098808
0.6090342679127726 0.2220329358319137
0.6080870917573873 0.2220329358319137
0.6086956521739131 0.2226007950028393
0.6077519379844961 0.2226007950028393
0.608359133126935 0.2231686541737649
0.6089644513137558 0.22373651334469052
0.6095679012345679 0.22430437251561613
0.6086286594761171 0.22430437251561613
0.6076923076923076 0.22430437251561613
0.6082949308755761 0.22487223168654175
0.6088957055214724 0.22544009085746736
0.6079632465543645 0.22544009085746736
0.6085626911314985 0.22600795002839297
0.6091603053435114 0.22657580919931858
0.6097560975609756 0.2271436683702442
0.60882800608828 0.2271436683702442
0.6094224924012158 0.2277115275411698
0.6084977238239757 0.2277115275411698
0.6090909090909091 0.2282793867120954
0.6081694402420574 0.2282793867120954
0.6087613293051359 0.22884724588302102
0.6093514328808446 0.22941510505394663
0.608433734939759 0.22941510505394663
0.6075187969924812 0.22941510505394663
0.6081081081081081 0.22998296422487224
0.6086956521739131 0.23055082339579785
0.6077844311377245 0.23055082339579785
0.6083707025411061 0.23111868256672347
0.6074626865671642 0.23111868256672347
0.6065573770491803 0.23111868256672347
0.6056547619047619 0.23111868256672347
0.6062407132243685 0.23168654173764908
0.6068249258160238 0.23225440090857466
0.6074074074074074 0.23282226007950027
0.606508875739645 0.23282226007950027
0.6070901033973413 0.23339011925042588
0.6061946902654868 0.23339011925042588
0.6067746686303387 0.2339579784213515
0.6058823529411764 0.2339579784213515
0.604992657856094 0.2339579784213515
0.6041055718475073 0.2339579784213515
0.6046852122986823 0.2345258375922771
0.6038011695906432 0.2345258375922771
0.6043795620437956 0.23509369676320271
0.6034985422740525 0.23509369676320271
0.6026200873362445 0.23509369676320271
0.6017441860465116 0.23509369676320271
0.602322206095791 0.23566155593412833
0.6028985507246377 0.23622941510505394
0.6034732272069464 0.23679727427597955
0.6026011560693642 0.23679727427597955
0.6031746031746031 0.23736513344690516
0.6037463976945245 0.23793299261783077
0.60431654676259 0.23850085178875638
0.6048850574712644 0.239068710959682
0.6054519368723099 0.2396365701306076
0.6045845272206304 0.2396365701306076
0.6051502145922747 0.2402044293015332
0.6042857142857143 0.2402044293015332
0.6034236804564908 0.2402044293015332
0.603988603988604 0.24077228847245882
0.6031294452347084 0.24077228847245882
0.6036931818181818 0.24134014764338443
0.6028368794326241 0.24134014764338443
0.6019830028328612 0.24134014764338443
0.6025459688826026 0.24190800681431004
0.6016949152542372 0.24190800681431004
0.6022566995768688 0.24247586598523566
0.6028169014084507 0.24304372515616127
0.6033755274261603 0.24361158432708688
0.6025280898876404 0.24361158432708688
0.6016830294530154 0.24361158432708688
0.6008403361344538 0.24361158432708688
0.6013986013986014 0.2441794434980125
0.6019553072625698 0.2447473026689381
0.602510460251046 0.2453151618398637
0.6030640668523677 0.24588302101078932
0.6036161335187761 0.24645088018171493
0.6041666666666666 0.24701873935264054
0.6047156726768377 0.24758659852356615
0.6052631578947368 0.24815445769449176
0.6044260027662517 0.24815445769449176
0.6049723756906077 0.24872231686541738
0.6041379310344828 0.24872231686541738
0.6033057851239669 0.24872231686541738
0.6024759284731774 0.24872231686541738
0.603021978021978 0.249290176036343
0.6021947873799726 0.249290176036343
0.6013698630136987 0.249290176036343
0.6019151846785226 0.2498580352072686
0.6010928961748634 0.2498580352072686
0.6016371077762619 0.2504258943781942
0.6008174386920981 0.2504258943781942
0.601360544217687 0.2509937535491198
0.6019021739130435 0.2515616127200454
0.6024423337856174 0.252129471890971
0.6029810298102981 0.2526973310618966
0.6021650879566982 0.2526973310618966
0.6013513513513513 0.2526973310618966
0.6005398110661269 0.2526973310618966
0.5997304582210242 0.2526973310618966
0.5989232839838493 0.2526973310618966
0.5981182795698925 0.2526973310618966
0.5986577181208054 0.25326519023282223
0.5978552278820375 0.25326519023282223
0.5970548862115127 0.25326519023282223
0.5962566844919787 0.25326519023282223
0.595460614152203 0.25326519023282223
0.5946666666666667 0.25326519023282223
0.5938748335552596 0.25326519023282223
0.5930851063829787 0.25326519023282223
0.5922974767596282 0.25326519023282223
0.5915119363395226 0.25326519023282223
0.5920529801324503 0.25383304940374785
0.5912698412698413 0.25383304940374785
0.5904887714663144 0.25383304940374785
0.5897097625329816 0.25383304940374785
0.5902503293807642 0.25440090857467346
0.5894736842105263 0.25440090857467346
0.5886990801576872 0.25440090857467346
0.589238845144357 0.25496876774559907
0.5884665792922673 0.25496876774559907
0.5890052356020943 0.2555366269165247
0.5895424836601307 0.2561044860874503
0.5900783289817232 0.2566723452583759
0.5893089960886571 0.2566723452583759
0.58984375 0.2572402044293015
0.5903771131339401 0.2578080636002271
0.5909090909090909 0.25837592277115273
0.5914396887159533 0.25894378194207834
0.5919689119170984 0.25951164111300395
0.592496765847348 0.26007950028392957
0.5917312661498708 0.26007950028392957
0.5909677419354838 0.26007950028392957
0.5914948453608248 0.2606473594548552
0.5907335907335908 0.2606473594548552
0.589974293059126 0.2606473594548552
0.5905006418485238 0.2612152186257808
0.5897435897435898 0.2612152186257808
0.5902688860435339 0.2617830777967064
0.5895140664961637 0.2617830777967064
0.5887611749680716 0.2617830777967064
0.5880102040816326 0.2617830777967064
0.5872611464968153 0.2617830777967064
0.5877862595419847 0.262350936967632
0.5883100381194409 0.2629187961385576
0.5888324873096447 0.26348665530948323
0.5893536121673004 0.26405451448040884
0.589873417721519 0.26462237365133445
0.5903919089759798 0.26519023282226006
0.5909090909090909 0.2657580919931857
0.5901639344262295 0.2657580919931857
0.5894206549118388 0.2657580919931857
0.5886792452830188 0.2657580919931857
0.5879396984924623 0.2657580919931857
0.5872020075282308 0.2657580919931857
0.5864661654135338 0.2657580919931857
0.5857321652065082 0.2657580919931857
0.585 0.2657580919931857
0.5842696629213483 0.2657580919931857
0.5835411471321695 0.2657580919931857
0.5828144458281445 0.2657580919931857
0.5833333333333334 0.2663259511641113
0.5826086956521739 0.2663259511641113
0.5831265508684863 0.2668938103350369
0.5824039653035935 0.2668938103350369
0.5829207920792079 0.2674616695059625
0.5834363411619283 0.2680295286768881
0.582716049382716 0.2680295286768881
0.5819975339087546 0.2680295286768881
0.5812807881773399 0.2680295286768881
0.5805658056580566 0.2680295286768881
0.581081081081081 0.26859738784781373
0.5815950920245399 0.26916524701873934
0.5808823529411765 0.26916524701873934
0.5801713586291309 0.26916524701873934
0.5794621026894865 0.26916524701873934
0.57997557997558 0.26973310618966495
0.5792682926829268 0.26973310618966495
0.5785627283800243 0.26973310618966495
0.5778588807785888 0.26973310618966495
0.5771567436208992 0.26973310618966495
0.5764563106796117 0.26973310618966495
0.5757575757575758 0.26973310618966495
0.5750605326876513 0.26973310618966495
0.5743651753325272 0.26973310618966495
0.5736714975845411 0.26973310618966495
0.5729794933655006 0.26973310618966495
0.572289156626506 0.26973310618966495
0.5728038507821901 0.27030096536059056
0.5733173076923077 0.2708688245315162
0.5738295318127251 0.2714366837024418
0.5731414868105515 0.2714366837024418
0.5724550898203593 0.2714366837024418
0.5717703349282297 0.2714366837024418
0.5710872162485066 0.2714366837024418
0.5715990453460621 0.2720045428733674
0.5721096543504172 0.272572402044293
0.5714285714285714 0.272572402044293
0.5707491082045184 0.272572402044293
0.5700712589073634 0.272572402044293
0.5705812574139977 0.2731402612152186
0.5699052132701422 0.2731402612152186
0.5692307692307692 0.2731402612152186
0.5685579196217494 0.2731402612152186
0.5678866587957497 0.2731402612152186
0.5683962264150944 0.2737081203861442
0.5677267373380448 0.2737081203861442
0.5670588235294117 0.2737081203861442
0.5675675675675675 0.27427597955706984
0.5669014084507042 0.27427597955706984
0.567409144196952 0.27484383872799545
0.5679156908665105 0.27541169789892106
0.5684210526315789 0.27597955706984667
0.5677570093457944 0.27597955706984667
0.5670945157526255 0.27597955706984667
0.5664335664335665 0.27597955706984667
0.5657741559953434 0.27597955706984667
0.5662790697674419 0.2765474162407723
0.5656213704994193 0.2765474162407723
0.5661252900232019 0.2771152754116979
0.5654692931633836 0.2771152754116979
0.5648148148148148 0.2771152754116979
0.5653179190751445 0.2776831345826235
0.5646651270207852 0.2776831345826235
0.5651672433679354 0.2782509937535491
0.5645161290322581 0.2782509937535491
0.5638665132336018 0.2782509937535491
0.5632183908045977 0.2782509937535491
0.5625717566016073 0.2782509937535491
0.5619266055045872 0.2782509937535491
0.561282932416953 0.2782509937535491
0.5606407322654462 0.2782509937535491
0.5611428571428572 0.2788188529244747
0.5616438356164384 0.27938671209540034
0.5610034207525656 0.27938671209540034
0.5603644646924829 0.27938671209540034
0.5608646188850968 0.27995457126632595
0.5602272727272727 0.27995457126632595
0.5607264472190693 0.28052243043725156
0.5612244897959183 0.28109028960817717
0.5605889014722537 0.28109028960817717
0.5599547511312217 0.28109028960817717
0.559322033898305 0.28109028960817717
0.5598194130925508 0.2816581487791028
0.560315670800451 0.2822260079500284
0.5608108108108109 0.282793867120954
0.5601799775028121 0.282793867120954
0.5606741573033708 0.2833617262918796
0.5600448933782267 0.2833617262918796
0.5594170403587444 0.2833617262918796
0.5599104143337066 0.2839295854628052
0.5592841163310962 0.2839295854628052
0.5586592178770949 0.2839295854628052
0.5591517857142857 0.28449744463373083
0.5596432552954292 0.28506530380465644
0.5590200445434298 0.28506530380465644
0.5595105672969967 0.28563316297558206
0.5588888888888889 0.28563316297558206
0.5593784683684795 0.28620102214650767
0.5587583148558758 0.28620102214650767
0.5592469545957918 0.2867688813174333
0.5597345132743363 0.2873367404883589
0.5602209944751381 0.2879045996592845
0.5607064017660044 0.2884724588302101
0.5600882028665931 0.2884724588302101
0.5605726872246696 0.2890403180011357
0.5610561056105611 0.28960817717206133
0.5604395604395604 0.28960817717206133
0.5598243688254665 0.28960817717206133
0.5592105263157895 0.28960817717206133
0.5585980284775466 0.28960817717206133
0.5579868708971554 0.28960817717206133
0.5573770491803278 0.28960817717206133
0.5578602620087336 0.29017603634298694
0.5583424209378408 0.29074389551391255
0.5577342047930284 0.29074389551391255
0.558215451577802 0.29131175468483816
0.5576086956521739 0.29131175468483816
0.5570032573289903 0.29131175468483816
0.5574837310195228 0.2918796138557638
0.5568797399783315 0.2918796138557638
0.5573593073593074 0.2924474730266894
0.5578378378378378 0.293015332197615
0.5572354211663066 0.293015332197615
0.5577130528586839 0.2935831913685406
0.5581896551724138 0.2941510505394662
0.5575888051668461 0.2941510505394662
0.5580645161290323 0.29471890971039183
0.5574650912996778 0.29471890971039183
0.5579399141630901 0.29528676888131744
0.5573419078242229 0.29528676888131744
0.556745182012848 0.29528676888131744
0.5572192513368984 0.29585462805224305
0.5566239316239316 0.29585462805224305
0.5560298826040555 0.29585462805224305
0.5554371002132196 0.29585462805224305
0.5548455804046858 0.29585462805224305
0.5553191489361702 0.29642248722316866
0.5547290116896918 0.29642248722316866
0.554140127388535 0.29642248722316866
0.5546129374337222 0.2969903463940943
0.5540254237288136 0.2969903463940943
0.5534391534391534 0.2969903463940943
0.5528541226215645 0.2969903463940943
0.5522703273495249 0.2969903463940943
0.5527426160337553 0.2975582055650199
0.5521601685985248 0.2975582055650199
0.5515789473684211 0.2975582055650199
0.5520504731861199 0.2981260647359455
0.5514705882352942 0.2981260647359455
0.5508919202518363 0.2981260647359455
0.5513626834381551 0.2986939239068711
0.5507853403141362 0.2986939239068711
0.551255230125523 0.2992617830777967
0.5506792058516197 0.2992617830777967
0.5501043841336117 0.2992617830777967
0.5505735140771637 0.29982964224872233
0.55 0.29982964224872233
0.5494276795005203 0.29982964224872233
0.5498960498960499 0.30039750141964794
0.54932502596054 0.30039750141964794
0.5487551867219918 0.30039750141964794
0.5481865284974093 0.30039750141964794
0.5486542443064182 0.30096536059057355
0.5480868665977249 0.30096536059057355
0.5485537190082644 0.30153321976149916
0.5479876160990712 0.30153321976149916
0.5474226804123712 0.30153321976149916
0.5468589083419155 0.30153321976149916
0.5462962962962963 0.30153321976149916
0.5467625899280576 0.30210107893242477
0.5462012320328542 0.30210107893242477
0.5456410256410257 0.30210107893242477
0.5450819672131147 0.30210107893242477
0.5445240532241555 0.30210107893242477
0.5439672801635992 0.30210107893242477
0.5444330949948928 0.3026689381033504
0.5438775510204081 0.3026689381033504
0.5433231396534148 0.3026689381033504
0.5427698574338086 0.3026689381033504
0.54323499491353 0.303236797274276
0.5426829268292683 0.303236797274276
0.5421319796954315 0.303236797274276
0.5425963488843814 0.3038046564452016
0.5420466058763931 0.3038046564452016
0.541497975708502 0.3038046564452016
0.5409504550050556 0.3038046564452016
0.5414141414141415 0.3043725156161272
0.5418768920282543 0.3049403747870528
0.5423387096774194 0.30550823395797844
0.5417925478348439 0.30550823395797844
0.5412474849094567 0.30550823395797844
0.5417085427135678 0.30607609312890405
0.5421686746987951 0.30664395229982966
0.5416248746238717 0.30664395229982966
0.5410821643286573 0.30664395229982966
0.5405405405405406 0.30664395229982966
0.54 0.30664395229982966
0.5404595404595405 0.30721181147075527
0.5409181636726547 0.3077796706416809
0.5413758723828515 0.3083475298126065
0.5418326693227091 0.3089153889835321
0.5412935323383085 0.3089153889835321
0.5417495029821073 0.3094832481544577
0.5412115193644489 0.3094832481544577
0.5416666666666666 0.3100511073253833
0.5411298315163529 0.3100511073253833
0.5415841584158416 0.31061896649630893
0.5410484668644906 0.31061896649630893
0.5405138339920948 0.31061896649630893
0.5399802566633761 0.31061896649630893
0.5404339250493096 0.31118682566723455
0.5399014778325123 0.31118682566723455
0.5393700787401575 0.31118682566723455
0.5388397246804326 0.31118682566723455
0.5383104125736738 0.31118682566723455
0.5377821393523062 0.31118682566723455
0.538235294117647 0.31175468483816016
0.5377081292850147 0.31175468483816016
0.5371819960861057 0.31175468483816016
0.5366568914956011 0.31175468483816016
0.5361328125 0.31175468483816016
0.5365853658536586 0.31232254400908577
0.5370370370370371 0.3128904031800114
0.5365141187925998 0.3128904031800114
0.5359922178988327 0.3128904031800114
0.5364431486880467 0.313458262350937
0.5368932038834952 0.3140261215218626
0.5363724539282251 0.3140261215218626
0.5358527131782945 0.3140261215218626
0.5363020329138432 0.3145939806927882
0.5367504835589942 0.3151618398637138
0.5371980676328503 0.31572969903463943
0.5366795366795367 0.31572969903463943
0.5371263259402121 0.31629755820556504
0.5375722543352601 0.31686541737649065
0.5370548604427334 0.31686541737649065
0.5375 0.31743327654741627
0.5369836695485111 0.31743327654741627
0.536468330134357 0.31743327654741627
0.535953978906999 0.31743327654741627
0.5363984674329502 0.3180011357183419
0.5358851674641149 0.3180011357183419
0.5363288718929254 0.3185689948892675
0.5358166189111748 0.3185689948892675
0.5353053435114504 0.3185689948892675
0.5347950428979981 0.3185689948892675
0.5342857142857143 0.3185689948892675
0.5337773549000951 0.3185689948892675
0.5332699619771863 0.3185689948892675
0.5327635327635327 0.3185689948892675
0.532258064516129 0.3185689948892675
0.5327014218009478 0.3191368540601931
0.5321969696969697 0.3191368540601931
0.532639545884579 0.3197047132311187
0.5321361058601134 0.3197047132311187
0.5316336166194523 0.3197047132311187
0.5320754716981132 0.3202725724020443
0.5315739868049011 0.3202725724020443
0.532015065913371 0.32084043157296993
0.5315145813734713 0.32084043157296993
0.5319548872180451 0.32140829074389554
0.532394366197183 0.3219761499148211
0.5328330206378987 0.3225440090857467
0.5323336457357076 0.3225440090857467
0.5318352059925093 0.3225440090857467
0.5313376987839102 0.3225440090857467
0.5308411214953271 0.3225440090857467
0.5303454715219421 0.3225440090857467
0.5298507462686567 0.3225440090857467
0.5302889095992545 0.3231118682566723
0.5307262569832403 0.32367972742759793
0.5302325581395348 0.32367972742759793
0.5306691449814126 0.32424758659852354
0.5301764159702879 0.32424758659852354
0.5296846011131725 0.32424758659852354
0.5301204819277109 0.32481544576944915
0.5296296296296297 0.32481544576944915
0.5291396854764108 0.32481544576944915
0.5286506469500925 0.32481544576944915
0.5281625115420129 0.32481544576944915
0.5285977859778598 0.32538330494037476
0.528110599078341 0.32538330494037476
0.5285451197053407 0.3259511641113004
0.5289788408463661 0.326519023282226
0.5284926470588235 0.326519023282226
0.5289256198347108 0.3270868824531516
0.5284403669724771 0.3270868824531516
0.5279560036663611 0.3270868824531516
0.5274725274725275 0.3270868824531516
0.5269899359560841 0.3270868824531516
0.526508226691042 0.3270868824531516
0.5260273972602739 0.3270868824531516
0.5264598540145985 0.3276547416240772
0.5268915223336372 0.3282226007950028
0.5264116575591985 0.3282226007950028
0.5268425841674249 0.3287904599659284
0.5263636363636364 0.3287904599659284
0.5267938237965486 0.32935831913685404
0.5272232304900182 0.32992617830777965
0.5267452402538532 0.32992617830777965
0.5262681159420289 0.32992617830777965
0.5257918552036199 0.32992617830777965
0.5262206148282098 0.33049403747870526
0.5257452574525745 0.33049403747870526
0.5252707581227437 0.33049403747870526
0.5256988277727682 0.33106189664963087
0.5252252252252252 0.33106189664963087
0.5247524752475248 0.33106189664963087
0.5242805755395683 0.33106189664963087
0.5238095238095238 0.33106189664963087
0.5233393177737882 0.33106189664963087
0.5237668161434977 0.3316297558205565
0.5232974910394266 0.3316297558205565
0.5228290062667861 0.3316297558205565
0.5223613595706619 0.3316297558205565
0.5227882037533512 0.3321976149914821
0.5232142857142857 0.3327654741624077
0.5227475468331847 0.3327654741624077
0.5222816399286988 0.3327654741624077
0.5218165627782725 0.3327654741624077
0.5222419928825622 0.3333333333333333
0.5226666666666666 0.3339011925042589
0.522202486678508 0.3339011925042589
0.5217391304347826 0.3339011925042589
0.5212765957446809 0.3339011925042589
0.5217006200177148 0.33446905167518454
0.5212389380530974 0.33446905167518454
0.5207780725022104 0.33446905167518454
0.5203180212014135 0.33446905167518454
0.5198587819947044 0.33446905167518454
0.5194003527336861 0.33446905167518454
0.518942731277533 0.33446905167518454
0.5184859154929577 0.33446905167518454
0.5180299032541776 0.33446905167518454
0.5175746924428822 0.33446905167518454
0.5171202809482002 0.33446905167518454
0.5175438596491229 0.33503691084611015
0.5170902716914987 0.33503691084611015
0.5166374781085814 0.33503691084611015
0.5161854768153981 0.33503691084611015
0.5157342657342657 0.33503691084611015
0.5152838427947598 0.33503691084611015
0.5148342059336823 0.33503691084611015
0.5152571926765476 0.33560477001703576
0.514808362369338 0.33560477001703576
0.5143603133159269 0.33560477001703576
0.5139130434782608 0.33560477001703576
0.5134665508253693 0.33560477001703576
0.5138888888888888 0.33617262918796137
0.5134431916738942 0.33617262918796137
0.512998266897747 0.33617262918796137
0.5125541125541125 0.33617262918796137
0.5121107266435986 0.33617262918796137
0.5125324114088159 0.336740488358887
0.5120898100172712 0.336740488358887
0.5116479723899914 0.336740488358887
0.5112068965517241 0.336740488358887
0.5116279069767442 0.3373083475298126
0.5120481927710844 0.3378762067007382
0.5116079105760963 0.3378762067007382
0.5120274914089347 0.3384440658716638
0.511587982832618 0.3384440658716638
0.5120068610634648 0.3390119250425894
0.5115681233933161 0.3390119250425894
0.5111301369863014 0.3390119250425894
0.5106928999144568 0.3390119250425894
0.5102564102564102 0.3390119250425894
0.5106746370623398 0.33957978421351503
0.5102389078498294 0.33957978421351503
0.5098039215686274 0.33957978421351503
0.510221465076661 0.34014764338444065
0.5106382978723404 0.34071550255536626
0.5110544217687075 0.34128336172629187
0.5106202209005948 0.34128336172629187
0.5110356536502547 0.3418512208972175
0.5106022052586938 0.3418512208972175
0.5110169491525424 0.3424190800681431
0.5105842506350551 0.3424190800681431
0.5101522842639594 0.3424190800681431
0.5105663567202029 0.3429869392390687
0.5101351351351351 0.3429869392390687
0.509704641350211 0.3429869392390687
0.5092748735244519 0.3429869392390687
0.5096882898062342 0.3435547984099943
0.5092592592592593 0.3435547984099943
0.5088309503784693 0.3435547984099943
0.5084033613445378 0.3435547984099943
0.5079764903442485 0.3435547984099943
0.5075503355704698 0.3435547984099943
0.5071248952221291 0.3435547984099943
0.507537688442211 0.3441226575809199
0.507949790794979 0.34469051675184553
0.5075250836120402 0.34469051675184553
0.5071010860484545 0.34469051675184553
0.506677796327212 0.34469051675184553
0.5070892410341952 0.34525837592277114
0.5075 0.34582623509369675
0.5070774354704413 0.34582623509369675
0.5066555740432612 0.34582623509369675
0.5070656691604323 0.34639409426462237
0.5066445182724253 0.34639409426462237
0.5062240663900415 0.34639409426462237
0.5058043117744611 0.34639409426462237
0.5053852526926264 0.34639409426462237
0.5049668874172185 0.34639409426462237
0.5045492142266336 0.34639409426462237
0.5041322314049587 0.34639409426462237
0.5037159372419489 0.34639409426462237
0.5041254125412541 0.346961953435548
0.5045342126957956 0.3475298126064736
0.5041186161449753 0.3475298126064736
0.5037037037037037 0.3475298126064736
0.5032894736842105 0.3475298126064736
0.5028759244042728 0.3475298126064736
0.5032840722495895 0.3480976717773992
0.5028712059064807 0.3480976717773992
0.5032786885245901 0.3486655309483248
0.5028665028665029 0.3486655309483248
0.502454991816694 0.3486655309483248
0.5020441537203598 0.3486655309483248
0.5016339869281046 0.3486655309483248
0.5020408163265306 0.3492333901192504
0.5024469820554649 0.34980124929017603
0.5028524857375714 0.35036910846110164
0.502442996742671 0.35036910846110164
0.5020341741253052 0.35036910846110164
0.5016260162601626 0.35036910846110164
0.5020308692120228 0.35093696763202725
0.5016233766233766 0.35093696763202725
0.5012165450121655 0.35093696763202725
0.5008103727714749 0.35093696763202725
0.5004048582995951 0.35093696763202725
0.5 0.35093696763202725
0.4995957962813258 0.35093696763202725
0.4991922455573506 0.35093696763202725
0.4995964487489911 0.35150482680295286
0.4991935483870968 0.35150482680295286
0.49959709911361805 0.3520726859738785
0.499194847020934 0.3520726859738785
0.498793242156074 0.3520726859738785
0.4983922829581994 0.3520726859738785
0.4987951807228916 0.3526405451448041
0.49919743178170145 0.3532084043157297
0.4987971130713713 0.3532084043157297
0.4983974358974359 0.3532084043157297
0.49799839871897517 0.3532084043157297
0.4984 0.3537762634866553
0.4980015987210232 0.3537762634866553
0.4984025559105431 0.3543441226575809
0.49880287310454907 0.35491198182850653
0.4984051036682616 0.35491198182850653
0.49800796812749004 0.35491198182850653
0.49761146496815284 0.35491198182850653
0.4972155926809865 0.35491198182850653
0.4968203497615262 0.35491198182850653
0.4964257347100874 0.35491198182850653
0.49603174603174605 0.35491198182850653
0.4964314036478985 0.35547984099943214
0.4960380348652932 0.35547984099943214
0.49643705463182897 0.35604770017035775
0.49604430379746833 0.35604770017035775
0.4956521739130435 0.35604770017035775
0.495260663507109 0.35604770017035775
0.4956590370955012 0.35661555934128336
0.4960567823343849 0.35718341851220897
0.49566587864460204 0.35718341851220897
0.4952755905511811 0.35718341851220897
0.4956726986624705 0.3577512776831346
0.49528301886792453 0.3577512776831346
0.4956794972505892 0.3583191368540602
0.49529042386185246 0.3583191368540602
0.4956862745098039 0.3588869960249858
0.4952978056426332 0.3588869960249858
0.49490994518402504 0.3588869960249858
0.4945226917057903 0.3588869960249858
0.4941360437842064 0.3588869960249858
0.49375 0.3588869960249858
0.4933645589383294 0.3588869960249858
0.49375975039001563 0.3594548551959114
0.49415432579890883 0.360022714366837
0.4937694704049844 0.360022714366837
0.4933852140077821 0.360022714366837
0.49300155520995337 0.360022714366837
0.4926184926184926 0.360022714366837
0.4922360248447205 0.360022714366837
0.4918541505042669 0.360022714366837
0.49224806201550386 0.36059057353776264
0.4918667699457785 0.36059057353776264
0.4914860681114551 0.36059057353776264
0.4911059551430781 0.36059057353776264
0.490726429675425 0.36059057353776264
0.49034749034749037 0.36059057353776264
0.48996913580246915 0.36059057353776264
0.48959136468774095 0.36059057353776264
0.48921417565485364 0.36059057353776264
0.4888375673595073 0.36059057353776264
0.48846153846153845 0.36059057353776264
0.4880860876249039 0.36059057353776264
0.48847926267281105 0.36115843270868825
0.48810437452033767 0.36115843270868825
0.48773006134969327 0.36115843270868825
0.48735632183908045 0.36115843270868825
0.4869831546707504 0.36115843270868825
0.486610558530987 0.36115843270868825
0.48623853211009177 0.36115843270868825
0.48586707410236823 0.36115843270868825
0.4862595419847328 0.36172629187961386
0.4858886346300534 0.36172629187961386
0.48551829268292684 0.36172629187961386
0.48514851485148514 0.36172629187961386
0.4855403348554033 0.36229415105053947
0.48517110266159696 0.36229415105053947
0.4848024316109423 0.36229415105053947
0.4844343204252088 0.36229415105053947
0.48406676783004554 0.36229415105053947
0.4844579226686884 0.3628620102214651
0.48409090909090907 0.3628620102214651
0.4837244511733535 0.3628620102214651
0.4833585476550681 0.3628620102214651
0.4837490551776266 0.3634298693923907
0.48413897280966767 0.3639977285633163
0.48377358490566036 0.3639977285633163
0.48340874811463047 0.3639977285633163
0.48304446119065564 0.3639977285633163
0.48268072289156627 0.3639977285633163
0.4823175319789315 0.3639977285633163
0.48195488721804514 0.3639977285633163
0.48159278737791134 0.3639977285633163
0.48123123123123124 0.3639977285633163
0.4808702175543886 0.3639977285633163
0.48050974512743627 0.3639977285633163
0.48089887640449436 0.3645655877342419
0.4812874251497006 0.3651334469051675
0.4816753926701571 0.36570130607609314
0.4813153961136024 0.36570130607609314
0.4817027632561613 0.36626916524701875
0.48208955223880595 0.36683702441794436
0.482475764354959 0.36740488358886997
0.4828614008941878 0.3679727427597956
0.4825018615040953 0.3679727427597956
0.48214285714285715 0.3679727427597956
0.4817843866171004 0.3679727427597956
0.4814264487369985 0.3679727427597956
0.48106904231625836 0.3679727427597956
0.4807121661721068 0.3679727427597956
0.48035581912527797 0.3679727427597956
0.48 0.3679727427597956
0.47964470762398226 0.3679727427597956
0.47928994082840237 0.3679727427597956
0.4789356984478936 0.3679727427597956
0.47858197932053176 0.3679727427597956
0.4789667896678967 0.3685406019307212
0.4786135693215339 0.3685406019307212
0.4782608695652174 0.3685406019307212
0.4786450662739323 0.3691084611016468
0.47902869757174393 0.3696763202725724
0.47941176470588237 0.370244179443498
0.47979426891991184 0.37081203861442363
0.47944199706314244 0.37081203861442363
0.4798239178283199 0.37137989778534924
0.47947214076246336 0.37137989778534924
0.47985347985347987 0.37194775695627486
0.479502196193265 0.37194775695627486
0.479151426481346 0.37194775695627486
0.4788011695906433 0.37194775695627486
0.4784514243973703 0.37194775695627486
0.4781021897810219 0.37194775695627486
0.4777534646243618 0.37194775695627486
0.4774052478134111 0.37194775695627486
0.47778587035688275 0.37251561612720047
0.4781659388646288 0.3730834752981261
0.4778181818181818 0.3730834752981261
0.47819767441860467 0.3736513344690517
0.47785039941902685 0.3736513344690517
0.47750362844702465 0.3736513344690517
0.47788252356780275 0.3742191936399773
0.47753623188405797 0.3742191936399773
0.47719044170890657 0.3742191936399773
0.4768451519536903 0.3742191936399773
0.4765003615328995 0.3742191936399773
0.4761560693641618 0.3742191936399773
0.47581227436823104 0.3742191936399773
0.4754689754689755 0.3742191936399773
0.47512617159336695 0.3742191936399773
0.47478386167146974 0.3742191936399773
0.4744420446364291 0.3742191936399773
0.4748201438848921 0.3747870528109029
0.4744787922358016 0.3747870528109029
0.47413793103448276 0.3747870528109029
0.4745154343144293 0.3753549119818285
0.4748923959827834 0.37592277115275413
0.4745519713261649 0.37592277115275413
0.47421203438395415 0.37592277115275413
0.47458840372226196 0.37649063032367974
0.4742489270386266 0.37649063032367974
0.4739099356683345 0.37649063032367974
0.4735714285714286 0.37649063032367974
0.4732334047109208 0.37649063032367974
0.47360912981455067 0.37705848949460535
0.47327156094084105 0.37705848949460535
0.47364672364672367 0.37762634866553096
0.4740213523131673 0.3781942078364566
0.47368421052631576 0.3781942078364566
0.47334754797441364 0.3781942078364566
0.4737215909090909 0.3787620670073822
0.47338537970191624 0.3787620670073822
0.47304964539007094 0.3787620670073822
0.4727143869596031 0.3787620670073822
0.4730878186968839 0.3793299261783078
0.4734607218683652 0.3798977853492334
0.47312588401697314 0.3798977853492334
0.472791519434629 0.3798977853492334
0.4724576271186441 0.3798977853492334
0.4721242060691602 0.3798977853492334
0.4717912552891396 0.3798977853492334
0.47216349541930935 0.380465644520159
0.47183098591549294 0.380465644520159
0.47149894440534834 0.380465644520159
0.4711673699015471 0.380465644520159
0.4715390021082221 0.38103350369108463
0.47191011235955055 0.38160136286201024
0.47157894736842104 0.38160136286201024
0.47124824684431976 0.38160136286201024
0.47091800981079185 0.38160136286201024
0.47058823529411764 0.38160136286201024
0.470258922323303 0.38160136286201024
0.4699300699300699 0.38160136286201024
0.469601677148847 0.38160136286201024
0.46997206703910616 0.38216922203293585
0.4703419399860433 0.38273708120386146
0.4707112970711297 0.3833049403747871
0.4710801393728223 0.3838727995457127
0.47075208913649025 0.3838727995457127
0.4704244954766875 0.3838727995457127
0.47079276773296247 0.3844406587166383
0.47046560111188324 0.3844406587166383
0.4708333333333333 0.3850085178875639
0.47050659264399725 0.3850085178875639
0.47018030513176146 0.3850085178875639
0.4698544698544699 0.3850085178875639
0.47022160664819945 0.3855763770584895
0.4698961937716263 0.3855763770584895
0.46957123098201936 0.3855763770584895
0.469937802349689 0.3861442362294151
0.4696132596685083 0.3861442362294151
0.4692891649413389 0.3861442362294151
0.4689655172413793 0.3861442362294151
0.4693314955203308 0.38671209540034074
0.4690082644628099 0.38671209540034074
0.46937370956641433 0.38727995457126635
0.469050894085282 0.38727995457126635
0.46872852233676976 0.38727995457126635
0.4684065934065934 0.38727995457126635
0.46808510638297873 0.38727995457126635
0.46776406035665297 0.38727995457126635
0.4674434544208362 0.38727995457126635
0.4671232876712329 0.38727995457126635
0.4668035592060233 0.38727995457126635
0.466484268125855 0.38727995457126635
0.46684894053315107 0.38784781374219196
0.46653005464480873 0.38784781374219196
0.4668941979522184 0.38841567291311757
0.4665757162346521 0.38841567291311757
0.4669393319700068 0.3889835320840432
0.4673024523160763 0.3895513912549688
0.46698434309053777 0.3895513912549688
0.4666666666666667 0.3895513912549688
0.4663494221617947 0.3895513912549688
0.46671195652173914 0.3901192504258944
0.4663951120162933 0.3901192504258944
0.466078697421981 0.3901192504258944
0.46576271186440676 0.3901192504258944
0.46612466124661245 0.39068710959682
0.4664861205145565 0.3912549687677456
0.46617050067659 0.3912549687677456
0.4665314401622718 0.39182282793867124
0.46621621621621623 0.39182282793867124
0.4659014179608373 0.39182282793867124
0.46558704453441296 0.39182282793867124
0.4659474039109912 0.39239068710959685
0.46630727762803237 0.3929585462805224
0.465993265993266 0.3929585462805224
0.46567967698519513 0.3929585462805224
0.4660390047074647 0.393526405451448
0.4657258064516129 0.393526405451448
0.46608462055070515 0.3940942646223736
0.4657718120805369 0.3940942646223736
0.466130114017438 0.39466212379329924
0.46581769436997317 0.39466212379329924
0.4655056932350971 0.39466212379329924
0.46586345381526106 0.39522998296422485
0.46555183946488293 0.39522998296422485
0.4659090909090909 0.39579784213515046
0.46559786239144957 0.39579784213515046
0.4652870493991989 0.39579784213515046
0.46497665110073383 0.39579784213515046
0.4653333333333333 0.39636570130607607
0.46502331778814127 0.39636570130607607
0.46537949400798934 0.3969335604770017
0.46506986027944114 0.3969335604770017
0.46476063829787234 0.3969335604770017
0.46445182724252493 0.3969335604770017
0.4641434262948207 0.3969335604770017
0.46383543463835436 0.3969335604770017
0.46419098143236076 0.3975014196479273
0.464546056991385 0.3980692788188529
0.4642384105960265 0.3980692788188529
0.46459298477829253 0.3986371379897785
0.4642857142857143 0.3986371379897785
0.4639788499669531 0.3986371379897785
0.46367239101717306 0.3986371379897785
0.464026402640264 0.3992049971607041
0.4637203166226913 0.3992049971607041
0.4634146341463415 0.3992049971607041
0.4631093544137022 0.3992049971607041
0.4628044766293614 0.3992049971607041
0.4625 0.3992049971607041
0.4621959237343853 0.3992049971607041
0.46254927726675427 0.39977285633162973
0.46224556795797767 0.39977285633162973
0.46194225721784776 0.39977285633162973
0.4616393442622951 0.39977285633162973
0.4619921363040629 0.40034071550255534
0.46168958742632615 0.40034071550255534
0.4620418848167539 0.40090857467348096
0.4617396991497711 0.40090857467348096
0.46143790849673205 0.40090857467348096
0.46178967994774656 0.40147643384440657
0.4614882506527415 0.40147643384440657
0.4611872146118721 0.40147643384440657
0.46088657105606257 0.40147643384440657
0.46123778501628665 0.4020442930153322
0.4609375 0.4020442930153322
0.46063760572543916 0.4020442930153322
0.4609882964889467 0.4026121521862578
0.46068875893437294 0.4026121521862578
0.461038961038961 0.4031800113571834
0.46138870863075926 0.403747870528109
0.46108949416342415 0.403747870528109
0.4607906675307842 0.403747870528109
0.46049222797927464 0.403747870528109
0.4601941747572815 0.403747870528109
0.46054333764553684 0.4043157296990346
0.4602456367162249 0.4043157296990346
0.4599483204134367 0.4043157296990346
0.4596513879922531 0.4043157296990346
0.46 0.40488358886996023
0.45970341715022567 0.40488358886996023
0.45940721649484534 0.40488358886996023
0.459111397295557 0.40488358886996023
0.4594594594594595 0.40545144804088584
0.4591639871382637 0.40545144804088584
0.45951156812339333 0.40601930721181145
0.4598587026332691 0.40658716638273706
0.4595635430038511 0.40658716638273706
0.45926876202694034 0.40658716638273706
0.4596153846153846 0.4071550255536627
0.45932094811018576 0.4071550255536627
0.45902688860435337 0.4071550255536627
0.45873320537428025 0.4071550255536627
0.4584398976982097 0.4071550255536627
0.45814696485623 0.4071550255536627
0.4578544061302682 0.4071550255536627
0.45756222080408426 0.4071550255536627
0.45790816326530615 0.4077228847245883
0.45825366475462076 0.4082907438955139
0.45796178343949046 0.4082907438955139
0.4583068109484405 0.4088586030664395
0.4586513994910941 0.4094264622373651
0.4589955499046408 0.40999432140829073
0.45870393900889456 0.40999432140829073
0.45841269841269844 0.40999432140829073
0.4581218274111675 0.40999432140829073
0.4578313253012048 0.40999432140829073
0.45754119138149557 0.40999432140829073
0.4572514249525016 0.40999432140829073
0.4569620253164557 0.40999432140829073
0.4573055028462998 0.41056218057921634
0.45701643489254107 0.41056218057921634
0.4567277321541377 0.41056218057921634
0.4564393939393939 0.41056218057921634
0.45615141955835964 0.41056218057921634
0.45649432534678436 0.41113003975014195
0.4562066792690611 0.41113003975014195
0.45591939546599497 0.41113003975014195
0.4556324732536186 0.41113003975014195
0.45534591194968554 0.41113003975014195
0.45505971087366437 0.41113003975014195
0.4547738693467337 0.41113003975014195
0.45511613308223475 0.41169789892106756
0.4548306148055207 0.41169789892106756
0.45454545454545453 0.41169789892106756
0.4542606516290727 0.41169789892106756
0.4546023794614903 0.4122657580919932
0.45431789737171463 0.4122657580919932
0.4540337711069418 0.4122657580919932
0.45375 0.4122657580919932
0.4540911930043723 0.4128336172629188
0.4544319600499376 0.4134014764338444
0.45477230193387397 0.41396933560477
0.4551122194513716 0.4145371947756956
0.45482866043613707 0.4145371947756956
0.45454545454545453 0.4145371947756956
0.4542626011200996 0.4145371947756956
0.4539800995024876 0.4145371947756956
0.4536979490366687 0.4145371947756956
0.453416149068323 0.4145371947756956
0.45313469894475483 0.4145371947756956
0.45285359801488834 0.4145371947756956
0.4531928084314941 0.4151050539466212
0.45291201982651796 0.4151050539466212
0.45263157894736844 0.4151050539466212
0.45235148514851486 0.4151050539466212
0.4520717377860235 0.4151050539466212
0.45179233621755255 0.4151050539466212
0.4515132798023471 0.4151050539466212
0.45123456790123456 0.4151050539466212
0.45157310302282544 0.41567291311754684
0.4519112207151665 0.41624077228847245
0.45163277880468267 0.41624077228847245
0.4513546798029557 0.41624077228847245
0.4510769230769231 0.41624077228847245
0.45079950799507995 0.41624077228847245
0.45113706207744314 0.41680863145939806
0.45085995085995084 0.41680863145939806
0.45058317986494784 0.41680863145939806
0.4503067484662577 0.41680863145939806
0.45003065603923975 0.41680863145939806
0.4497549019607843 0.41680863145939806
0.449479485609308 0.41680863145939806
0.44920440636474906 0.41680863145939806
0.4489296636085627 0.41680863145939806
0.44865525672371637 0.41680863145939806
0.4483811850946854 0.41680863145939806
0.4481074481074481 0.41680863145939806
0.4478340451494814 0.41680863145939806
0.4475609756097561 0.41680863145939806
0.44789762340036565 0.41737649063032367
0.4476248477466504 0.41737649063032367
0.44796104686548993 0.4179443498012493
0.44768856447688565 0.4179443498012493
0.4474164133738602 0.4179443498012493
0.44775212636695016 0.4185122089721749
0.4474802671523983 0.4185122089721749
0.44720873786407767 0.4185122089721749
0.44693753790175866 0.4185122089721749
0.44666666666666666 0.4185122089721749
0.4463961235614779 0.4185122089721749
0.4467312348668281 0.4190800681431005
0.4470659407138536 0.4196479273140261
0.4467956469165659 0.4196479273140261
0.4471299093655589 0.4202157864849517
0.4468599033816425 0.4202157864849517
0.44659022329511167 0.4202157864849517
0.44632086851628466 0.4202157864849517
0.44665461121157324 0.42078364565587734
0.4463855421686747 0.42078364565587734
0.4461167971101746 0.42078364565587734
0.44584837545126355 0.42078364565587734
0.4455802766085388 0.42078364565587734
0.4453125 0.42078364565587734
0.4456456456456456 0.42135150482680295
0.44537815126050423 0.42135150482680295
0.44571085782843434 0.42191936399772856
0.44544364508393286 0.42191936399772856
0.445176752546435 0.42191936399772856
0.44491017964071855 0.42191936399772856
0.4446439257929384 0.42191936399772856
0.444377990430622 0.42191936399772856
0.4447101016138673 0.42248722316865417
0.4444444444444444 0.42248722316865417
0.44417910447761194 0.42248722316865417
0.4439140811455847 0.42248722316865417
0.44364937388193204 0.42248722316865417
0.4433849821215733 0.42248722316865417
0.44312090530077425 0.42248722316865417
0.44285714285714284 0.42248722316865417
0.44259369422962525 0.42248722316865417
0.4423305588585018 0.42248722316865417
0.44206773618538325 0.42248722316865417
0.4418052256532066 0.42248722316865417
0.44154302670623147 0.42248722316865417
0.44187425860023727 0.4230550823395798
0.44161232957913454 0.4230550823395798
0.44135071090047395 0.4230550823395798
0.44108940201302543 0.4230550823395798
0.4408284023668639 0.4230550823395798
0.44056771141336487 0.4230550823395798
0.44030732860520094 0.4230550823395798
0.4400472533963379 0.4230550823395798
0.4397874852420307 0.4230550823395798
0.43952802359882004 0.4230550823395798
0.4392688679245283 0.4230550823395798
0.43901001767825576 0.4230550823395798
0.4387514723203769 0.4230550823395798
0.4384932313125368 0.4230550823395798
0.43823529411764706 0.4230550823395798
0.43797766019988243 0.4230550823395798
0.43772032902467684 0.4230550823395798
0.4374633000587199 0.4230550823395798
0.43720657276995306 0.4230550823395798
0.436950146627566 0.4230550823395798
0.4372801875732708 0.4236229415105054
0.4370240187463386 0.4236229415105054
0.43676814988290397 0.4236229415105054
0.43651258045640723 0.4236229415105054
0.43625730994152045 0.4236229415105054
0.43600233781414377 0.4236229415105054
0.43633177570093457 0.424190800681431
0.436077057793345 0.424190800681431
0.43582263710618435 0.424190800681431
0.43556851311953354 0.424190800681431
0.4353146853146853 0.424190800681431
0.43506115317414096 0.424190800681431
0.4348079161816065 0.424190800681431
0.43455497382198954 0.424190800681431
0.43430232558139537 0.424190800681431
0.4340499709471238 0.424190800681431
0.4337979094076655 0.424190800681431
0.4335461404526988 0.424190800681431
0.4332946635730858 0.424190800681431
0.4336231884057971 0.4247586598523566
0.43337195828505215 0.4247586598523566
0.43312101910828027 0.4247586598523566
0.43287037037037035 0.4247586598523566
0.4331983805668016 0.4253265190232822
0.4329479768786127 0.4253265190232822
0.43269786250722125 0.4253265190232822
0.4330254041570439 0.42589437819420783
0.4333525678015003 0.42646223736513345
0.4331026528258362 0.42646223736513345
0.4334293948126801 0.42703009653605906
0.43317972350230416 0.42703009653605906
0.43293033966609096 0.42703009653605906
0.4326812428078251 0.42703009653605906
0.43243243243243246 0.42703009653605906
0.432183908045977 0.42703009653605906
0.4319356691556577 0.42703009653605906
0.4316877152698048 0.42703009653605906
0.4314400458978772 0.42703009653605906
0.43119266055045874 0.42703009653605906
0.4315186246418338 0.42759795570698467
0.43127147766323026 0.42759795570698467
0.4310246136233543 0.42759795570698467
0.43077803203661325 0.42759795570698467
0.4305317324185249 0.42759795570698467
0.43028571428571427 0.42759795570698467
0.4300399771559109 0.42759795570698467
0.4297945205479452 0.42759795570698467
0.4295493439817456 0.42759795570698467
0.42930444697833525 0.42759795570698467
0.42905982905982903 0.42759795570698467
0.4293849658314351 0.4281658148779103
0.42914058053500287 0.4281658148779103
0.42946530147895334 0.4287336740488359
0.4292211483797612 0.4287336740488359
0.4289772727272727 0.4287336740488359
0.4287336740488359 0.4287336740488359
0.4284903518728717 0.4287336740488359
0.42824730572887126 0.4287336740488359
0.4280045351473923 0.4287336740488359
0.42776203966005666 0.4287336740488359
0.42808607021517553 0.4293015332197615
0.42784380305602715 0.4293015332197615
0.4276018099547511 0.4293015332197615
0.42736009044657997 0.4293015332197615
0.4271186440677966 0.4293015332197615
0.4268774703557312 0.4293015332197615
0.42663656884875845 0.4293015332197615
0.4263959390862944 0.4293015332197615
0.42615558060879366 0.4293015332197615
0.4264788732394366 0.4298693923906871
0.42623873873873874 0.4298693923906871
0.42599887450759705 0.4298693923906871
0.4263217097862767 0.4304372515616127
0.42608206857785275 0.4304372515616127
0.4258426966292135 0.4304372515616127
0.42560359348680515 0.4304372515616127
0.42536475869809204 0.4304372515616127
0.42568704430734716 0.43100511073253833
0.4254484304932735 0.43100511073253833
0.4257703081232493 0.43157296990346394
0.425531914893617 0.43157296990346394
0.4252937884722999 0.43157296990346394
0.4250559284116331 0.43157296990346394
0.42481833426495247 0.43157296990346394
0.4245810055865922 0.43157296990346394
0.4249022892238973 0.43214082907438955
0.42466517857142855 0.43214082907438955
0.4244283324037925 0.43214082907438955
0.4241917502787068 0.43214082907438955
0.42395543175487466 0.43214082907438955
0.4237193763919822 0.43214082907438955
0.4234835837506956 0.43214082907438955
0.42324805339265853 0.43214082907438955
0.42301278488048916 0.43214082907438955
0.42277777777777775 0.43214082907438955
0.42254303164908386 0.43214082907438955
0.4223085460599334 0.43214082907438955
0.42207432057681643 0.43214082907438955
0.421840354767184 0.43214082907438955
0.421606648199446 0.43214082907438955
0.4213732004429679 0.43214082907438955
0.4216934144991699 0.43270868824531517
0.42146017699115046 0.43270868824531517
0.42122719734660036 0.43270868824531517
0.42099447513812155 0.43270868824531517
0.42076200993926005 0.43270868824531517
0.4205298013245033 0.43270868824531517
0.42029784886927746 0.43270868824531517
0.42061742006615216 0.4332765474162408
0.4203856749311295 0.4332765474162408
0.42015418502202645 0.4332765474162408
0.41992294991744633 0.4332765474162408
0.42024202420242024 0.4338444065871664
0.4205607476635514 0.434412265758092
0.4208791208791209 0.4349801249290176
0.42064799560680943 0.4349801249290176
0.42041712403951703 0.4349801249290176
0.4201865057597367 0.4349801249290176
0.4205043859649123 0.4355479840999432
0.42027397260273974 0.4355479840999432
0.42004381161007665 0.4355479840999432
0.41981390257252327 0.4355479840999432
0.4195842450765864 0.4355479840999432
0.41935483870967744 0.4355479840999432
0.419672131147541 0.43611584327086883
0.4199890770070999 0.43668370244179444
0.41975982532751094 0.43668370244179444
0.42007637752318605 0.43725156161272005
0.4198473282442748 0.43725156161272005
0.4196185286103542 0.43725156161272005
0.41938997821350765 0.43725156161272005
0.41916167664670656 0.43725156161272005
0.41893362350380847 0.43725156161272005
0.4187058183795541 0.43725156161272005
0.4190217391304348 0.43781942078364566
0.418794133623031 0.43781942078364566
0.4185667752442997 0.43781942078364566
0.4183396635919696 0.43781942078364566
0.4181127982646421 0.43781942078364566
0.41788617886178864 0.43781942078364566
0.41765980498374866 0.43781942078364566
0.4174336762317271 0.43781942078364566
0.4172077922077922 0.43781942078364566
0.4169821525148729 0.43781942078364566
0.4167567567567568 0.43781942078364566
0.4165316045380875 0.43781942078364566
0.41630669546436283 0.43781942078364566
0.416082029141932 0.43781942078364566
0.41585760517799353 0.43781942078364566
0.415633423180593 0.43781942078364566
0.41540948275862066 0.43781942078364566
0.41518578352180935 0.43781942078364566
0.4155005382131324 0.4383872799545713
0.41581495427649273 0.4389551391254969
0.4161290322580645 0.4395229982964225
0.415905427189683 0.4395229982964225
0.41568206229860366 0.4395229982964225
0.41545893719806765 0.4395229982964225
0.41523605150214593 0.4395229982964225
0.4150134048257373 0.4395229982964225
0.41479099678456594 0.4395229982964225
0.41456882699517944 0.4395229982964225
0.4143468950749465 0.4395229982964225
0.41412520064205455 0.4395229982964225
0.413903743315508 0.4395229982964225
0.4136825227151256 0.4395229982964225
0.41399572649572647 0.4400908574673481
0.41377469300587294 0.4400908574673481
0.41355389541088583 0.4400908574673481
0.41333333333333333 0.4400908574673481
0.4136460554371002 0.4406587166382737
0.4139584443260522 0.44122657580919933
0.41373801916932906 0.44122657580919933
0.41351782863225117 0.44122657580919933
0.41329787234042553 0.44122657580919933
0.4130781499202552 0.44122657580919933
0.4128586609989373 0.44122657580919933
0.41263940520446096 0.44122657580919933
0.4124203821656051 0.44122657580919933
0.41220159151193636 0.44122657580919933
0.41251325556733826 0.44179443498012494
0.4122946475887652 0.44179443498012494
0.4120762711864407 0.44179443498012494
0.4118581259925887 0.44179443498012494
0.41164021164021164 0.44179443498012494
0.4114225277630883 0.44179443498012494
0.41120507399577166 0.44179443498012494
0.4109878499735869 0.44179443498012494
0.41077085533262936 0.44179443498012494
0.41108179419525065 0.44236229415105055
0.4108649789029536 0.44236229415105055
0.4106483921982077 0.44236229415105055
0.41043203371970494 0.44236229415105055
0.41021590310689837 0.44236229415105055
0.4105263157894737 0.44293015332197616
0.4103103629668595 0.44293015332197616
0.41009463722397477 0.44293015332197616
0.4098791382028376 0.44293015332197616
0.4096638655462185 0.44293015332197616
0.4094488188976378 0.44293015332197616
0.4092339979013641 0.44293015332197616
0.4090194022024122 0.44293015332197616
0.4088050314465409 0.44293015332197616
0.40911471974855945 0.44349801249290177
0.40890052356020945 0.44349801249290177
0.4086865515436944 0.44349801249290177
0.4084728033472803 0.44349801249290177
0.40825927861996864 0.44349801249290177
0.40804597701149425 0.44349801249290177
0.40783289817232377 0.44349801249290177
0.40762004175365346 0.44349801249290177
0.4074074074074074 0.44349801249290177
0.40719499478623566 0.44349801249290177
0.40698280354351224 0.44349801249290177
0.40677083333333336 0.44349801249290177
0.40707964601769914 0.4440658716638274
0.4068678459937565 0.4440658716638274
0.40665626625065004 0.4440658716638274
0.40644490644490644 0.4440658716638274
0.4062337662337662 0.4440658716638274
0.40602284527518173 0.4440658716638274
0.4058121432278153 0.4440658716638274
0.40612033195020747 0.444633730834753
0.4059097978227061 0.444633730834753
0.405699481865285 0.444633730834753
0.4060072501294666 0.4452015900056786
0.4057971014492754 0.4452015900056786
0.40558717020175894 0.4452015900056786
0.40537745604963804 0.4452015900056786
0.40568475452196384 0.4457694491766042
0.40547520661157027 0.4457694491766042
0.40526587506453277 0.4457694491766042
0.40505675954592363 0.4457694491766042
0.40484785972150594 0.4457694491766042
0.40463917525773196 0.4457694491766042
0.40443070582174134 0.4457694491766042
0.4042224510813594 0.4457694491766042
0.4040144107050952 0.4457694491766042
0.404320987654321 0.4463373083475298
0.4041131105398458 0.4463373083475298
0.4039054470709147 0.4463373083475298
0.4036979969183359 0.4463373083475298
0.4040041067761807 0.44690516751845544
0.40379681888147767 0.44690516751845544
0.4041025641025641 0.44747302668938105
0.40389543823680163 0.44747302668938105
0.4036885245901639 0.44747302668938105
0.40348182283666156 0.44747302668938105
0.4032753326509724 0.44747302668938105
0.40358056265984654 0.44804088586030666
0.40337423312883436 0.44804088586030666
0.40316811446090955 0.44804088586030666
0.40296220633299284 0.44804088586030666
0.4032669729453803 0.44860874503123227
0.4030612244897959 0.44860874503123227
0.4028556858745538 0.44860874503123227
0.4026503567787971 0.44860874503123227
0.402445236882323 0.44860874503123227
0.40224032586558045 0.44860874503123227
0.4020356234096692 0.44860874503123227
0.40183112919633773 0.44860874503123227
0.4016268429079817 0.44860874503123227
0.4014227642276423 0.44860874503123227
0.4012188928390046 0.44860874503123227
0.4010152284263959 0.44860874503123227
0.40081177067478435 0.44860874503123227
0.40060851926977686 0.44860874503123227
0.40091231626964013 0.4491766042021579
0.40070921985815605 0.4491766042021579
0.40050632911392403 0.4491766042021579
0.40030364372469635 0.4491766042021579
0.40010116337885687 0.4491766042021579
0.3998988877654196 0.4491766042021579
0.3996968165740273 0.4491766042021579
0.3994949494949495 0.4491766042021579
0.3992932862190813 0.4491766042021579
0.39959636730575177 0.4497444633730835
0.39939485627836613 0.4497444633730835
0.3996975806451613 0.4503123225440091
0.3994962216624685 0.4503123225440091
0.3992950654582075 0.4503123225440091
0.39909411172622045 0.4503123225440091
0.39889336016096577 0.4503123225440091
0.39869281045751637 0.4503123225440091
0.39899497487437185 0.4508801817149347
0.3987945755901557 0.4508801817149347
0.3985943775100402 0.4508801817149347
0.39839438033115904 0.4508801817149347
0.3981945837512538 0.4508801817149347
0.39849624060150374 0.4514480408858603
0.3982965931863727 0.4514480408858603
0.39809714571857785 0.4514480408858603
0.3983983983983984 0.45201590005678594
0.3981990995497749 0.45201590005678594
0.398 0.45201590005678594
0.39780109945027486 0.45201590005678594
0.39760239760239763 0.45201590005678594
0.3979031452820769 0.45258375922771155
0.3977045908183633 0.45258375922771155
0.3975062344139651 0.45258375922771155
0.39730807577268196 0.45258375922771155
0.39711011459890383 0.45258375922771155
0.39691235059760954 0.45258375922771155
0.39671478347436534 0.45258375922771155
0.3965174129353234 0.45258375922771155
0.39632023868722027 0.45258375922771155
0.3961232604373757 0.45258375922771155
0.395926477893691 0.45258375922771155
0.3957298907646475 0.45258375922771155
0.3955334987593052 0.45258375922771155
0.39533730158730157 0.45258375922771155
0.39514129895884975 0.45258375922771155
0.39544103072348863 0.45315161839863716
0.3952451708766716 0.45315161839863716
0.39504950495049507 0.45315161839863716
0.39485403265710045 0.45315161839863716
0.39465875370919884 0.45315161839863716
0.3944636678200692 0.45315161839863716
0.3942687747035573 0.45315161839863716
0.3940740740740741 0.45315161839863716
0.39387956564659427 0.45315161839863716
0.39368524913665515 0.45315161839863716
0.39349112426035504 0.45315161839863716
0.3932971907343519 0.45315161839863716
0.3931034482758621 0.45315161839863716
0.3929098966026588 0.45315161839863716
0.3927165354330709 0.45315161839863716
0.3925233644859813 0.45315161839863716
0.39233038348082594 0.45315161839863716
0.39213759213759214 0.45315161839863716
0.3919449901768173 0.45315161839863716
0.3917525773195876 0.45315161839863716
0.39205103042198236 0.45371947756956277
0.3918587542913193 0.45371947756956277
0.39215686274509803 0.4542873367404884
0.39196472317491426 0.4542873367404884
0.3917727717923604 0.4542873367404884
0.39158100832109644 0.4542873367404884
0.3913894324853229 0.4542873367404884
0.39119804400978 0.4542873367404884
0.39100684261974583 0.4542873367404884
0.39081582804103565 0.4542873367404884
0.390625 0.4542873367404884
0.3904343582235237 0.4542873367404884
0.3902439024390244 0.4542873367404884
0.3900536323744515 0.4542873367404884
0.3898635477582846 0.4542873367404884
0.3896736483195324 0.4542873367404884
0.3894839337877313 0.4542873367404884
0.38929440389294406 0.4542873367404884
0.38910505836575876 0.4542873367404884
0.3889158969372873 0.4542873367404884
0.38872691933916426 0.4542873367404884
0.38902379796017483 0.454855195911414
0.38932038834951455 0.4554230550823396
0.3891314895681708 0.4554230550823396
0.3889427740058196 0.4554230550823396
0.3887542413960252 0.4554230550823396
0.38856589147286824 0.4554230550823396
0.38837772397094433 0.4554230550823396
0.38818973862536305 0.4554230550823396
0.3884857281083696 0.4559909142532652
0.38878143133462284 0.4565587734241908
0.38859352344127596 0.4565587734241908
0.3884057971014493 0.4565587734241908
0.3882182520521487 0.4565587734241908
0.38803088803088803 0.4565587734241908
0.3878437047756874 0.4565587734241908
0.3876567020250723 0.4565587734241908
0.38746987951807227 0.4565587734241908
0.3872832369942196 0.4565587734241908
0.3870967741935484 0.4565587734241908
0.3869104908565929 0.4565587734241908
0.38672438672438675 0.4565587734241908
0.3870192307692308 0.45712663259511643
0.38731379144642 0.45769449176604204
0.38760806916426516 0.45826235093696766
0.3874219875180029 0.45826235093696766
0.387236084452975 0.45826235093696766
0.38705035971223023 0.45826235093696766
0.38734419942473636 0.45883021010789327
0.38763775754671775 0.4593980692788189
0.3874521072796935 0.4593980692788189
0.38726663475347056 0.4593980692788189
0.3875598086124402 0.4599659284497445
0.38737446197991393 0.4599659284497445
0.38718929254302104 0.4599659284497445
0.3870043000477783 0.4599659284497445
0.3868194842406877 0.4599659284497445
0.38663484486873506 0.4599659284497445
0.38645038167938933 0.4599659284497445
0.38626609442060084 0.4599659284497445
0.38608198284080075 0.4599659284497445
0.3858980466888995 0.4599659284497445
0.38571428571428573 0.4599659284497445
0.3855306996668253 0.4599659284497445
0.38534728829686016 0.4599659284497445
0.38516405135520687 0.4599659284497445
0.3849809885931559 0.4599659284497445
0.3847980997624703 0.4599659284497445
0.38461538461538464 0.4599659284497445
0.3844328429046037 0.4599659284497445
0.38425047438330173 0.4599659284497445
0.3840682788051209 0.4599659284497445
0.38436018957345974 0.4605337876206701
0.38417811463761253 0.4605337876206701
0.3839962121212121 0.4605337876206701
0.3838144817794605 0.4605337876206701
0.3836329233680227 0.4605337876206701
0.383451536643026 0.4605337876206701
0.3832703213610586 0.4605337876206701
0.3835616438356164 0.4611016467915957
0.3833805476864967 0.4611016467915957
0.38319962246342615 0.4611016467915957
0.38301886792452833 0.4611016467915957
0.38283828382838286 0.4611016467915957
0.38312912346842604 0.4616695059625213
0.3829486575600565 0.4616695059625213
0.3827683615819209 0.4616695059625213
0.3825882352941177 0.4616695059625213
0.38287864534336785 0.46223736513344693
0.382698636577339 0.46223736513344693
0.3825187969924812 0.46223736513344693
0.38233912635039924 0.46223736513344693
0.38215962441314555 0.46223736513344693
