26205 29 0.9956564903259277
73076 28 0.9953115582466125
29577 48 0.995303750038147
32681 29 0.9952952265739441
37605 48 0.995280921459198
29414 48 0.995148241519928
65399 48 0.99498051404953
81360 29 0.9948853850364685
11324 48 0.9942308664321899
62788 48 0.994014322757721
11578 48 0.9938753247261047
11557 48 0.9936834573745728
61478 48 0.9934698343276978
37799 48 0.9929534792900085
54292 48 0.9924263954162598
67879 29 0.9923614263534546
22278 48 0.9914727210998535
22252 48 0.9909070730209351
54112 48 0.9900311231613159
67979 28 0.9899507164955139
11564 48 0.9898689985275269
50386 29 0.9886977672576904
24993 29 0.9884406328201294
79219 28 0.9881195425987244
65377 48 0.9876952171325684
30842 48 0.9876936674118042
69911 29 0.9876250624656677
63621 28 0.9874743223190308
54236 48 0.9870489239692688
83995 48 0.9869950413703918
48854 48 0.9867265224456787
32692 29 0.9864409565925598
20693 28 0.9859043955802917
44556 29 0.9856680631637573
31066 48 0.9855469465255737
76434 48 0.9855126738548279
80518 48 0.9853863716125488
76409 48 0.9853630065917969
45885 28 0.984951913356781
11664 48 0.9847517609596252
76133 29 0.9843285083770752
19223 29 0.9842352867126465
54156 48 0.9841521978378296
47958 28 0.9840646386146545
22193 48 0.983753502368927
81183 48 0.9837254881858826
6129 48 0.9835794568061829
37016 48 0.9831957221031189
74743 28 0.9830513000488281
57534 28 0.982857346534729
71396 29 0.9826427698135376
77038 48 0.9825561046600342
15551 48 0.9825259447097778
34427 28 0.9824774861335754
37015 48 0.9823049306869507
32816 29 0.981692910194397
11635 48 0.9815505743026733
60583 28 0.9813867211341858
59226 48 0.9813481569290161
15406 48 0.9811028838157654
37810 48 0.9806258678436279
11330 48 0.9803274273872375
59771 48 0.9801414012908936
69330 29 0.9800986051559448
67953 28 0.9793699383735657
61067 28 0.9793459177017212
82400 48 0.9792928695678711
48144 29 0.9790142178535461
55432 48 0.9789322018623352
77468 28 0.9787604212760925
11368 48 0.9786950945854187
30874 48 0.9786721467971802
27116 29 0.9786353707313538
11724 48 0.9784820675849915
11660 48 0.9783453345298767
74162 48 0.978300154209137
7689 48 0.9782587885856628
54260 48 0.9780696630477905
53403 48 0.9779477715492249
7698 48 0.9772769212722778
31100 48 0.9766880869865417
42453 48 0.9761306643486023
38440 28 0.9760988354682922
75627 48 0.9760292172431946
75131 48 0.9754186272621155
26316 29 0.9746964573860168
65371 48 0.9745502471923828
65509 28 0.9744319319725037
54225 48 0.973834216594696
17293 28 0.9736575484275818
33355 28 0.9735503196716309
2386 48 0.9734083414077759
87495 48 0.9732900857925415
62842 48 0.9729582667350769
63294 48 0.9726846814155579
68402 48 0.9726648330688477
56749 48 0.9720556735992432
29504 48 0.9719127416610718
29624 48 0.9714046120643616
73747 48 0.9713075160980225
22145 48 0.970949649810791
51923 48 0.9705979228019714
27683 29 0.9700035452842712
22339 48 0.9697736501693726
7501 48 0.9697650074958801
80290 28 0.9690999984741211
87639 48 0.9690358638763428
2427 48 0.9684239029884338
52207 48 0.968414843082428
38897 29 0.9681795835494995
54278 48 0.9681573510169983
15603 48 0.9678201079368591
80555 48 0.9675653576850891
29648 48 0.9675409197807312
58227 48 0.9671300053596497
67100 28 0.9671211838722229
38612 48 0.9667678475379944
67670 28 0.9665035605430603
11643 48 0.9663160443305969
74296 48 0.9661706686019897
7798 48 0.9656476378440857
22441 29 0.9655412435531616
52747 28 0.9644716382026672
30469 28 0.9644201993942261
85949 48 0.9643851518630981
11473 48 0.9642397165298462
1645 48 0.9636572003364563
58344 48 0.962967038154602
75270 48 0.9627174735069275
37185 48 0.9625192880630493
48907 48 0.9624788761138916
78631 48 0.9612007141113281
29542 48 0.961200475692749
74196 48 0.9609602093696594
62607 28 0.9605767130851746
1938 48 0.9603686332702637
7591 48 0.9603387713432312
11278 48 0.9603145718574524
18509 29 0.9602722525596619
54329 28 0.9601839780807495
7724 48 0.9599764347076416
65525 28 0.959821879863739
36790 28 0.9593498706817627
34615 28 0.9591618776321411
79247 28 0.9590696096420288
80135 28 0.9589384198188782
1644 48 0.9583352208137512
19686 28 0.9579793810844421
38630 48 0.9577409625053406
6881 28 0.9576924443244934
6335 48 0.9576142430305481
93599 48 0.9573560953140259
35054 28 0.9571378827095032
76509 48 0.9560922384262085
15476 48 0.9560047388076782
65307 48 0.9554861783981323
30855 48 0.9553093910217285
77662 29 0.9547333717346191
60181 48 0.9536257386207581
11808 48 0.9536036252975464
10385 29 0.9532736539840698
74281 48 0.953148365020752
11281 48 0.9531106352806091
66204 48 0.9529192447662354
65534 28 0.9526558518409729
11300 48 0.9526179432868958
77689 28 0.9517601132392883
19149 28 0.9516952037811279
31806 28 0.9514487981796265
54814 48 0.951336681842804
56325 28 0.9510994553565979
34594 29 0.9509129524230957
52669 28 0.9500466585159302
59728 48 0.9497442841529846
11341 48 0.9495688676834106
27362 28 0.9494215846061707
26200 28 0.9493325352668762
79826 48 0.9492204189300537
64106 29 0.9486905932426453
46704 28 0.9484427571296692
20963 28 0.9472768306732178
65921 48 0.9469711184501648
36998 48 0.9465141892433167
15577 48 0.9464762806892395
7526 48 0.9463639855384827
50825 48 0.9461382031440735
41849 28 0.9459735751152039
62872 48 0.9457687735557556
62662 29 0.9457172751426697
66284 48 0.9456492066383362
91408 28 0.9453417062759399
66614 48 0.9451898336410522
72624 28 0.944949209690094
11609 48 0.9449055790901184
31098 48 0.9446110725402832
86019 29 0.9443725347518921
2707 24 0.9440081119537354
3674 48 0.9439728260040283
1493 24 0.9434830546379089
84840 48 0.9431256055831909
2370 48 0.94297856092453
87717 29 0.9426487684249878
21633 48 0.942598819732666
26816 28 0.9413354396820068
59828 48 0.9412845969200134
65401 48 0.9411950707435608
69230 28 0.9400805830955505
37218 48 0.9400210976600647
16706 48 0.9395133256912231
30358 28 0.939365565776825
59387 48 0.9393103718757629
65910 48 0.9379241466522217
37796 48 0.9378778338432312
23878 28 0.9376175403594971
74280 48 0.9375256299972534
11743 48 0.9373636841773987
29622 48 0.9368794560432434
21367 28 0.936703085899353
65781 48 0.9365966320037842
30363 29 0.9362635016441345
65167 29 0.9353665709495544
37019 48 0.9348967671394348
15419 48 0.9347078800201416
21221 28 0.9345507621765137
83766 28 0.9345349073410034
62012 28 0.9343781471252441
16785 29 0.9340715408325195
79644 48 0.9338396787643433
6143 48 0.9336363673210144
15834 28 0.9335880875587463
63724 29 0.9335377812385559
3284 48 0.9333787560462952
49100 48 0.9332500100135803
58206 48 0.9331929683685303
54302 48 0.9330509901046753
16585 28 0.9330435991287231
10085 28 0.9327872395515442
74171 48 0.9327439069747925
77155 48 0.9326507449150085
24468 29 0.9324949383735657
75635 48 0.9320225119590759
85208 29 0.9316098093986511
93716 48 0.9314301609992981
48519 29 0.9307253360748291
20534 29 0.9306570887565613
15444 48 0.9303644895553589
84317 48 0.92964768409729
7028 28 0.9291621446609497
93358 48 0.9284241199493408
15325 28 0.9280726909637451
77039 48 0.9279443025588989
11622 48 0.9278963804244995
49347 48 0.9272714257240295
64116 28 0.9272432923316956
47125 28 0.9272419810295105
65952 48 0.9271718859672546
69860 28 0.9270590543746948
18978 28 0.9269230365753174
30362 29 0.9268441796302795
37738 48 0.9265845417976379
36406 28 0.9265053272247314
7660 48 0.9264932870864868
37266 48 0.9262353777885437
65997 48 0.9261932373046875
59177 28 0.9261858463287354
15574 48 0.9256656765937805
49418 28 0.9252939820289612
30354 28 0.9251437783241272
64976 29 0.9247550964355469
57420 24 0.9244033098220825
30359 29 0.9243656396865845
64615 48 0.9242925047874451
49372 48 0.924152672290802
52369 48 0.9229827523231506
75095 48 0.9229282140731812
75524 48 0.9228742122650146
22241 48 0.9225523471832275
25758 29 0.9221358299255371
72347 28 0.9216987490653992
17486 29 0.9216474890708923
75323 48 0.9211375713348389
85279 28 0.9208745360374451
16292 28 0.9206147193908691
37595 48 0.9205778241157532
15580 48 0.9204667806625366
59520 48 0.9196200966835022
37719 48 0.9188090562820435
79699 48 0.9185625314712524
66301 48 0.9184502959251404
89597 48 0.9183419346809387
51280 28 0.9179879426956177
73416 28 0.9176569581031799
79770 48 0.9171873927116394
35311 48 0.9166848659515381
65961 48 0.9166504144668579
28472 28 0.9163610339164734
37058 48 0.9162756204605103
74094 28 0.916138768196106
39481 28 0.9157962799072266
15414 48 0.9156059622764587
61200 28 0.9154623746871948
70697 48 0.9153183698654175
44507 48 0.915221095085144
75460 48 0.9148380160331726
56534 28 0.9146924614906311
77649 28 0.9145130515098572
52885 48 0.9142130017280579
50813 48 0.9141693115234375
46075 28 0.9138255715370178
86363 24 0.9136670231819153
22077 48 0.913508415222168
26802 28 0.9134575724601746
84618 28 0.9133041501045227
85914 48 0.9131371974945068
24923 29 0.9130350351333618
53328 48 0.9129788875579834
30936 48 0.9126828908920288
55038 28 0.9124882817268372
38141 48 0.9117558598518372
38880 29 0.9115703701972961
90131 48 0.911112368106842
88069 24 0.9109333157539368
63615 28 0.9098299145698547
38360 48 0.9093742966651917
25843 48 0.9092106223106384
85574 24 0.9090502262115479
30865 48 0.909041166305542
73658 28 0.9089961051940918
29399 48 0.9088388681411743
24463 29 0.9083229899406433
50837 48 0.9082781076431274
5574 48 0.9081910252571106
31542 48 0.90813809633255
70445 48 0.9080519080162048
54165 48 0.9072678685188293
41359 29 0.9071055054664612
76551 48 0.9068595767021179
19153 28 0.9067067503929138
11450 48 0.9064050912857056
62857 48 0.9063701629638672
18483 28 0.9062092900276184
48315 29 0.9061075448989868
18537 28 0.906102180480957
27314 28 0.9059566855430603
56621 29 0.9057586789131165
47066 48 0.9056648015975952
42942 48 0.9051166772842407
75316 48 0.9050794839859009
58710 28 0.9050083160400391
25295 28 0.9047157764434814
39537 29 0.9047016501426697
32449 28 0.9046161770820618
9380 48 0.9044023752212524
59508 48 0.9043137431144714
11594 48 0.9039835929870605
50843 48 0.9034308195114136
68305 48 0.9033320546150208
86548 28 0.9033217430114746
2327 28 0.9029961228370667
79582 48 0.9029446840286255
77383 28 0.902834951877594
37173 48 0.902797281742096
56174 29 0.9027256369590759
78787 48 0.9027147889137268
19627 28 0.9026715755462646
94426 48 0.9022206664085388
51984 48 0.9021751880645752
37438 48 0.9017956852912903
19221 28 0.9013028144836426
60322 48 0.9012961983680725
79350 29 0.9011733531951904
48903 48 0.9010714888572693
37167 48 0.8996866345405579
38676 28 0.8988611102104187
54131 48 0.8984791040420532
6052 48 0.898251473903656
11179 48 0.8972907662391663
17389 28 0.8968507051467896
42652 48 0.8967408537864685
72316 29 0.8965434432029724
17406 28 0.8963643908500671
66323 48 0.8963330388069153
64038 28 0.896025538444519
59857 48 0.8958998918533325
41160 28 0.8958852291107178
37733 48 0.8953096270561218
22987 48 0.8945193886756897
84925 48 0.8942928910255432
85969 48 0.8940793871879578
89390 48 0.894033670425415
54169 48 0.8939206004142761
22015 48 0.8937243819236755
29023 29 0.893507182598114
52870 48 0.8925331234931946
10995 28 0.8925164937973022
56157 28 0.8923141956329346
42027 28 0.8920481204986572
85908 48 0.8918697237968445
26972 28 0.8916946053504944
31601 48 0.891543447971344
32524 28 0.8912431001663208
66174 48 0.8907347917556763
6205 48 0.8894494771957397
49353 48 0.8890981078147888
11815 48 0.8890950083732605
37195 48 0.889028787612915
22075 48 0.8884973526000977
55442 48 0.8881062865257263
50560 48 0.8881053328514099
2504 48 0.8880499005317688
95381 48 0.8879618048667908
1667 48 0.8876644372940063
59682 48 0.8875776529312134
77635 28 0.887533962726593
76745 28 0.8874825835227966
84906 48 0.8872789740562439
37712 48 0.8866859078407288
89267 48 0.8865085244178772
41332 48 0.8862555027008057
8736 29 0.8843575716018677
73029 28 0.8841663599014282
47057 24 0.8839492797851562
11318 48 0.883539080619812
11591 48 0.8824272155761719
94414 48 0.8823249340057373
476 48 0.8821777701377869
35428 48 0.8816725015640259
50469 48 0.8813526630401611
60250 48 0.8809798955917358
20948 28 0.8809753656387329
59839 48 0.8807179927825928
27781 28 0.8802608847618103
77280 29 0.8792121410369873
13921 28 0.8787012100219727
63866 28 0.8781599402427673
66224 48 0.8778542876243591
37754 48 0.8777656555175781
79225 28 0.8775146007537842
50927 29 0.8772182464599609
11692 48 0.8768848180770874
10180 48 0.8766725659370422
47970 28 0.8764830231666565
49147 48 0.8761782646179199
8861 29 0.875939667224884
65515 28 0.8756237030029297
22956 29 0.8751700520515442
76777 48 0.8747745156288147
87163 29 0.874579131603241
29821 29 0.8745682835578918
24540 28 0.8744387626647949
48924 48 0.8744370937347412
37176 48 0.8742809891700745
76793 48 0.8736416697502136
77882 28 0.8730354905128479
50822 48 0.8729926347732544
61704 29 0.872976541519165
62913 48 0.8728169798851013
54711 48 0.8706814050674438
35071 28 0.8701186776161194
29506 48 0.8698710203170776
34401 29 0.8698627948760986
52802 28 0.8697678446769714
22758 24 0.8695480227470398
79659 48 0.8694736361503601
11816 48 0.8690902590751648
24864 28 0.8679240345954895
37132 48 0.8678698539733887
74330 48 0.8677664399147034
62065 28 0.8677269816398621
58299 28 0.867253303527832
7470 48 0.8666676878929138
534 28 0.8662446737289429
10071 28 0.8662223219871521
37723 48 0.8655100464820862
33700 28 0.8649519681930542
59120 29 0.8647732734680176
48998 28 0.8646663427352905
14266 28 0.8645275235176086
77937 28 0.8644587397575378
50496 48 0.8642303943634033
75080 28 0.8635568022727966
37351 48 0.8629635572433472
62820 48 0.8627787232398987
49877 48 0.8622806668281555
62260 28 0.8615333437919617
37354 48 0.8614047765731812
30518 28 0.860975444316864
76308 48 0.8604570031166077
79508 48 0.8603169918060303
84522 48 0.8603017330169678
88209 48 0.860206663608551
14494 28 0.8599395751953125
73685 28 0.8591746687889099
21994 48 0.8589921593666077
7486 48 0.8587826490402222
19929 28 0.8586482405662537
4068 28 0.8585339188575745
63253 28 0.8578219413757324
11356 48 0.8575578927993774
17209 28 0.8569159507751465
93506 48 0.8567070960998535
3478 28 0.8566837906837463
37946 48 0.8563953042030334
87732 28 0.8560757040977478
90188 24 0.8559788465499878
26166 29 0.8549692630767822
10657 48 0.8545460104942322
36996 48 0.8544637560844421
83895 48 0.8543450236320496
2850 28 0.853800892829895
3496 28 0.8535670042037964
48821 48 0.8530941009521484
4899 24 0.8530749082565308
51897 48 0.8529291749000549
60635 28 0.8523935675621033
33814 29 0.8523237705230713
54121 48 0.8519923686981201
72623 28 0.8517655730247498
15620 48 0.8517377972602844
61351 28 0.8511016964912415
7189 28 0.8510947823524475
4485 28 0.8507328033447266
66596 48 0.8502979874610901
21384 29 0.8499913811683655
39516 28 0.8494812846183777
38121 24 0.8491442799568176
71594 48 0.8489092588424683
92327 48 0.8487045168876648
48145 28 0.8483224511146545
30472 28 0.8482524156570435
94673 48 0.848249077796936
36557 28 0.8481785655021667
36299 28 0.8479629158973694
87625 48 0.8479151129722595
2469 48 0.8478000164031982
19728 29 0.8470463752746582
59391 48 0.8468031287193298
53911 48 0.846652090549469
54227 48 0.8464260101318359
79642 48 0.8462263345718384
34759 28 0.8458882570266724
25983 28 0.8457271456718445
60516 28 0.8457188010215759
92727 1 0.8455173969268799
68022 28 0.8444087505340576
37080 48 0.844307005405426
29684 48 0.8442331552505493
8585 28 0.8437400460243225
73499 28 0.8431159853935242
15473 48 0.8430230021476746
54182 48 0.8427919149398804
54031 28 0.8421537280082703
79367 28 0.8421263694763184
8725 28 0.8420824408531189
93182 28 0.8414381146430969
91991 48 0.841246485710144
34555 28 0.8412346243858337
2333 48 0.8406307697296143
46996 48 0.8403370380401611
14007 28 0.8402592539787292
84934 48 0.8399935364723206
54568 48 0.8397384881973267
93228 48 0.8396537899971008
65439 48 0.8382702469825745
29656 48 0.8382015824317932
76264 28 0.8381673693656921
69724 28 0.837856113910675
77645 28 0.8372414708137512
17827 28 0.8371527791023254
37238 48 0.8369548916816711
75135 48 0.8368334174156189
62597 28 0.8362367749214172
38557 48 0.8358052372932434
84582 48 0.8350357413291931
8179 29 0.8350240588188171
78326 48 0.8347878456115723
57092 28 0.8346028923988342
58034 48 0.834560751914978
73716 28 0.8342266082763672
52439 48 0.8339894413948059
29614 48 0.8336566686630249
78453 48 0.8335633277893066
83927 48 0.8323639631271362
11950 28 0.8322547078132629
27645 28 0.8319913744926453
6648 28 0.8316851854324341
74264 48 0.8316546082496643
45014 28 0.8316038846969604
41948 28 0.8313995003700256
73710 48 0.8312070369720459
52783 28 0.8311817646026611
77297 28 0.831072986125946
57943 24 0.8310520648956299
53392 29 0.8306325674057007
34473 28 0.830461323261261
11268 48 0.830177366733551
44274 48 0.8300834894180298
77732 24 0.8297852873802185
80464 28 0.8295171856880188
82802 29 0.8292118310928345
8918 28 0.8288862109184265
70001 28 0.8288620710372925
11809 48 0.828837513923645
84402 28 0.8288000226020813
52195 48 0.8285359144210815
79351 29 0.8279462456703186
28197 28 0.8265612125396729
15562 48 0.8262686133384705
36674 29 0.8261674046516418
83198 29 0.826038122177124
87060 28 0.8259890675544739
29196 28 0.8245677947998047
11145 48 0.8241150975227356
83873 48 0.824012815952301
24229 48 0.8239069581031799
7487 48 0.8238613605499268
14200 28 0.8233785033226013
41594 29 0.8225572109222412
7531 48 0.8222827315330505
80519 48 0.8221566081047058
77008 48 0.8219597339630127
19102 1 0.8218610286712646
50559 48 0.821709930896759
31002 48 0.8213760256767273
38177 48 0.8205997347831726
62605 28 0.8205708265304565
94200 48 0.820452868938446
67223 28 0.8204215168952942
30790 48 0.8203858137130737
51979 48 0.8203740119934082
50688 28 0.8202858567237854
54283 48 0.8202539086341858
54117 48 0.8201027512550354
70372 29 0.8197796940803528
37722 48 0.8196870684623718
64143 48 0.819483757019043
63876 29 0.819288969039917
33746 28 0.8191549777984619
54249 48 0.8185914754867554
85880 48 0.8183279633522034
16742 28 0.8179800510406494
60594 29 0.8177988529205322
11856 28 0.8175128698348999
71499 28 0.8164635896682739
87261 29 0.8164398670196533
77029 48 0.8162530660629272
35881 24 0.8160741329193115
59129 28 0.8160737156867981
30298 28 0.815963864326477
16713 48 0.8159356713294983
29605 48 0.8157089948654175
20859 48 0.8153984546661377
60582 28 0.815366804599762
55425 48 0.8150758147239685
95402 48 0.8146865963935852
68811 48 0.8139314651489258
1234 28 0.8136084079742432
3932 48 0.8135990500450134
67748 28 0.8131392598152161
53862 48 0.8130326271057129
69080 28 0.8129991292953491
50098 28 0.812566876411438
49155 48 0.8124392032623291
57796 28 0.8112322688102722
77670 28 0.8109312057495117
62458 29 0.8106845617294312
18286 28 0.8102400302886963
79339 28 0.8094380497932434
20675 28 0.8092491626739502
21825 24 0.8088483214378357
65473 48 0.8087608218193054
69174 29 0.8087548017501831
15432 48 0.8087533116340637
76414 48 0.8085764050483704
64958 29 0.8085543513298035
79800 48 0.8085333108901978
64381 24 0.8081237077713013
57250 29 0.8081091642379761
64037 28 0.8079595565795898
37166 48 0.8070687651634216
37200 48 0.8070506453514099
54261 48 0.8070101141929626
22420 48 0.806306779384613
58244 48 0.8059465289115906
21920 48 0.8057101964950562
78449 29 0.8053338527679443
75602 48 0.8031806349754333
65430 48 0.8024213910102844
74479 29 0.8024146556854248
66227 48 0.8021469116210938
65805 48 0.8020197749137878
29199 28 0.8015671372413635
51279 28 0.8015535473823547
7455 48 0.8015112280845642
29498 48 0.8014780282974243
58387 48 0.8014042973518372
75628 48 0.8013990521430969
33735 28 0.8013839721679688
14053 28 0.8012486696243286
48203 28 0.8011327385902405
72285 28 0.8010553121566772
65491 48 0.8009291291236877
65480 48 0.7999953627586365
37621 48 0.7993038892745972
13507 28 0.7988125681877136
19036 28 0.7986533641815186
47101 28 0.798166811466217
75141 48 0.798150897026062
36574 28 0.7980336546897888
59294 48 0.7976167798042297
57344 28 0.7976148128509521
26350 28 0.7975959181785583
19028 29 0.7965946793556213
72618 24 0.7964137196540833
17826 29 0.7962956428527832
28058 28 0.7959764003753662
39410 28 0.7957921028137207
29512 48 0.7957172989845276
64114 28 0.7954714894294739
85269 28 0.7951048016548157
37654 48 0.794768750667572
51895 48 0.7941655516624451
16134 1 0.7941035628318787
82197 28 0.7940590381622314
84789 48 0.7940256595611572
84538 48 0.7930201888084412
46741 6 0.7926011085510254
30375 29 0.7925549745559692
37122 48 0.791986346244812
36438 28 0.7917801141738892
26 48 0.7917793989181519
72440 28 0.791696310043335
21972 48 0.7916751503944397
78389 28 0.7915925979614258
32889 28 0.791334867477417
23010 48 0.7912372350692749
82153 28 0.7911741733551025
55692 48 0.7909635305404663
34764 29 0.7908635139465332
15954 28 0.7908055186271667
94778 48 0.7906673550605774
52147 48 0.7906206250190735
62931 48 0.7903686165809631
68856 24 0.7900944948196411
85569 48 0.7900388240814209
12781 28 0.7898382544517517
31083 48 0.7897515892982483
87116 28 0.7891680598258972
50731 28 0.7891289591789246
44232 48 0.7889155149459839
20467 28 0.7889148592948914
84572 48 0.7888166308403015
15578 48 0.7885034084320068
76588 48 0.7876984477043152
54549 29 0.7875374555587769
55474 48 0.7875359654426575
54714 48 0.7873706221580505
15617 48 0.7872189283370972
6157 48 0.7870574593544006
65136 48 0.7868573069572449
39784 28 0.7868176102638245
65023 28 0.786458432674408
31664 48 0.7864531874656677
78203 28 0.7864230275154114
79683 48 0.7860093712806702
78541 48 0.7857784628868103
34422 29 0.7849419116973877
545 1 0.7847338318824768
94712 48 0.7846941351890564
64583 48 0.7845649123191833
59819 48 0.7844581007957458
17573 28 0.7843315005302429
81202 48 0.7843064665794373
62663 29 0.7842777371406555
5908 48 0.7835915684700012
52382 48 0.7833085656166077
57395 28 0.7827686667442322
37002 48 0.7827458381652832
50724 28 0.782598614692688
24482 24 0.7820516228675842
22411 48 0.782019853591919
87634 48 0.7817252278327942
29651 48 0.7814511656761169
44276 48 0.7812475562095642
54841 28 0.7812396883964539
54748 48 0.7809458374977112
19790 28 0.7808721661567688
19294 48 0.780837893486023
36952 48 0.7807830572128296
65311 48 0.780558705329895
49429 48 0.7805351614952087
9661 28 0.78038090467453
94683 48 0.7799133062362671
37927 48 0.7798709869384766
47535 48 0.7793759703636169
2458 48 0.7793230414390564
58176 48 0.7789837718009949
29617 48 0.7789350748062134
92842 1 0.7788466215133667
58788 28 0.7786361575126648
34121 6 0.7785968780517578
93581 48 0.7781227827072144
15558 48 0.7768992781639099
75451 48 0.7768566012382507
30867 48 0.7768135070800781
68898 28 0.7767999768257141
52588 48 0.776444137096405
87130 48 0.7762789130210876
65979 48 0.775653064250946
28336 29 0.7753384709358215
58223 48 0.7752172946929932
11556 48 0.775154709815979
15609 48 0.7747815847396851
20470 28 0.7746135592460632
81765 28 0.7738581895828247
29474 48 0.773657500743866
34599 28 0.773383617401123
37835 28 0.7733687162399292
53834 48 0.7731865048408508
34243 28 0.7724491953849792
79838 48 0.7721061110496521
29380 48 0.7717620134353638
69175 28 0.7712244987487793
48915 48 0.7711519598960876
80760 48 0.7709000706672668
39831 24 0.7708780765533447
33885 48 0.7704793810844421
75103 48 0.7704030871391296
75636 48 0.7701621055603027
54642 28 0.7694579362869263
31174 28 0.7694149613380432
30844 48 0.7693463563919067
84123 24 0.7691359519958496
4665 28 0.7685619592666626
32526 28 0.7683276534080505
35669 29 0.7677084803581238
74212 48 0.767453670501709
17824 28 0.7669655084609985
34548 29 0.7664849162101746
22322 48 0.7664307355880737
26784 28 0.7657402157783508
22419 48 0.7653887867927551
75128 48 0.7653205394744873
39869 48 0.7651498317718506
54743 48 0.7650132775306702
56086 29 0.7642971277236938
38908 29 0.7642838358879089
51573 48 0.7640381455421448
31897 48 0.7639849781990051
33887 48 0.7636003494262695
26009 48 0.7635803818702698
4682 28 0.7632110118865967
2976 28 0.7630301713943481
60033 6 0.7627840638160706
73861 48 0.7627022862434387
94779 48 0.7626909613609314
83812 48 0.7624387145042419
59363 28 0.7622374296188354
82817 28 0.7620290517807007
30083 28 0.7617957592010498
82127 28 0.7616005539894104
71816 48 0.7611314654350281
69455 28 0.7610788345336914
5670 1 0.7605416178703308
36876 28 0.7597857117652893
24173 48 0.7597267627716064
11680 48 0.7593654990196228
57903 24 0.7590751647949219
58047 48 0.758981466293335
79841 48 0.7584336996078491
95182 48 0.7583492994308472
34760 28 0.7583273649215698
15450 48 0.7577671408653259
1673 48 0.7575211524963379
48549 28 0.7574063539505005
16258 28 0.7571759223937988
69696 28 0.7571640610694885
38588 48 0.7570927143096924
26918 28 0.7570880651473999
30468 28 0.7561930418014526
63865 28 0.756161093711853
30338 29 0.7558311820030212
15996 28 0.7551658153533936
77040 48 0.7548796534538269
81164 48 0.7545056939125061
61216 28 0.7543889880180359
46686 29 0.7543617486953735
20899 28 0.7543388605117798
11239 48 0.7530315518379211
39471 28 0.752943217754364
7137 48 0.752826988697052
22356 48 0.7520729303359985
41606 29 0.7519387602806091
65673 48 0.7516749501228333
10507 48 0.7516045570373535
45307 48 0.7508220076560974
41865 29 0.7507885098457336
11424 48 0.7506056427955627
73249 28 0.7504761219024658
74313 48 0.7501989603042603
27464 28 0.7500033378601074
27941 29 0.7498126029968262
47455 48 0.7497131824493408
48879 48 0.7495537400245667
96533 48 0.7491958141326904
87946 28 0.7488850355148315
86762 48 0.7485893964767456
4151 28 0.7485561370849609
71766 48 0.748063325881958
42110 24 0.7480427026748657
46659 28 0.7472836375236511
15388 48 0.7467377185821533
56620 28 0.7461621761322021
28883 28 0.7460415959358215
10419 48 0.7459923028945923
60299 48 0.7457653284072876
59272 48 0.745571494102478
11334 48 0.7442659139633179
49105 48 0.7441684007644653
54744 48 0.7440887689590454
35734 28 0.7440460324287415
72554 28 0.7440457940101624
93141 48 0.7438865900039673
52265 28 0.7437829971313477
79596 28 0.7437648177146912
75592 48 0.7428556680679321
48274 28 0.7427049279212952
6241 48 0.7422378659248352
94822 48 0.7412293553352356
81750 28 0.7406321167945862
67905 28 0.7388409972190857
26027 29 0.7382972836494446
33365 28 0.7382253408432007
84751 24 0.7379570007324219
31116 48 0.7377850413322449
71751 48 0.7377411723136902
58107 48 0.7377209663391113
5731 28 0.7377163767814636
76871 48 0.7365456819534302
61523 48 0.7358701825141907
91856 28 0.7354738712310791
74190 48 0.7353542447090149
52374 48 0.7349782586097717
55936 48 0.734350323677063
23226 28 0.7341398000717163
34625 29 0.7340365648269653
54066 29 0.733829915523529
37599 48 0.733819305896759
31546 24 0.7336826920509338
77066 24 0.7334207892417908
75512 48 0.732778787612915
11601 48 0.7324351072311401
59455 48 0.7321580052375793
29701 48 0.7320432066917419
74274 48 0.7319797277450562
58136 48 0.7316173315048218
32617 28 0.7309668660163879
82686 28 0.730473518371582
95693 29 0.7301793694496155
31671 48 0.730063796043396
38759 29 0.7295021414756775
8655 48 0.7293668985366821
49879 48 0.7292451858520508
59856 48 0.729121208190918
23877 28 0.7285006046295166
50354 28 0.7280792593955994
91279 29 0.7275194525718689
2741 28 0.7272694706916809
5622 48 0.7270500659942627
79715 48 0.7270030975341797
1894 24 0.7265978455543518
16616 48 0.7265779376029968
26093 28 0.7261328101158142
13829 29 0.7257406711578369
84461 48 0.7255025506019592
59658 48 0.7251842021942139
37186 48 0.7248449921607971
85007 48 0.7248350977897644
22178 48 0.7247164249420166
82788 28 0.7240723371505737
37666 48 0.7235966920852661
11348 48 0.7232967615127563
73310 29 0.7230581045150757
48072 48 0.7227749228477478
72049 28 0.7226959466934204
52946 28 0.7223147749900818
59170 28 0.7221179008483887
20251 29 0.7220208644866943
22732 29 0.721940815448761
38231 48 0.721467137336731
39555 23 0.7213919162750244
19315 48 0.7211176156997681
93530 28 0.7210400700569153
86763 48 0.7206674218177795
36662 24 0.7206236720085144
25030 28 0.7206193804740906
37263 48 0.7203154563903809
29078 28 0.7200687527656555
79678 48 0.7199409008026123
58338 48 0.7197242379188538
31072 48 0.7196989059448242
39514 28 0.7193436026573181
37453 48 0.7185521125793457
66561 48 0.7177599668502808
79765 48 0.7174727320671082
22341 48 0.7174112200737
15532 48 0.7168059945106506
35098 28 0.7166650295257568
49907 48 0.7165442705154419
31012 48 0.7164987921714783
2667 48 0.7163048982620239
29354 48 0.7161872386932373
83748 28 0.7159798741340637
37829 48 0.7157937288284302
64966 28 0.7149728536605835
11858 28 0.7144076824188232
79450 48 0.7143561840057373
75256 48 0.7142844200134277
11207 48 0.7131140232086182
49227 28 0.712445080280304
49002 28 0.7122763395309448
54173 48 0.7119945883750916
57735 28 0.7119417786598206
81659 28 0.7117959260940552
78457 48 0.7117400765419006
86638 28 0.7109895348548889
37431 48 0.710945188999176
11457 48 0.7107330560684204
75393 28 0.710649311542511
64497 29 0.7106446027755737
11256 48 0.7106350064277649
65723 48 0.7105875015258789
37296 48 0.7105745077133179
23930 28 0.7103120684623718
85735 48 0.7101536393165588
32650 28 0.7098597288131714
9089 24 0.7096608877182007
51635 48 0.7093464732170105
92270 48 0.7092787623405457
32549 29 0.7091630697250366
37715 48 0.7090610265731812
13926 28 0.708961009979248
54983 28 0.7086840271949768
76886 48 0.7085349559783936
16708 48 0.7082943320274353
49908 48 0.7081400752067566
76405 48 0.707966685295105
12016 48 0.7077513337135315
26097 28 0.7075601816177368
65312 48 0.7072626352310181
10239 28 0.7072327136993408
29348 48 0.7072181105613708
61585 28 0.7064864039421082
44226 48 0.7064288854598999
83552 28 0.7060470581054688
84506 48 0.7058889269828796
12351 29 0.705815851688385
54115 48 0.7054541110992432
68663 29 0.7052962779998779
69232 6 0.705186128616333
57188 28 0.7047337889671326
1228 28 0.7045620679855347
50482 48 0.7045117616653442
57219 28 0.7045088410377502
62281 29 0.7044959664344788
87335 24 0.7044627666473389
31210 48 0.7038964033126831
68525 28 0.7038026452064514
30956 48 0.7036496996879578
10895 1 0.703282356262207
66644 48 0.7025907635688782
29647 48 0.7025182247161865
54704 48 0.7016069889068604
71476 28 0.7014706134796143
24171 48 0.7011993527412415
67375 48 0.701030969619751
26985 29 0.7007384896278381
31018 48 0.7005347609519958
94240 48 0.7003383636474609
26315 29 0.6991281509399414
80388 48 0.6990638375282288
2241 29 0.698979914188385
39322 29 0.6988646388053894
37433 48 0.698289155960083
91165 28 0.6982823610305786
61962 28 0.697486937046051
12399 48 0.6972100734710693
55187 28 0.6962507367134094
74191 48 0.6961407661437988
59305 48 0.6961204409599304
16696 48 0.6959621906280518
47856 29 0.6958720088005066
50102 28 0.6956740021705627
31013 48 0.6953971982002258
24948 48 0.6953814625740051
36202 6 0.6952002048492432
77042 48 0.6950488686561584
36217 28 0.6949705481529236
34431 28 0.6948434710502625
68306 48 0.6933485269546509
83638 24 0.6929425001144409
84949 48 0.6929179430007935
14504 28 0.6923193335533142
21732 29 0.6920152306556702
46994 48 0.6911954879760742
55715 48 0.6907705664634705
76406 48 0.6906965374946594
50400 48 0.6906490921974182
7818 48 0.6903339624404907
23688 28 0.6900665760040283
54726 48 0.6899709701538086
79459 48 0.6897668242454529
16586 28 0.6897665858268738
60428 28 0.6896135210990906
39104 28 0.689505934715271
79636 48 0.6893501877784729
73528 28 0.6892758011817932
68579 24 0.6887444257736206
16709 48 0.6885045170783997
20962 8 0.6884441375732422
37688 48 0.6879155039787292
24547 28 0.6878671646118164
77718 48 0.6877369284629822
49414 48 0.6877138018608093
74243 48 0.6874260902404785
21336 24 0.6873418688774109
37553 29 0.6872715353965759
84259 48 0.6869881749153137
84923 48 0.6869188547134399
86765 48 0.6869040131568909
66622 48 0.6868610382080078
7109 48 0.6867667436599731
41156 28 0.6866893172264099
27489 29 0.6862373948097229
21438 28 0.686073362827301
74295 48 0.6856511831283569
62961 48 0.6855831146240234
74096 6 0.6854733824729919
23852 24 0.685452938079834
80422 29 0.6851330399513245
87533 24 0.6850576400756836
67775 6 0.6848188638687134
11676 48 0.6847838759422302
36885 28 0.684609055519104
7082 28 0.683996856212616
89200 48 0.6838820576667786
59468 24 0.6834369897842407
31191 29 0.6830675005912781
75336 48 0.6828765273094177
41864 29 0.6827737092971802
27764 29 0.6827520132064819
66625 48 0.6827480792999268
15458 48 0.682666540145874
91815 28 0.6822670698165894
36107 28 0.6817590594291687
13998 29 0.6810378432273865
58555 28 0.6798589825630188
30969 48 0.679286777973175
79422 48 0.6790628433227539
22379 48 0.6784548759460449
29493 48 0.6784470677375793
88549 24 0.6777470707893372
24228 48 0.6774643659591675
29597 48 0.6770040988922119
87382 48 0.6768770217895508
24585 6 0.6762323379516602
68322 48 0.6760464310646057
80748 48 0.6760165691375732
37177 48 0.675883412361145
34057 28 0.6758058071136475
22065 48 0.6751864552497864
94226 48 0.6750047206878662
11355 48 0.6745275259017944
15507 48 0.6744021773338318
55376 8 0.673789381980896
49316 48 0.673088788986206
74272 48 0.6730712652206421
37960 28 0.6724547743797302
60590 29 0.6723577976226807
70373 28 0.6722550392150879
79244 28 0.6721365451812744
14832 48 0.6718845963478088
51521 48 0.6716846227645874
93907 28 0.6713452339172363
17550 28 0.6712237596511841
49903 48 0.6709455251693726
37397 48 0.6707708835601807
37069 48 0.6706904768943787
66210 48 0.6705731153488159
79760 48 0.6704633831977844
82257 29 0.670223593711853
55548 48 0.6699594855308533
18777 48 0.6696188449859619
52145 28 0.6691091060638428
74844 28 0.6688636541366577
54421 29 0.6686556339263916
85996 28 0.6686144471168518
49899 48 0.6684412956237793
73923 29 0.6683833599090576
1576 24 0.6683778166770935
65393 48 0.668317973613739
63897 28 0.668033242225647
77604 24 0.66801917552948
68019 29 0.6679796576499939
52863 48 0.6677706837654114
37918 48 0.6677466034889221
88136 8 0.6677190065383911
67581 29 0.6675900220870972
13148 24 0.6675181984901428
85295 48 0.6671358942985535
21957 48 0.6671341061592102
54799 48 0.6670377254486084
48036 48 0.6670005917549133
34563 28 0.6665817499160767
86669 28 0.6663658618927002
84948 48 0.6662507653236389
51018 29 0.6655178666114807
38208 48 0.6654239296913147
74314 48 0.6654057502746582
16432 48 0.6646289825439453
11612 48 0.6645363569259644
63699 28 0.6644439101219177
11513 48 0.6642436385154724
54786 48 0.6641200184822083
29317 28 0.6638528108596802
69536 8 0.6627765893936157
29344 48 0.6625936627388
25391 48 0.6624431014060974
22266 48 0.6623815894126892
79821 48 0.6623744964599609
79735 48 0.6623073220252991
68680 28 0.6619508862495422
22194 48 0.6610618233680725
22702 29 0.6608856916427612
94701 1 0.6607891917228699
15435 48 0.6607050895690918
74360 48 0.6604899168014526
79887 29 0.6601136922836304
19540 29 0.6598048210144043
71590 48 0.6597926020622253
29545 48 0.6596700549125671
73807 29 0.6594491600990295
25605 24 0.6592276096343994
76093 29 0.6590914726257324
27071 28 0.6590326428413391
11818 48 0.6586484909057617
84829 48 0.6586171388626099
92300 48 0.6585965752601624
12528 24 0.6580603122711182
14506 28 0.6579129695892334
56970 29 0.6578895449638367
80417 29 0.6576977372169495
61108 28 0.6575940251350403
75469 48 0.657373309135437
39097 28 0.6572984457015991
77720 48 0.6565616130828857
59382 48 0.6565551161766052
53286 48 0.6562337875366211
84852 48 0.6556801795959473
37524 48 0.6546536087989807
55371 29 0.6546425819396973
37001 48 0.6543312072753906
6683 28 0.6539336442947388
59868 48 0.653728723526001
75109 48 0.6537084579467773
70022 1 0.6536639332771301
59275 48 0.653657853603363
22227 48 0.6535881757736206
11319 48 0.6535582542419434
42442 48 0.6534936428070068
75028 24 0.6533833146095276
5589 48 0.6532047986984253
61570 28 0.6526895761489868
82862 28 0.6523298025131226
2417 48 0.6521611213684082
39529 29 0.6519834995269775
69974 29 0.6518272757530212
31531 48 0.6515103578567505
49328 48 0.6514835953712463
7723 48 0.6513909697532654
89587 48 0.6512296199798584
39071 28 0.6512255072593689
42824 28 0.6511247158050537
1640 48 0.650871753692627
29436 48 0.6502459645271301
15514 48 0.6497725248336792
93023 28 0.6495572924613953
65482 48 0.6494427919387817
66417 48 0.6493609547615051
29422 48 0.6493008732795715
82589 1 0.6488135457038879
17528 28 0.6484372615814209
6531 28 0.648297905921936
2099 48 0.6477692723274231
59384 48 0.6476633548736572
82910 29 0.6476439833641052
36401 29 0.6472845077514648
49369 48 0.6468158960342407
4967 29 0.6464278101921082
21527 8 0.6461575627326965
89337 48 0.6455908417701721
28373 28 0.6454991102218628
16177 28 0.6452736258506775
37531 48 0.6451462507247925
38180 48 0.6450692415237427
22949 1 0.6449573636054993
47608 48 0.6443252563476562
72188 29 0.6439056992530823
56527 48 0.6438913941383362
37156 48 0.6436858773231506
11342 48 0.64301598072052
29687 48 0.6429203748703003
38213 48 0.6427316069602966
89620 48 0.6425146460533142
76816 48 0.6424487829208374
66683 48 0.642330527305603
18686 48 0.6422094702720642
58203 48 0.6421078443527222
65940 48 0.6420794129371643
83324 28 0.6419396996498108
35361 48 0.6418803930282593
49364 48 0.6413458585739136
55509 48 0.6410530209541321
60755 48 0.640937328338623
78273 48 0.6409100890159607
21996 48 0.6403388381004333
55536 48 0.6401111483573914
5983 48 0.6400995254516602
12200 48 0.6398268938064575
78272 48 0.6398178935050964
50013 48 0.6395691633224487
6360 48 0.6394614577293396
29570 48 0.6392461657524109
62555 28 0.6390494108200073
40905 28 0.6387917399406433
38297 48 0.6385437250137329
79212 48 0.6383894085884094
37364 48 0.6383331418037415
52688 28 0.6383275985717773
71780 48 0.6380015015602112
28833 28 0.6379377245903015
46411 28 0.6375604867935181
76558 48 0.6373658180236816
25151 48 0.6369331479072571
22413 48 0.6368603706359863
25560 1 0.6366829872131348
75068 28 0.6366062164306641
62080 28 0.6361697316169739
74425 36 0.6359357833862305
81040 48 0.635655403137207
33324 1 0.6350970268249512
75435 48 0.6349921226501465
36368 28 0.6349534392356873
39952 28 0.6349243521690369
13624 48 0.6347624659538269
11279 48 0.6346678733825684
67497 28 0.6346034407615662
11213 48 0.6341363787651062
9026 48 0.6339085102081299
93891 28 0.6335809230804443
85598 28 0.6335610747337341
77346 48 0.6332826018333435
95318 48 0.6330286860466003
34847 29 0.6324280500411987
6822 28 0.6315619349479675
59219 48 0.6313508749008179
29343 48 0.6312033534049988
66855 24 0.6309418082237244
49957 48 0.630733847618103
93505 48 0.6306871175765991
21964 48 0.6306546926498413
61500 48 0.6305042505264282
18534 28 0.6301563382148743
78562 48 0.6296812295913696
78383 29 0.6296335458755493
2242 29 0.6296278834342957
11225 48 0.6294985413551331
75545 48 0.6293816566467285
94703 48 0.629217267036438
29554 48 0.6292153596878052
38289 48 0.6291763186454773
18344 36 0.6287436485290527
15412 48 0.6285881996154785
79436 48 0.6285746693611145
82473 29 0.627497136592865
65835 48 0.6273634433746338
48889 48 0.6270182132720947
28399 28 0.626837432384491
26543 28 0.6261983513832092
15528 48 0.6261182427406311
49562 24 0.6259015202522278
48916 48 0.6257619857788086
58086 48 0.6254735589027405
11494 48 0.6251116991043091
29325 48 0.6250998973846436
27595 28 0.6245836615562439
20535 29 0.6244010925292969
37457 48 0.6243013739585876
90737 48 0.6239771842956543
48091 48 0.6237305998802185
60911 28 0.6236802339553833
38624 48 0.6235179901123047
32694 29 0.6234704852104187
38116 48 0.6232470870018005
84970 48 0.6231661438941956
29337 48 0.6230551600456238
27105 28 0.6228556632995605
68825 28 0.6226455569267273
24327 28 0.6225107908248901
9385 48 0.622480034828186
22061 48 0.6223101019859314
51558 24 0.6222313046455383
15553 48 0.622145414352417
15464 48 0.6221362948417664
3083 48 0.6218722462654114
20385 48 0.6218286752700806
31807 28 0.6216041445732117
37007 48 0.6213866472244263
6760 29 0.6212472319602966
4945 29 0.6209837794303894
36793 29 0.6208634972572327
8731 28 0.6208576560020447
29393 48 0.620847761631012
75653 48 0.6207373142242432
24514 29 0.620277464389801
75262 48 0.6201183199882507
77030 48 0.6200750470161438
17473 28 0.6199287176132202
38350 48 0.6197009086608887
31021 48 0.6195972561836243
82904 28 0.6195628046989441
30914 28 0.6193044781684875
47381 48 0.6192567944526672
30765 28 0.6191105246543884
28469 28 0.6187921166419983
6828 48 0.6186432242393494
37042 48 0.6183301210403442
3227 48 0.6181961894035339
16473 48 0.6173712611198425
49009 29 0.617307186126709
22414 48 0.6172926425933838
11584 48 0.6171753406524658
30923 48 0.6169519424438477
13000 48 0.6169323921203613
59495 48 0.6168302297592163
77028 48 0.6163425445556641
13463 6 0.6155360341072083
33181 28 0.6154123544692993
30859 48 0.6144999265670776
37220 49 0.6142232418060303
75133 48 0.6140819191932678
68549 28 0.6138027906417847
58998 28 0.613690197467804
42444 48 0.6136806011199951
9362 48 0.6136295199394226
60311 24 0.6133795976638794
61726 48 0.613330602645874
88882 48 0.6131232976913452
76744 28 0.6131029725074768
17268 28 0.6127776503562927
7592 48 0.6126294136047363
87110 28 0.6121429204940796
8199 48 0.612060546875
29573 48 0.6120427846908569
30263 28 0.612042248249054
86972 28 0.6118857860565186
81153 48 0.6118811368942261
72430 28 0.6117075681686401
31094 48 0.6116478443145752
38544 48 0.6115443110466003
58200 48 0.6115104556083679
29858 29 0.6113582253456116
79421 48 0.6112887859344482
26539 28 0.6112154126167297
61540 48 0.611150324344635
25723 28 0.6108211874961853
18484 28 0.6108124852180481
28524 48 0.6107162833213806
59526 48 0.6107111573219299
83329 24 0.6106942296028137
31275 29 0.6106248497962952
75136 48 0.6106106638908386
48008 48 0.6105499863624573
37154 48 0.6100556254386902
37444 48 0.6097003221511841
90373 29 0.6092288494110107
7032 36 0.6090092062950134
22087 48 0.6088894009590149
15606 48 0.6087585091590881
28545 48 0.6086878776550293
65649 48 0.6085776686668396
59296 48 0.6083167791366577
3857 28 0.6075606942176819
30985 48 0.6072984933853149
67329 29 0.6072725653648376
93018 8 0.6072060465812683
22401 48 0.6071773171424866
52952 28 0.6071496605873108
77007 48 0.606992781162262
14146 28 0.6069541573524475
67150 28 0.6065374612808228
31325 28 0.6063480973243713
65566 29 0.6060931086540222
76760 48 0.60593181848526
22286 48 0.6058424711227417
70961 1 0.6055839657783508
19774 29 0.6054801940917969
54798 48 0.6053605079650879
21820 29 0.6051714420318604
34321 29 0.605133056640625
57253 28 0.6050341129302979
74302 48 0.6039952635765076
65358 48 0.6039488315582275
32990 28 0.6035451292991638
50949 8 0.6032664775848389
58111 48 0.6032239198684692
73044 48 0.6030542254447937
71993 29 0.6028239727020264
67564 29 0.6027839183807373
55726 48 0.6026228070259094
11366 48 0.6023343801498413
15469 48 0.6022763848304749
19110 29 0.6021170020103455
78066 28 0.6020628213882446
48655 28 0.6014454960823059
30947 48 0.6011006236076355
17950 8 0.6007431745529175
83534 24 0.6006901860237122
71649 48 0.6005885601043701
30981 48 0.6004855036735535
38564 48 0.6004384160041809
59221 48 0.6003425717353821
66064 48 0.6001678705215454
7421 28 0.5995171666145325
52911 29 0.5993017554283142
23848 24 0.5990933179855347
75649 48 0.5990805625915527
3104 24 0.5990546345710754
72444 24 0.5990252494812012
27282 29 0.5988659262657166
28445 8 0.5986562967300415
65971 48 0.5984629392623901
6163 48 0.5978618264198303
11325 48 0.5975469946861267
80632 48 0.5974931716918945
58193 48 0.5974307060241699
60551 28 0.5974286198616028
37896 48 0.5970665812492371
82603 29 0.597034215927124
54816 48 0.5966423153877258
5618 48 0.5965484380722046
36994 48 0.5963161587715149
35662 29 0.5962867736816406
51749 24 0.5960240364074707
91760 48 0.5959804058074951
39554 28 0.5958818793296814
55571 48 0.5958565473556519
58118 48 0.5951238870620728
80100 28 0.5951182246208191
25309 28 0.5949186086654663
17184 28 0.594903290271759
32513 48 0.5946999192237854
59817 48 0.5946891903877258
73417 29 0.5945138931274414
30251 28 0.5944660305976868
84921 48 0.5941752791404724
31637 48 0.5938798785209656
93408 24 0.5937368869781494
84269 48 0.5937017798423767
12561 28 0.593647837638855
65344 48 0.5934726595878601
76540 48 0.5934293270111084
22146 48 0.5933256149291992
61217 28 0.5926398038864136
84966 48 0.5925421118736267
84753 48 0.592471718788147
62606 28 0.5922400951385498
54361 48 0.5919932126998901
54530 28 0.5918132662773132
43103 28 0.5917213559150696
60071 29 0.5915924906730652
71625 48 0.5908253788948059
32982 28 0.5905037522315979
2869 28 0.5904549956321716
84247 48 0.5903603434562683
68301 48 0.5903279781341553
88886 48 0.5902706384658813
84541 48 0.5902296900749207
71653 48 0.5898210406303406
57443 8 0.589425265789032
2101 8 0.5893230438232422
75658 48 0.5892899632453918
1666 48 0.5888426899909973
6264 48 0.5886173844337463
16590 48 0.5884690284729004
71820 48 0.5878943204879761
65853 48 0.5877701640129089
50550 48 0.5875624418258667
14855 28 0.5873116254806519
73377 8 0.5871465802192688
90128 48 0.5869008898735046
7171 28 0.5867493152618408
2858 28 0.5861215591430664
51115 28 0.5859286785125732
51771 28 0.5858962535858154
79479 48 0.5858537554740906
2407 48 0.5858426094055176
22577 1 0.5856913328170776
29602 48 0.5855377316474915
64610 48 0.585124671459198
59376 48 0.5849975347518921
41652 29 0.5849249958992004
6276 48 0.5848940014839172
68139 28 0.5847041606903076
79776 48 0.584552526473999
7081 6 0.584372878074646
63643 28 0.5843249559402466
59575 48 0.584265410900116
84926 48 0.5841516256332397
30650 8 0.5840634107589722
26411 28 0.5840386748313904
30202 6 0.5838439464569092
63753 28 0.583659827709198
63813 29 0.5834301710128784
38573 48 0.5833470225334167
37141 24 0.5833325982093811
58202 48 0.5832498073577881
17577 28 0.5832327604293823
5366 28 0.583152174949646
62806 48 0.5831114649772644
64544 24 0.5831080079078674
78990 28 0.5829106569290161
15615 48 0.5822718143463135
81899 29 0.5808640718460083
65340 48 0.5807650685310364
27390 48 0.5806698203086853
57601 28 0.5804234147071838
82594 48 0.5802125334739685
71630 48 0.5799862742424011
21571 28 0.5798033475875854
21974 48 0.5797754526138306
69087 48 0.5796859264373779
53104 28 0.5796185731887817
64978 24 0.5792518854141235
67043 6 0.5791442394256592
87300 28 0.579139232635498
64306 28 0.5790290832519531
74271 48 0.5789945721626282
75497 48 0.5788299441337585
76918 48 0.5788260102272034
52478 48 0.578708291053772
92259 48 0.5785801410675049
12059 48 0.5785783529281616
8275 48 0.5782570242881775
42051 1 0.5774060487747192
83616 28 0.5774041414260864
37418 28 0.577271044254303
45485 29 0.5772383213043213
17402 28 0.5768524408340454
52209 48 0.5766943693161011
22525 29 0.576686441898346
80767 8 0.5765242576599121
6423 48 0.5765156149864197
3799 28 0.5764806270599365
59333 48 0.5764619708061218
52032 48 0.576157808303833
25562 48 0.575825035572052
13744 48 0.5755695700645447
77244 28 0.5754894018173218
68027 29 0.5750027894973755
74523 29 0.5749815106391907
81312 48 0.574837863445282
81231 48 0.574609637260437
77022 48 0.5746093392372131
28925 29 0.5745226144790649
78500 48 0.5742199420928955
52482 48 0.5741520524024963
11419 48 0.5739875435829163
36965 48 0.573858380317688
58163 48 0.5737655758857727
59311 48 0.5735989212989807
36979 48 0.573503315448761
90251 48 0.5734160542488098
21850 28 0.5734105110168457
21946 48 0.5732818245887756
13294 28 0.5731586813926697
47141 28 0.5731516480445862
75538 48 0.5726748108863831
58046 48 0.572469174861908
49101 48 0.5724483728408813
29326 48 0.5721543431282043
36931 48 0.5720003843307495
32528 29 0.571762204170227
90499 48 0.5717296004295349
34061 28 0.5715808868408203
19989 28 0.5713936686515808
29327 48 0.5713034272193909
58089 28 0.5708790421485901
23874 29 0.570747435092926
66173 48 0.5706096291542053
60910 48 0.5704483985900879
69973 29 0.5703585147857666
76478 48 0.570335328578949
79693 28 0.5701627731323242
46405 1 0.5699369311332703
81230 48 0.5698139667510986
30843 48 0.5697473287582397
51560 48 0.5694041848182678
75437 48 0.5692149996757507
29629 48 0.5690412521362305
65087 28 0.5689116716384888
26750 24 0.5686382055282593
8582 28 0.5684466361999512
10238 28 0.5684236288070679
37115 48 0.5683310031890869
85013 48 0.5681764483451843
83707 28 0.5677483677864075
58023 48 0.5676865577697754
11375 48 0.5676178932189941
84796 48 0.5675681233406067
28178 29 0.5675226449966431
75400 29 0.5675113797187805
15470 48 0.5672627091407776
30973 48 0.5670984983444214
27019 8 0.5669445395469666
64567 48 0.5667394995689392
36997 48 0.5666651129722595
22334 48 0.5664576292037964
39759 28 0.5663344860076904
94957 48 0.5653282403945923
16500 28 0.5652956962585449
63543 48 0.5652481317520142
58019 48 0.565205991268158
25134 28 0.5649889707565308
50327 8 0.564710795879364
14054 28 0.5642344355583191
10181 24 0.5641997456550598
31276 36 0.5641770362854004
52886 48 0.5638002753257751
82104 8 0.5636831521987915
17136 48 0.5634300708770752
84341 24 0.5633082985877991
5554 48 0.5631052851676941
16294 48 0.5630213618278503
6520 28 0.5629375576972961
31065 48 0.5627075433731079
60199 48 0.562694251537323
42461 48 0.5626365542411804
75310 48 0.5625045299530029
6330 48 0.5622037053108215
72678 28 0.5621504187583923
11712 48 0.5621104836463928
7492 48 0.562018632888794
39533 28 0.5616344809532166
13406 36 0.5615806579589844
58629 48 0.561366081237793
30795 48 0.5611776113510132
3750 48 0.5610141754150391
55394 48 0.561005175113678
75537 48 0.5607541799545288
22345 48 0.5605399012565613
67231 6 0.5604754090309143
3424 48 0.5602894425392151
31137 8 0.5601467490196228
55632 48 0.5600221157073975
75118 48 0.5597779750823975
94769 48 0.5596506595611572
2264 48 0.5595710873603821
37895 48 0.5592343807220459
66844 28 0.5587776899337769
67093 48 0.5579161643981934
38293 48 0.557708740234375
87129 48 0.557555615901947
58204 48 0.5574379563331604
11315 48 0.5574198961257935
48743 29 0.5572324395179749
3307 48 0.5570456385612488
26984 29 0.556628942489624
58655 6 0.5566279888153076
52044 48 0.5566073060035706
34421 29 0.5565702319145203
22352 48 0.5563506484031677
56997 28 0.5562694668769836
58075 48 0.5559630393981934
13404 28 0.5555042028427124
38510 8 0.5548631548881531
38633 48 0.5548188090324402
38254 48 0.5545481443405151
12328 6 0.5543644428253174
22130 48 0.5542589426040649
76534 48 0.553837239742279
60190 48 0.5531746745109558
59444 48 0.5528576374053955
58113 28 0.5526873469352722
72434 28 0.5525282621383667
39567 28 0.5524803996086121
60542 8 0.5524600148200989
20041 8 0.5523940324783325
38503 48 0.5523854494094849
16086 8 0.5522940158843994
68682 8 0.5520491600036621
76334 48 0.5519125461578369
74480 29 0.551792562007904
11606 48 0.5517644286155701
15411 48 0.551019549369812
49402 48 0.5505996942520142
28296 29 0.5505291223526001
20333 29 0.5502265691757202
9687 28 0.5498600602149963
62711 48 0.5498219132423401
15397 48 0.5497144460678101
30831 48 0.5496623516082764
82449 8 0.549637496471405
86508 29 0.549540102481842
4895 48 0.5494719743728638
85017 48 0.5494465827941895
67608 24 0.5493599772453308
11483 48 0.5493148565292358
49386 48 0.5491369962692261
18593 48 0.5489022731781006
12980 48 0.5488530397415161
54802 48 0.5488347411155701
59298 48 0.5487553477287292
56062 29 0.548612117767334
48816 48 0.5485411286354065
59426 48 0.5484532117843628
3359 28 0.548064649105072
74329 48 0.547427237033844
30353 29 0.5473331809043884
63868 6 0.5472828149795532
4667 29 0.547186017036438
49934 48 0.5471092462539673
76553 48 0.5468326210975647
94207 48 0.5467585325241089
54810 48 0.5467467308044434
71181 8 0.5466985106468201
4099 50 0.546257495880127
55081 28 0.5460977554321289
30623 8 0.5459608435630798
89622 48 0.5459102988243103
6364 48 0.5458974242210388
71613 48 0.5458731651306152
13656 48 0.5456930994987488
52501 28 0.5456026196479797
31051 48 0.5452428460121155
55250 48 0.544407069683075
42030 8 0.5441866517066956
77004 8 0.5441848039627075
48566 36 0.5441201329231262
80553 48 0.5437825322151184
18885 29 0.5436782240867615
69524 28 0.5436586737632751
49309 48 0.5433056950569153
29646 48 0.5432453155517578
94893 1 0.5431960225105286
37208 48 0.5429781675338745
54099 48 0.5426803827285767
17753 29 0.5426369905471802
29336 48 0.5426039099693298
55865 49 0.5425875186920166
74013 8 0.5425600409507751
31049 48 0.5424112677574158
32071 29 0.5423392057418823
78387 28 0.5421751141548157
74303 48 0.5420573353767395
37207 48 0.5418252944946289
29092 48 0.5411906242370605
12398 48 0.5409643650054932
30975 48 0.5405430197715759
29807 28 0.54034024477005
27266 28 0.5401906371116638
60613 48 0.5397236347198486
3741 28 0.5397217273712158
74333 48 0.539431631565094
41952 28 0.5391045212745667
50955 48 0.5390540361404419
91581 1 0.5390370488166809
31815 29 0.5388051271438599
28046 36 0.5387144088745117
8796 29 0.5381613373756409
85680 48 0.5379687547683716
30995 48 0.5378573536872864
78546 48 0.5376877784729004
84493 48 0.5374879837036133
51458 29 0.5374603271484375
93999 28 0.5373272895812988
11947 36 0.5373247861862183
67130 48 0.5372865796089172
71736 49 0.5370780825614929
14892 28 0.5367231965065002
19897 28 0.536342978477478
64542 48 0.5361918807029724
78353 28 0.5360907912254333
48797 48 0.5360329747200012
826 48 0.5360276699066162
1658 48 0.5359930992126465
26781 29 0.5359510183334351
61856 48 0.5359355211257935
45922 28 0.5357258319854736
56361 29 0.5351073741912842
18120 36 0.534522533416748
83266 48 0.5344892144203186
74165 48 0.5344433784484863
12068 48 0.5343681573867798
59454 48 0.5340890884399414
63334 28 0.5340304970741272
15483 48 0.5335808992385864
78718 48 0.5332620739936829
50831 48 0.5330350995063782
37116 48 0.5325606465339661
32169 48 0.5324191451072693
75253 48 0.5322616100311279
55489 48 0.5321201086044312
62242 8 0.5317845344543457
6821 48 0.5313746333122253
87114 24 0.5311679244041443
7764 48 0.5307518839836121
38244 48 0.5306828618049622
29896 8 0.5306512117385864
67445 28 0.5305114388465881
11362 48 0.5301826596260071
30807 48 0.5300325751304626
39874 48 0.5298411250114441
58042 48 0.5297971963882446
28776 48 0.5286656022071838
80684 29 0.5286124348640442
61806 28 0.5285990238189697
60036 6 0.5285142064094543
59496 48 0.5283911824226379
23081 28 0.5283324718475342
92245 48 0.5282628536224365
24606 28 0.5281512141227722
58005 8 0.5281412601470947
42483 48 0.5281320810317993
25724 28 0.5278167724609375
59347 48 0.5277045965194702
12532 28 0.5275394320487976
16105 24 0.5273727774620056
26981 29 0.5272926688194275
31087 48 0.5271502137184143
67443 29 0.5271145701408386
6201 48 0.526942789554596
18333 36 0.5267847180366516
10730 1 0.5262942910194397
71634 48 0.5262850522994995
93830 48 0.526165783405304
12782 28 0.526098906993866
37170 48 0.5260980725288391
20343 29 0.525950014591217
41846 29 0.5259369015693665
76565 48 0.5258973240852356
66295 48 0.5254707336425781
71552 48 0.5252018570899963
54804 48 0.5250847339630127
45188 36 0.525058925151825
31031 48 0.5249316692352295
90738 48 0.5246618986129761
65425 48 0.5244051218032837
38869 29 0.5242388248443604
76922 48 0.524235188961029
52388 48 0.5242114663124084
75411 48 0.5241719484329224
67268 1 0.523979127407074
22028 48 0.5239171385765076
63407 48 0.5238288044929504
62881 1 0.5236731171607971
71586 48 0.5235990881919861
6325 48 0.5235472321510315
84663 48 0.5233315825462341
15449 48 0.5230074524879456
36920 48 0.5227634310722351
75101 48 0.5226714015007019
18351 36 0.522661566734314
86375 48 0.5225502252578735
37556 24 0.5223469734191895
53674 48 0.5220097303390503
64924 29 0.521885871887207
37168 48 0.5217896699905396
33041 8 0.5217740535736084
9303 36 0.5217674970626831
11261 48 0.5217230319976807
30913 48 0.5213421583175659
89391 48 0.5213384032249451
59393 48 0.5213245749473572
16386 28 0.5211952924728394
29227 29 0.5207851529121399
79382 8 0.5206817388534546
56636 28 0.5201230049133301
77424 29 0.5201056003570557
28462 48 0.5200902819633484
59144 8 0.5200631022453308
7829 48 0.5199620127677917
29604 48 0.5196841955184937
4377 28 0.5196729302406311
76367 48 0.5192661881446838
38366 48 0.519079864025116
30992 48 0.5186669230461121
48658 29 0.5185837149620056
47060 48 0.5185688138008118
48317 8 0.5180099010467529
8638 28 0.5178897976875305
13899 48 0.5178436040878296
66971 48 0.5177186131477356
74325 48 0.5176417827606201
25951 48 0.5176132917404175
19278 48 0.5176111459732056
43685 48 0.5175389647483826
54764 48 0.5173726081848145
23227 8 0.5172172784805298
37439 48 0.5171879529953003
65026 24 0.5168772339820862
79767 48 0.5168651938438416
77652 8 0.5165896415710449
34380 48 0.5165146589279175
69472 8 0.5160231590270996
77020 48 0.5159483551979065
64546 48 0.5157346725463867
36827 28 0.5155884027481079
15468 48 0.5154357552528381
30802 48 0.5152687430381775
168 48 0.5152453184127808
67505 8 0.5147913098335266
94761 48 0.5146842002868652
25682 29 0.5145948529243469
60182 48 0.5140496492385864
25759 29 0.5139573216438293
63595 28 0.5138853192329407
21291 28 0.513462483882904
62829 48 0.5134111046791077
94768 48 0.513343870639801
38205 48 0.5132997632026672
58052 48 0.5129575729370117
63411 28 0.5128745436668396
52421 48 0.5126160383224487
21167 8 0.5123192667961121
30194 48 0.5121943354606628
1711 48 0.5120724439620972
13715 48 0.5120028853416443
80190 48 0.5118117332458496
73414 28 0.5117382407188416
6445 24 0.5116183757781982
86374 48 0.511542797088623
18574 28 0.5114861130714417
52389 48 0.5105094909667969
56158 48 0.5102369785308838
15446 48 0.5101932287216187
20049 28 0.5101909041404724
11369 48 0.5101019144058228
26149 48 0.5096720457077026
2356 48 0.50954669713974
528 1 0.5093824863433838
37711 48 0.5091908574104309
79871 28 0.5090654492378235
89897 48 0.508926272392273
77347 9 0.508912980556488
64543 49 0.5087319612503052
93836 48 0.5085543394088745
20858 48 0.5085120797157288
32171 48 0.5084256529808044
31043 48 0.5083973407745361
38188 48 0.5083138346672058
79463 48 0.508259117603302
29842 24 0.508172333240509
69675 28 0.5081633925437927
76822 48 0.5078986883163452
74556 36 0.5075891017913818
31704 36 0.5073651671409607
58361 48 0.5072449445724487
78545 48 0.5069553852081299
22093 48 0.5069270730018616
69849 29 0.5068234205245972
53243 36 0.5066630244255066
22055 48 0.5066006779670715
22189 48 0.5065438151359558
86761 48 0.506210207939148
15881 36 0.5060935616493225
52330 28 0.5060684084892273
68165 29 0.5060615539550781
94783 48 0.5058748722076416
81645 8 0.5057397484779358
29581 48 0.5057309865951538
96130 28 0.5057149529457092
50494 48 0.5056622624397278
62821 48 0.5056540966033936
34363 48 0.5052523612976074
30239 29 0.505146324634552
56759 48 0.5050874352455139
27682 29 0.5049719214439392
11762 48 0.5048105716705322
29699 48 0.504731297492981
44501 48 0.5045666098594666
44284 48 0.5044830441474915
56289 48 0.5044270157814026
30830 48 0.5044262409210205
60167 48 0.5044074058532715
76391 48 0.504399836063385
37191 48 0.504157543182373
42024 8 0.5040509700775146
8980 48 0.5039528012275696
50777 48 0.5034759640693665
18149 28 0.5033630132675171
77032 48 0.502802848815918
74889 1 0.5024598836898804
51700 8 0.5024047493934631
82468 28 0.5024046897888184
32578 1 0.5023880004882812
84748 28 0.5019926428794861
2589 48 0.5019646883010864
41657 29 0.501828134059906
7646 48 0.5016353726387024
77031 48 0.5012363791465759
61354 28 0.5010346174240112
28120 28 0.500934362411499
49415 48 0.5006164312362671
68145 29 0.5002098679542542
52814 48 0.5000308752059937
76962 48 0.4999762177467346
5995 48 0.49960798025131226
32690 29 0.49958792328834534
11131 48 0.49957430362701416
17866 28 0.4995717406272888
15445 48 0.49930745363235474
76410 48 0.4992433786392212
73225 36 0.4992157518863678
22451 29 0.49915194511413574
93121 28 0.49902480840682983
68016 28 0.49894198775291443
49884 48 0.4987069070339203
87458 1 0.49858298897743225
71990 28 0.4983121156692505
1479 8 0.4982971251010895
37236 48 0.4978528916835785
44723 28 0.49779805541038513
72429 28 0.49776244163513184
13100 28 0.4976571798324585
2658 48 0.4976060390472412
68191 29 0.49724242091178894
84586 48 0.4971744120121002
15453 48 0.4969172477722168
41703 28 0.4966835081577301
79202 29 0.49650177359580994
37388 48 0.49636951088905334
52458 28 0.49613454937934875
56713 8 0.49603694677352905
7031 36 0.49595907330513
68458 1 0.49594247341156006
83290 29 0.4958423972129822
67791 36 0.4957472085952759
39898 29 0.4956222176551819
27536 29 0.4954867660999298
61810 28 0.49529796838760376
7017 48 0.49503853917121887
71824 48 0.49464935064315796
55987 28 0.49453336000442505
21166 36 0.4943293035030365
72782 28 0.49408653378486633
3340 48 0.49362093210220337
27702 8 0.4936128556728363
55077 36 0.4936060607433319
31178 28 0.4935305714607239
61547 48 0.4935191869735718
73034 29 0.49259448051452637
5333 24 0.49231866002082825
75597 48 0.4918106198310852
65165 28 0.4905935525894165
39208 28 0.49029281735420227
51074 28 0.49026134610176086
3009 28 0.49014878273010254
87096 28 0.4901064336299896
67583 29 0.4898841679096222
16623 28 0.4896847903728485
88578 24 0.48902928829193115
74231 48 0.4888378977775574
57257 8 0.48876044154167175
77250 8 0.48830747604370117
74263 48 0.48827600479125977
6547 28 0.4880863428115845
79430 48 0.4876760244369507
90648 28 0.48764580488204956
75496 48 0.4869902729988098
68484 8 0.48696115612983704
10169 48 0.4866715669631958
47062 48 0.48556092381477356
80702 48 0.4853845536708832
30861 48 0.48473915457725525
48435 29 0.4844817817211151
39306 1 0.48398566246032715
87271 28 0.48396918177604675
58130 48 0.48394590616226196
84726 24 0.48386701941490173
29870 36 0.4835634231567383
37387 48 0.4831537902355194
73287 36 0.48297181725502014
42029 8 0.48279574513435364
87150 28 0.48213693499565125
92084 48 0.4820997416973114
22818 28 0.48202621936798096
63599 1 0.4820202589035034
80704 48 0.4815461337566376
47859 28 0.48148053884506226
30534 29 0.48145604133605957
79490 48 0.4809555411338806
28374 8 0.48038819432258606
20473 29 0.48026108741760254
38916 29 0.4802301228046417
48417 28 0.48022928833961487
27811 28 0.48011457920074463
84877 48 0.47982919216156006
70072 8 0.4798155128955841
74254 48 0.47953036427497864
74268 48 0.47939127683639526
59343 48 0.4790160655975342
33359 8 0.4789714813232422
41194 28 0.47853174805641174
17033 28 0.4783610999584198
8672 28 0.47816765308380127
75196 36 0.47781071066856384
73349 29 0.4777385890483856
3281 48 0.4774801433086395
8628 36 0.4773801565170288
73205 36 0.4771507680416107
8884 24 0.4763296842575073
34464 6 0.4758537709712982
18280 36 0.47507089376449585
35484 28 0.4749937951564789
83175 28 0.47472015023231506
59381 48 0.4742547869682312
67224 8 0.4736121594905853
75500 48 0.4729101061820984
87323 48 0.4727146625518799
1572 28 0.47271326184272766
24303 24 0.4727100133895874
27117 8 0.47233957052230835
77017 48 0.4720532298088074
24888 24 0.4709859788417816
21534 28 0.47098493576049805
80139 24 0.47091397643089294
79664 24 0.47079578042030334
82976 1 0.4705861806869507
38906 29 0.4704103171825409
69254 1 0.47018736600875854
12030 24 0.4695263206958771
32855 8 0.4685504734516144
1270 48 0.46853893995285034
86386 24 0.46833568811416626
50191 24 0.46821603178977966
37458 48 0.46806418895721436
18891 8 0.46801239252090454
33358 36 0.4671229422092438
85676 24 0.4671080708503723
81415 28 0.46669092774391174
61689 28 0.4663233160972595
84162 28 0.46532726287841797
60315 48 0.4652288258075714
42031 29 0.46519899368286133
85962 28 0.4645440876483917
62276 8 0.4644971191883087
39099 8 0.4644424319267273
37443 48 0.4634154736995697
48526 28 0.4624466896057129
46775 8 0.46230563521385193
76703 8 0.46186986565589905
37164 48 0.46181413531303406
85121 28 0.4617948532104492
56639 1 0.46102920174598694
23783 28 0.4600937068462372
18601 8 0.4600053131580353
77875 6 0.45972004532814026
93927 48 0.4595150947570801
28969 23 0.4591307044029236
74487 8 0.4587792158126831
37125 24 0.45864731073379517
68179 8 0.4571848511695862
24760 1 0.4569590389728546
13564 28 0.4561127722263336
74657 29 0.45599520206451416
56742 24 0.4554746150970459
29755 8 0.4548311233520508
37045 48 0.4545348584651947
66992 8 0.4543067514896393
19244 28 0.4534960091114044
17579 28 0.45299094915390015
73234 8 0.4526488482952118
54934 8 0.45250409841537476
31706 36 0.45107561349868774
68516 8 0.45089516043663025
64385 8 0.45086991786956787
23839 28 0.44950056076049805
66880 36 0.44901925325393677
48120 6 0.448831170797348
83302 48 0.44853368401527405
68601 8 0.44815078377723694
22668 1 0.4477800130844116
59148 8 0.4477069079875946
87981 1 0.44760048389434814
37109 48 0.4475001096725464
48220 8 0.447380006313324
67089 48 0.44728341698646545
12125 8 0.4459174573421478
19184 8 0.4457148313522339
64300 8 0.4444577395915985
64249 36 0.44433969259262085
18342 36 0.4435670077800751
57610 8 0.4417192339897156
56155 8 0.4413791596889496
30993 48 0.4400990307331085
21461 28 0.43982577323913574
16326 1 0.43913978338241577
22704 28 0.4390081763267517
62875 8 0.4389793276786804
83610 8 0.4388587772846222
50341 8 0.43816429376602173
69447 8 0.43811947107315063
41484 8 0.43810662627220154
83533 24 0.4377148747444153
51701 8 0.4369339346885681
81054 8 0.4366988241672516
41298 24 0.4363030791282654
36661 8 0.43577641248703003
26124 28 0.43564891815185547
13095 8 0.4352738857269287
73264 36 0.4349747896194458
27294 8 0.4349464178085327
63363 48 0.434119313955307
36739 50 0.4333789646625519
20596 8 0.4326697587966919
88658 6 0.4323720335960388
68608 8 0.43068310618400574
26756 9 0.43043285608291626
74563 8 0.43038052320480347
27081 8 0.4301903247833252
8673 24 0.4293099045753479
83289 28 0.42832833528518677
61297 24 0.4274007976055145
75495 48 0.4267674386501312
54065 8 0.42660990357398987
16861 36 0.4250440001487732
31480 6 0.4249284565448761
68713 8 0.4246183931827545
63971 8 0.42454472184181213
63905 8 0.42366304993629456
66841 36 0.423523485660553
80633 48 0.42347297072410583
76226 9 0.42305585741996765
26349 8 0.4228217303752899
80025 8 0.4225253164768219
14009 1 0.42236581444740295
30608 8 0.4222782850265503
39341 8 0.42208823561668396
62238 8 0.42180120944976807
86346 29 0.4215761721134186
67781 8 0.4214065968990326
29109 8 0.42065542936325073
20469 28 0.4204913079738617
67048 8 0.42026379704475403
47121 8 0.4187265932559967
52724 8 0.41856053471565247
72079 8 0.4182320833206177
4089 24 0.41812798380851746
26664 36 0.4166877269744873
69201 8 0.41540980339050293
51274 8 0.41497164964675903
20612 8 0.41425228118896484
5734 8 0.41389378905296326
70002 8 0.4134924113750458
61809 1 0.41341227293014526
43712 8 0.41328758001327515
81086 36 0.41296303272247314
18181 8 0.412750244140625
12358 8 0.41232481598854065
72047 8 0.4122714400291443
30137 24 0.41193443536758423
18201 8 0.411786288022995
53676 8 0.41176432371139526
28818 8 0.41152387857437134
29226 8 0.4114057719707489
18024 8 0.4110593795776367
73422 8 0.4104804992675781
48551 8 0.41003891825675964
31422 8 0.4098091721534729
66990 8 0.40940338373184204
64352 6 0.40901681780815125
90146 1 0.4089316427707672
75093 48 0.4089007079601288
75580 49 0.40799960494041443
48481 29 0.40693727135658264
63933 29 0.4067586362361908
73424 8 0.406661719083786
86773 24 0.40658727288246155
45924 8 0.40615859627723694
32874 8 0.405650794506073
39964 28 0.40498220920562744
35053 8 0.4047817587852478
19219 8 0.4043296277523041
75600 48 0.404321551322937
27488 9 0.40406540036201477
3825 36 0.4034517705440521
74762 36 0.40322721004486084
24987 8 0.40283796191215515
41873 36 0.4022429287433624
32783 8 0.40223708748817444
52474 36 0.40214428305625916
87115 9 0.40195703506469727
57442 8 0.4019416272640228
5735 36 0.40115103125572205
12899 8 0.40037015080451965
1618 8 0.400195449590683
24735 28 0.400149941444397
49498 8 0.3998393416404724
38471 8 0.3994998633861542
68499 9 0.39708301424980164
62013 36 0.3957454562187195
24029 1 0.39562639594078064
71539 24 0.3943657875061035
47682 8 0.3939112424850464
26032 8 0.3939070701599121
31017 48 0.39376750588417053
59484 48 0.39355477690696716
14964 8 0.39349454641342163
62283 9 0.3924143314361572
6942 8 0.3919430673122406
64459 50 0.3912810683250427
13097 36 0.3909641206264496
27345 8 0.39053598046302795
47776 9 0.3904348611831665
28994 8 0.39011579751968384
34622 8 0.3893436789512634
29819 8 0.3893185555934906
68052 29 0.38919156789779663
59887 36 0.38905003666877747
47687 36 0.3881581723690033
82138 28 0.38687652349472046
39209 8 0.38652071356773376
37068 24 0.38592931628227234
25049 8 0.38573625683784485
75461 48 0.38548845052719116
80802 8 0.3850373327732086
72614 24 0.3849703073501587
19711 8 0.384822815656662
71507 8 0.3847823143005371
33228 8 0.38358548283576965
24763 8 0.38303646445274353
37138 48 0.38268330693244934
35124 24 0.3824944794178009
32485 8 0.38245058059692383
29077 8 0.38012611865997314
51382 8 0.37897276878356934
64981 8 0.37814825773239136
21491 8 0.3779643476009369
78083 36 0.377104789018631
53106 36 0.3769826889038086
59146 36 0.37651771306991577
43008 24 0.3760661780834198
76110 8 0.3751966953277588
74158 8 0.37419238686561584
72653 8 0.3737034797668457
70609 8 0.37341955304145813
34211 8 0.3730793595314026
46703 8 0.3725797235965729
36699 8 0.37252330780029297
19698 8 0.372088760137558
69071 8 0.3719366192817688
3795 8 0.3718876838684082
31056 48 0.3714880347251892
20518 8 0.37126022577285767
59986 8 0.37124213576316833
30087 8 0.36950066685676575
90271 8 0.3687906861305237
67236 8 0.368712455034256
28209 8 0.36795032024383545
17505 36 0.36706042289733887
80937 29 0.366434782743454
47774 36 0.36566048860549927
69463 36 0.3631148338317871
33817 8 0.36293891072273254
57588 8 0.36247870326042175
75839 8 0.3624054789543152
29297 8 0.3616921901702881
57118 29 0.36089009046554565
72041 8 0.3608691990375519
67704 8 0.3597084581851959
81384 8 0.35947439074516296
4902 8 0.3592630922794342
32992 8 0.3556223213672638
32059 8 0.3554457426071167
62230 8 0.35477960109710693
96444 1 0.3546781539916992
32662 8 0.35465648770332336
27676 8 0.3535624146461487
54940 8 0.35334479808807373
83212 8 0.35320785641670227
74092 8 0.35281115770339966
5633 6 0.3517911732196808
33744 36 0.3517134487628937
18872 8 0.3511776328086853
3808 8 0.35071852803230286
19060 8 0.35053715109825134
32576 8 0.3504616618156433
27594 8 0.3502681255340576
33236 9 0.3499338924884796
53666 9 0.34933197498321533
19059 8 0.349219411611557
991 8 0.34848132729530334
95630 8 0.3481440842151642
69495 8 0.3475601077079773
20021 8 0.34734565019607544
74277 24 0.34653982520103455
10540 9 0.3451404273509979
68093 8 0.3437104821205139
55351 8 0.3429616689682007
71524 8 0.3416670560836792
86079 36 0.3410082757472992
39630 8 0.3408406972885132
46680 8 0.34063127636909485
51598 36 0.33923277258872986
79371 36 0.3385370075702667
64236 36 0.33835700154304504
19638 1 0.3362311124801636
36732 36 0.3355324864387512
75363 8 0.33532679080963135
34203 8 0.3346770405769348
62674 8 0.33353063464164734
10221 8 0.3334925174713135
31768 8 0.3324141800403595
61808 9 0.33235564827919006
60706 48 0.3316055238246918
79366 8 0.3312782943248749
58574 8 0.32938775420188904
56864 8 0.3291437327861786
23808 24 0.32879704236984253
21832 8 0.3287383019924164
61107 28 0.3285926282405853
19485 9 0.3283393085002899
31765 48 0.3277598023414612
16507 36 0.3259037435054779
23160 8 0.3234648108482361
76109 8 0.3229387402534485
74747 8 0.3224066197872162
71434 28 0.3220537602901459
87449 8 0.32073962688446045
87908 8 0.3197789490222931
62507 36 0.3180108368396759
7413 8 0.31781163811683655
74837 36 0.31728431582450867
34767 23 0.31595611572265625
36247 36 0.3148305118083954
71984 8 0.31373777985572815
57109 8 0.3129071295261383
24831 8 0.3120644986629486
13452 9 0.31160882115364075
38408 1 0.3114042580127716
84819 49 0.30837222933769226
27659 8 0.307624876499176
7100 8 0.3071339726448059
883 8 0.30485057830810547
8871 8 0.3046227693557739
32763 8 0.30421727895736694
67116 8 0.30381131172180176
29030 36 0.3027937710285187
56907 8 0.3018316924571991
37124 48 0.2961367666721344
27508 36 0.29547157883644104
57070 8 0.29434046149253845
18302 8 0.28493523597717285
54961 8 0.2848030924797058
86703 24 0.28017738461494446
20671 29 0.2800084948539734
27009 36 0.27699825167655945
46460 8 0.27623432874679565
31984 1 0.25776636600494385
71339 8 0.2462047040462494
32431 36 0.24561874568462372
44128 1 0.2269929051399231
