1.0 0.0
1.0 0.0005678591709256105
1.0 0.001135718341851221
1.0 0.0017035775127768314
1.0 0.002271436683702442
1.0 0.0028392958546280523
1.0 0.0034071550255536627
1.0 0.003975014196479273
1.0 0.004542873367404884
1.0 0.005110732538330494
1.0 0.0056785917092561046
0.9090909090909091 0.0056785917092561046
0.9166666666666666 0.006246450880181715
0.9230769230769231 0.0068143100511073255
0.9285714285714286 0.0073821692220329355
0.9333333333333333 0.007950028392958546
0.875 0.007950028392958546
0.8823529411764706 0.008517887563884156
0.8888888888888888 0.009085746734809767
0.8947368421052632 0.009653605905735378
0.9 0.010221465076660987
0.9047619047619048 0.010789324247586598
0.9090909090909091 0.011357183418512209
0.8695652173913043 0.011357183418512209
0.875 0.01192504258943782
0.84 0.01192504258943782
0.8461538461538461 0.01249290176036343
0.8518518518518519 0.01306076093128904
0.8571428571428571 0.013628620102214651
0.8620689655172413 0.014196479273140262
0.8666666666666667 0.014764338444065871
0.8709677419354839 0.015332197614991482
0.875 0.01590005678591709
0.8787878787878788 0.016467915956842702
0.8823529411764706 0.017035775127768313
0.8857142857142857 0.017603634298693924
0.8888888888888888 0.018171493469619535
0.8918918918918919 0.018739352640545145
0.8947368421052632 0.019307211811470756
0.8717948717948718 0.019307211811470756
0.85 0.019307211811470756
0.8536585365853658 0.019875070982396367
0.8333333333333334 0.019875070982396367
0.8372093023255814 0.020442930153321975
0.8181818181818182 0.020442930153321975
0.8 0.020442930153321975
0.8043478260869565 0.021010789324247586
0.7872340425531915 0.021010789324247586
0.7916666666666666 0.021578648495173196
0.7959183673469388 0.022146507666098807
0.8 0.022714366837024418
0.803921568627451 0.02328222600795003
0.8076923076923077 0.02385008517887564
0.8113207547169812 0.02441794434980125
0.7962962962962963 0.02441794434980125
0.7818181818181819 0.02441794434980125
0.7857142857142857 0.02498580352072686
0.7894736842105263 0.02555366269165247
0.7931034482758621 0.02612152186257808
0.7966101694915254 0.02668938103350369
0.8 0.027257240204429302
0.7868852459016393 0.027257240204429302
0.7903225806451613 0.027825099375354913
0.7936507936507936 0.028392958546280524
0.78125 0.028392958546280524
0.7692307692307693 0.028392958546280524
0.7575757575757576 0.028392958546280524
0.7611940298507462 0.028960817717206135
0.75 0.028960817717206135
0.7391304347826086 0.028960817717206135
0.7428571428571429 0.029528676888131742
0.7323943661971831 0.029528676888131742
0.7361111111111112 0.030096536059057353
0.7397260273972602 0.030664395229982964
0.7432432432432432 0.031232254400908575
0.7333333333333333 0.031232254400908575
0.7236842105263158 0.031232254400908575
0.7272727272727273 0.03180011357183418
0.7307692307692307 0.03236797274275979
0.7341772151898734 0.032935831913685404
0.7375 0.033503691084611015
0.7283950617283951 0.033503691084611015
0.7317073170731707 0.034071550255536626
0.7228915662650602 0.034071550255536626
0.7261904761904762 0.034639409426462237
0.7294117647058823 0.03520726859738785
0.7325581395348837 0.03577512776831346
0.735632183908046 0.03634298693923907
0.7272727272727273 0.03634298693923907
0.7191011235955056 0.03634298693923907
0.7222222222222222 0.03691084611016468
0.7142857142857143 0.03691084611016468
0.717391304347826 0.03747870528109029
0.7204301075268817 0.0380465644520159
0.723404255319149 0.03861442362294151
0.7157894736842105 0.03861442362294151
0.7083333333333334 0.03861442362294151
0.711340206185567 0.039182282793867124
0.7142857142857143 0.039750141964792735
0.7171717171717171 0.04031800113571834
0.72 0.04088586030664395
0.7227722772277227 0.04145371947756956
0.7254901960784313 0.04202157864849517
0.7281553398058253 0.04258943781942078
0.7211538461538461 0.04258943781942078
0.7238095238095238 0.04315729699034639
0.7264150943396226 0.043725156161272004
0.719626168224299 0.043725156161272004
0.7222222222222222 0.044293015332197615
0.7247706422018348 0.044860874503123226
0.7181818181818181 0.044860874503123226
0.7117117117117117 0.044860874503123226
0.7053571428571429 0.044860874503123226
0.7079646017699115 0.045428733674048836
0.7105263157894737 0.04599659284497445
0.7130434782608696 0.04656445201590006
0.7155172413793104 0.04713231118682567
0.717948717948718 0.04770017035775128
0.7203389830508474 0.04826802952867689
0.7142857142857143 0.04826802952867689
0.7166666666666667 0.0488358886996025
0.7107438016528925 0.0488358886996025
0.7131147540983607 0.049403747870528106
0.7073170731707317 0.049403747870528106
0.7016129032258065 0.049403747870528106
0.696 0.049403747870528106
0.6904761904761905 0.049403747870528106
0.6929133858267716 0.04997160704145372
0.6875 0.04997160704145372
0.689922480620155 0.05053946621237933
0.6923076923076923 0.05110732538330494
0.6946564885496184 0.05167518455423055
0.696969696969697 0.05224304372515616
0.6992481203007519 0.05281090289608177
0.6940298507462687 0.05281090289608177
0.6962962962962963 0.05337876206700738
0.6911764705882353 0.05337876206700738
0.6934306569343066 0.05394662123793299
0.6884057971014492 0.05394662123793299
0.6834532374100719 0.05394662123793299
0.6857142857142857 0.054514480408858604
0.6879432624113475 0.055082339579784215
0.6901408450704225 0.055650198750709826
0.6923076923076923 0.056218057921635436
0.6944444444444444 0.05678591709256105
0.6896551724137931 0.05678591709256105
0.6917808219178082 0.05735377626348666
0.6938775510204082 0.05792163543441227
0.6959459459459459 0.05848949460533787
0.697986577181208 0.059057353776263484
0.7 0.059625212947189095
0.7019867549668874 0.060193072118114706
0.7039473684210527 0.06076093128904032
0.6993464052287581 0.06076093128904032
0.7012987012987013 0.06132879045996593
0.7032258064516129 0.06189664963089154
0.7051282051282052 0.06246450880181715
0.7006369426751592 0.06246450880181715
0.7025316455696202 0.06303236797274275
0.6981132075471698 0.06303236797274275
0.7 0.06360022714366836
0.6956521739130435 0.06360022714366836
0.6975308641975309 0.06416808631459398
0.6993865030674846 0.06473594548551959
0.6951219512195121 0.06473594548551959
0.6909090909090909 0.06473594548551959
0.6927710843373494 0.0653038046564452
0.6946107784431138 0.06587166382737081
0.6904761904761905 0.06587166382737081
0.6863905325443787 0.06587166382737081
0.6823529411764706 0.06587166382737081
0.6842105263157895 0.06643952299829642
0.6802325581395349 0.06643952299829642
0.6820809248554913 0.06700738216922203
0.6839080459770115 0.06757524134014764
0.6857142857142857 0.06814310051107325
0.6875 0.06871095968199886
0.6836158192090396 0.06871095968199886
0.6797752808988764 0.06871095968199886
0.6815642458100558 0.06927881885292447
0.6777777777777778 0.06927881885292447
0.6740331491712708 0.06927881885292447
0.6703296703296703 0.06927881885292447
0.6721311475409836 0.06984667802385008
0.6739130434782609 0.0704145371947757
0.6756756756756757 0.0709823963657013
0.6774193548387096 0.07155025553662692
0.679144385026738 0.07211811470755253
0.6808510638297872 0.07268597387847814
0.6772486772486772 0.07268597387847814
0.6789473684210526 0.07325383304940375
0.675392670157068 0.07325383304940375
0.671875 0.07325383304940375
0.6735751295336787 0.07382169222032936
0.6752577319587629 0.07438955139125497
0.676923076923077 0.07495741056218058
0.6785714285714286 0.07552526973310619
0.6802030456852792 0.0760931289040318
0.6818181818181818 0.07666098807495741
0.678391959798995 0.07666098807495741
0.675 0.07666098807495741
0.6766169154228856 0.07722884724588303
0.6732673267326733 0.07722884724588303
0.6699507389162561 0.07722884724588303
0.6715686274509803 0.07779670641680864
0.6731707317073171 0.07836456558773425
0.6699029126213593 0.07836456558773425
0.6666666666666666 0.07836456558773425
0.6682692307692307 0.07893242475865986
0.6698564593301436 0.07950028392958547
0.6666666666666666 0.07950028392958547
0.6682464454976303 0.08006814310051108
0.6698113207547169 0.08063600227143668
0.6713615023474179 0.08120386144236229
0.6682242990654206 0.08120386144236229
0.6651162790697674 0.08120386144236229
0.6620370370370371 0.08120386144236229
0.6589861751152074 0.08120386144236229
0.6605504587155964 0.0817717206132879
0.6621004566210046 0.08233957978421351
0.6636363636363637 0.08290743895513912
0.665158371040724 0.08347529812606473
0.6666666666666666 0.08404315729699034
0.6681614349775785 0.08461101646791595
0.6696428571428571 0.08517887563884156
0.6666666666666666 0.08517887563884156
0.668141592920354 0.08574673480976717
0.6696035242290749 0.08631459398069279
0.6710526315789473 0.0868824531516184
0.6724890829694323 0.08745031232254401
0.6695652173913044 0.08745031232254401
0.670995670995671 0.08801817149346962
0.6681034482758621 0.08801817149346962
0.6652360515021459 0.08801817149346962
0.6666666666666666 0.08858603066439523
0.6680851063829787 0.08915388983532084
0.6652542372881356 0.08915388983532084
0.6666666666666666 0.08972174900624645
0.6680672268907563 0.09028960817717206
0.6694560669456067 0.09085746734809767
0.6708333333333333 0.09142532651902328
0.6721991701244814 0.0919931856899489
0.6694214876033058 0.0919931856899489
0.6666666666666666 0.0919931856899489
0.6680327868852459 0.0925610448608745
0.6693877551020408 0.09312890403180012
0.6666666666666666 0.09312890403180012
0.6680161943319838 0.09369676320272573
0.6653225806451613 0.09369676320272573
0.6666666666666666 0.09426462237365134
0.668 0.09483248154457695
0.6693227091633466 0.09540034071550256
0.6706349206349206 0.09596819988642817
0.6719367588932806 0.09653605905735378
0.6692913385826772 0.09653605905735378
0.6705882352941176 0.09710391822827939
0.66796875 0.09710391822827939
0.6653696498054474 0.09710391822827939
0.6666666666666666 0.097671777399205
0.6640926640926641 0.097671777399205
0.6615384615384615 0.097671777399205
0.6590038314176245 0.097671777399205
0.6603053435114504 0.0982396365701306
0.6577946768060836 0.0982396365701306
0.6553030303030303 0.0982396365701306
0.6566037735849056 0.09880749574105621
0.6541353383458647 0.09880749574105621
0.6554307116104869 0.09937535491198182
0.6567164179104478 0.09994321408290743
0.6579925650557621 0.10051107325383304
0.6592592592592592 0.10107893242475866
0.6605166051660517 0.10164679159568427
0.6617647058823529 0.10221465076660988
0.6593406593406593 0.10221465076660988
0.656934306569343 0.10221465076660988
0.6545454545454545 0.10221465076660988
0.6557971014492754 0.10278250993753549
0.6570397111913358 0.1033503691084611
0.658273381294964 0.10391822827938671
0.6559139784946236 0.10391822827938671
0.6535714285714286 0.10391822827938671
0.6548042704626335 0.10448608745031232
0.6560283687943262 0.10505394662123793
0.6537102473498233 0.10505394662123793
0.6549295774647887 0.10562180579216354
0.6526315789473685 0.10562180579216354
0.6503496503496503 0.10562180579216354
0.6480836236933798 0.10562180579216354
0.6493055555555556 0.10618966496308915
0.6505190311418685 0.10675752413401476
0.6517241379310345 0.10732538330494037
0.6494845360824743 0.10732538330494037
0.6472602739726028 0.10732538330494037
0.6484641638225256 0.10789324247586599
0.6462585034013606 0.10789324247586599
0.6440677966101694 0.10789324247586599
0.6452702702702703 0.1084611016467916
0.6430976430976431 0.1084611016467916
0.6409395973154363 0.1084611016467916
0.6421404682274248 0.10902896081771721
0.6433333333333333 0.10959681998864282
0.6445182724252492 0.11016467915956843
0.6456953642384106 0.11073253833049404
0.6468646864686468 0.11130039750141965
0.6480263157894737 0.11186825667234526
0.6459016393442623 0.11186825667234526
0.6470588235294118 0.11243611584327087
0.6449511400651465 0.11243611584327087
0.6461038961038961 0.11300397501419648
0.6440129449838188 0.11300397501419648
0.6451612903225806 0.1135718341851221
0.6430868167202572 0.1135718341851221
0.6410256410256411 0.1135718341851221
0.6421725239616614 0.1141396933560477
0.6401273885350318 0.1141396933560477
0.638095238095238 0.1141396933560477
0.6392405063291139 0.11470755252697332
0.637223974763407 0.11470755252697332
0.6352201257861635 0.11470755252697332
0.6363636363636364 0.11527541169789893
0.634375 0.11527541169789893
0.632398753894081 0.11527541169789893
0.6304347826086957 0.11527541169789893
0.631578947368421 0.11584327086882454
0.6296296296296297 0.11584327086882454
0.6276923076923077 0.11584327086882454
0.6257668711656442 0.11584327086882454
0.6238532110091743 0.11584327086882454
0.625 0.11641113003975014
0.6261398176291794 0.11697898921067575
0.6272727272727273 0.11754684838160136
0.6253776435045317 0.11754684838160136
0.6265060240963856 0.11811470755252697
0.6276276276276276 0.11868256672345258
0.625748502994012 0.11868256672345258
0.6238805970149254 0.11868256672345258
0.6220238095238095 0.11868256672345258
0.6201780415430267 0.11868256672345258
0.6183431952662722 0.11868256672345258
0.616519174041298 0.11868256672345258
0.6176470588235294 0.11925042589437819
0.6158357771260997 0.11925042589437819
0.6140350877192983 0.11925042589437819
0.6151603498542274 0.1198182850653038
0.6162790697674418 0.12038614423622941
0.6173913043478261 0.12095400340715502
0.615606936416185 0.12095400340715502
0.6167146974063401 0.12152186257808063
0.617816091954023 0.12208972174900624
0.6189111747851003 0.12265758091993186
0.62 0.12322544009085747
0.6182336182336182 0.12322544009085747
0.6193181818181818 0.12379329926178308
0.6203966005665722 0.12436115843270869
0.6186440677966102 0.12436115843270869
0.6197183098591549 0.1249290176036343
0.6207865168539326 0.1254968767745599
0.6190476190476191 0.1254968767745599
0.6201117318435754 0.1260647359454855
0.6183844011142061 0.1260647359454855
0.6166666666666667 0.1260647359454855
0.6177285318559557 0.12663259511641112
0.6187845303867403 0.12720045428733673
0.6198347107438017 0.12776831345826234
0.6181318681318682 0.12776831345826234
0.6191780821917808 0.12833617262918795
0.6174863387978142 0.12833617262918795
0.6185286103542235 0.12890403180011356
0.6168478260869565 0.12890403180011356
0.6151761517615176 0.12890403180011356
0.6135135135135135 0.12890403180011356
0.6145552560646901 0.12947189097103917
0.6129032258064516 0.12947189097103917
0.613941018766756 0.13003975014196478
0.6149732620320856 0.1306076093128904
0.616 0.131175468483816
0.6170212765957447 0.13174332765474162
0.6180371352785146 0.13231118682566723
0.6190476190476191 0.13287904599659284
0.6200527704485488 0.13344690516751845
0.618421052631579 0.13344690516751845
0.6194225721784777 0.13401476433844406
0.6178010471204188 0.13401476433844406
0.618798955613577 0.13458262350936967
0.6171875 0.13458262350936967
0.6155844155844156 0.13458262350936967
0.616580310880829 0.13515048268029528
0.6175710594315246 0.1357183418512209
0.6185567010309279 0.1362862010221465
0.6195372750642674 0.1368540601930721
0.617948717948718 0.1368540601930721
0.6163682864450127 0.1368540601930721
0.6173469387755102 0.13742191936399772
0.6157760814249363 0.13742191936399772
0.6142131979695431 0.13742191936399772
0.6151898734177215 0.13798977853492334
0.6136363636363636 0.13798977853492334
0.6146095717884131 0.13855763770584895
0.6155778894472361 0.13912549687677456
0.6140350877192983 0.13912549687677456
0.615 0.13969335604770017
0.6159600997506235 0.14026121521862578
0.6169154228855721 0.1408290743895514
0.6178660049627791 0.141396933560477
0.6188118811881188 0.1419647927314026
0.6172839506172839 0.1419647927314026
0.6182266009852216 0.14253265190232822
0.6167076167076168 0.14253265190232822
0.6151960784313726 0.14253265190232822
0.6136919315403423 0.14253265190232822
0.6146341463414634 0.14310051107325383
0.6155717761557178 0.14366837024417944
0.616504854368932 0.14423622941510506
0.6174334140435835 0.14480408858603067
0.6183574879227053 0.14537194775695628
0.619277108433735 0.1459398069278819
0.6177884615384616 0.1459398069278819
0.6163069544364509 0.1459398069278819
0.6172248803827751 0.1465076660988075
0.6157517899761337 0.1465076660988075
0.6166666666666667 0.1470755252697331
0.6152019002375297 0.1470755252697331
0.6137440758293838 0.1470755252697331
0.6122931442080378 0.1470755252697331
0.6132075471698113 0.14764338444065872
0.6141176470588235 0.14821124361158433
0.6150234741784038 0.14877910278250994
0.6159250585480094 0.14934696195343555
0.6144859813084113 0.14934696195343555
0.6153846153846154 0.14991482112436116
0.6139534883720931 0.14991482112436116
0.6148491879350348 0.15048268029528677
0.6134259259259259 0.15048268029528677
0.6143187066974596 0.15105053946621239
0.6152073732718893 0.151618398637138
0.6137931034482759 0.151618398637138
0.6146788990825688 0.1521862578080636
0.6132723112128147 0.1521862578080636
0.6141552511415526 0.15275411697898922
0.6150341685649203 0.15332197614991483
0.6136363636363636 0.15332197614991483
0.6122448979591837 0.15332197614991483
0.6131221719457014 0.15388983532084044
0.6139954853273137 0.15445769449176605
0.6148648648648649 0.15502555366269166
0.6157303370786517 0.15559341283361727
0.6165919282511211 0.15616127200454288
0.6174496644295302 0.1567291311754685
0.6160714285714286 0.1567291311754685
0.6169265033407573 0.1572969903463941
0.6155555555555555 0.1572969903463941
0.6164079822616408 0.15786484951731972
0.6150442477876106 0.15786484951731972
0.6136865342163356 0.15786484951731972
0.6123348017621145 0.15786484951731972
0.610989010989011 0.15786484951731972
0.6118421052631579 0.15843270868824533
0.612691466083151 0.15900056785917094
0.611353711790393 0.15900056785917094
0.6100217864923747 0.15900056785917094
0.6108695652173913 0.15956842703009655
0.6117136659436009 0.16013628620102216
0.6125541125541125 0.16070414537194777
0.6112311015118791 0.16070414537194777
0.6099137931034483 0.16070414537194777
0.610752688172043 0.16127200454287335
0.6115879828326181 0.16183986371379896
0.6124197002141327 0.16240772288472458
0.6111111111111112 0.16240772288472458
0.6119402985074627 0.1629755820556502
0.6127659574468085 0.1635434412265758
0.6114649681528662 0.1635434412265758
0.6122881355932204 0.1641113003975014
0.6131078224101479 0.16467915956842702
0.6139240506329114 0.16524701873935263
0.6126315789473684 0.16524701873935263
0.6113445378151261 0.16524701873935263
0.6121593291404612 0.16581487791027824
0.6129707112970711 0.16638273708120385
0.6116910229645094 0.16638273708120385
0.6104166666666667 0.16638273708120385
0.6091476091476091 0.16638273708120385
0.6099585062240664 0.16695059625212946
0.6086956521739131 0.16695059625212946
0.6074380165289256 0.16695059625212946
0.6082474226804123 0.16751845542305507
0.6069958847736625 0.16751845542305507
0.6078028747433265 0.16808631459398068
0.6065573770491803 0.16808631459398068
0.6053169734151329 0.16808631459398068
0.6061224489795919 0.1686541737649063
0.604887983706721 0.1686541737649063
0.6056910569105691 0.1692220329358319
0.6064908722109533 0.16978989210675752
0.6052631578947368 0.16978989210675752
0.6060606060606061 0.17035775127768313
0.6068548387096774 0.17092561044860874
0.6056338028169014 0.17092561044860874
0.6044176706827309 0.17092561044860874
0.6032064128256514 0.17092561044860874
0.604 0.17149346961953435
0.6047904191616766 0.17206132879045996
0.603585657370518 0.17206132879045996
0.6043737574552683 0.17262918796138557
0.6031746031746031 0.17262918796138557
0.601980198019802 0.17262918796138557
0.6027667984189723 0.17319704713231118
0.6035502958579881 0.1737649063032368
0.6043307086614174 0.1743327654741624
0.6031434184675835 0.1743327654741624
0.6039215686274509 0.17490062464508802
0.6046966731898239 0.17546848381601363
0.603515625 0.17546848381601363
0.6023391812865497 0.17546848381601363
0.6011673151750972 0.17546848381601363
0.6019417475728155 0.17603634298693924
0.6027131782945736 0.17660420215786485
0.6015473887814313 0.17660420215786485
0.6003861003861004 0.17660420215786485
0.5992292870905588 0.17660420215786485
0.5980769230769231 0.17660420215786485
0.5988483685220729 0.17717206132879046
0.5977011494252874 0.17717206132879046
0.5984703632887189 0.17773992049971607
0.5992366412213741 0.17830777967064168
0.6 0.1788756388415673
0.6007604562737643 0.1794434980124929
0.5996204933586338 0.1794434980124929
0.5984848484848485 0.1794434980124929
0.5973534971644613 0.1794434980124929
0.5962264150943396 0.1794434980124929
0.5969868173258004 0.1800113571834185
0.5977443609022557 0.18057921635434412
0.5984990619136961 0.18114707552526974
0.5973782771535581 0.18114707552526974
0.5962616822429907 0.18114707552526974
0.5970149253731343 0.18171493469619535
0.5977653631284916 0.18228279386712096
0.5966542750929368 0.18228279386712096
0.5955473098330241 0.18228279386712096
0.5962962962962963 0.18285065303804657
0.5970425138632163 0.18341851220897218
0.5959409594095941 0.18341851220897218
0.5966850828729282 0.1839863713798978
0.5955882352941176 0.1839863713798978
0.5944954128440367 0.1839863713798978
0.5952380952380952 0.1845542305508234
0.5941499085923218 0.1845542305508234
0.593065693430657 0.1845542305508234
0.5919854280510018 0.1845542305508234
0.5909090909090909 0.1845542305508234
0.5898366606170599 0.1845542305508234
0.5905797101449275 0.185122089721749
0.5913200723327305 0.18568994889267462
0.592057761732852 0.18625780806360023
0.5927927927927928 0.18682566723452584
0.591726618705036 0.18682566723452584
0.59245960502693 0.18739352640545145
0.5913978494623656 0.18739352640545145
0.592128801431127 0.18796138557637707
0.5910714285714286 0.18796138557637707
0.5900178253119429 0.18796138557637707
0.5907473309608541 0.18852924474730268
0.5896980461811723 0.18852924474730268
0.5904255319148937 0.1890971039182283
0.5893805309734513 0.1890971039182283
0.5901060070671378 0.1896649630891539
0.5890652557319224 0.1896649630891539
0.5897887323943662 0.1902328222600795
0.5887521968365553 0.1902328222600795
0.5877192982456141 0.1902328222600795
0.5884413309982487 0.19080068143100512
0.5874125874125874 0.19080068143100512
0.5881326352530541 0.19136854060193073
0.5888501742160279 0.19193639977285634
0.5895652173913043 0.19250425894378195
0.5885416666666666 0.19250425894378195
0.5892547660311959 0.19307211811470756
0.5899653979238755 0.19363997728563317
0.5889464594127807 0.19363997728563317
0.5896551724137931 0.19420783645655879
0.5886402753872634 0.19420783645655879
0.5893470790378007 0.1947756956274844
0.5883361921097771 0.1947756956274844
0.589041095890411 0.19534355479841
0.5897435897435898 0.19591141396933562
0.5887372013651877 0.19591141396933562
0.5877342419080068 0.19591141396933562
0.5867346938775511 0.19591141396933562
0.5857385398981324 0.19591141396933562
0.5847457627118644 0.19591141396933562
0.583756345177665 0.19591141396933562
0.5844594594594594 0.1964792731402612
0.5834738617200674 0.1964792731402612
0.5824915824915825 0.1964792731402612
0.5831932773109244 0.1970471323111868
0.5838926174496645 0.19761499148211242
0.5829145728643216 0.19761499148211242
0.5819397993311036 0.19761499148211242
0.5809682804674458 0.19761499148211242
0.5816666666666667 0.19818285065303803
0.5806988352745425 0.19818285065303803
0.5813953488372093 0.19875070982396364
0.582089552238806 0.19931856899488926
0.5827814569536424 0.19988642816581487
0.5834710743801653 0.20045428733674048
0.5825082508250825 0.20045428733674048
0.5815485996705108 0.20045428733674048
0.5822368421052632 0.2010221465076661
0.5829228243021346 0.2015900056785917
0.5836065573770491 0.2021578648495173
0.5826513911620295 0.2021578648495173
0.5833333333333334 0.20272572402044292
0.5823817292006526 0.20272572402044292
0.5814332247557004 0.20272572402044292
0.5821138211382114 0.20329358319136853
0.5811688311688312 0.20329358319136853
0.5818476499189628 0.20386144236229414
0.580906148867314 0.20386144236229414
0.5799676898222941 0.20386144236229414
0.5790322580645161 0.20386144236229414
0.5797101449275363 0.20442930153321975
0.5803858520900321 0.20499716070414536
0.579454253611557 0.20499716070414536
0.5785256410256411 0.20499716070414536
0.5792 0.20556501987507098
0.5798722044728435 0.2061328790459966
0.580542264752791 0.2067007382169222
0.5812101910828026 0.2072685973878478
0.5818759936406995 0.20783645655877342
0.5825396825396826 0.20840431572969903
0.5832012678288431 0.20897217490062464
0.5822784810126582 0.20897217490062464
0.5829383886255924 0.20954003407155025
0.582018927444795 0.20954003407155025
0.5811023622047244 0.20954003407155025
0.5817610062893082 0.21010789324247586
0.5824175824175825 0.21067575241340147
0.5815047021943573 0.21067575241340147
0.5805946791862285 0.21067575241340147
0.58125 0.21124361158432708
0.5803432137285491 0.21124361158432708
0.5809968847352025 0.2118114707552527
0.5816485225505443 0.2123793299261783
0.5822981366459627 0.21294718909710392
0.5813953488372093 0.21294718909710392
0.5804953560371517 0.21294718909710392
0.5795981452859351 0.21294718909710392
0.5787037037037037 0.21294718909710392
0.5778120184899846 0.21294718909710392
0.5784615384615385 0.21351504826802953
0.5791090629800307 0.21408290743895514
0.5797546012269938 0.21465076660988075
0.5803981623277182 0.21521862578080636
0.581039755351682 0.21578648495173197
0.5816793893129771 0.21635434412265758
0.5823170731707317 0.2169222032935832
0.5829528158295282 0.2174900624645088
0.5820668693009119 0.2174900624645088
0.5811836115326252 0.2174900624645088
0.5803030303030303 0.2174900624645088
0.5794251134644478 0.2174900624645088
0.5785498489425982 0.2174900624645088
0.5776772247360482 0.2174900624645088
0.5783132530120482 0.21805792163543442
0.5789473684210527 0.21862578080636003
0.5780780780780781 0.21862578080636003
0.5772113943028486 0.21862578080636003
0.5763473053892215 0.21862578080636003
0.5769805680119582 0.21919363997728564
0.5776119402985075 0.21976149914821125
0.5767511177347243 0.21976149914821125
0.5758928571428571 0.21976149914821125
0.575037147102526 0.21976149914821125
0.5741839762611276 0.21976149914821125
0.5733333333333334 0.21976149914821125
0.5739644970414202 0.22032935831913686
0.5745937961595273 0.22089721749006247
0.5737463126843658 0.22089721749006247
0.572901325478645 0.22089721749006247
0.5720588235294117 0.22089721749006247
0.5726872246696035 0.22146507666098808
0.5718475073313783 0.22146507666098808
0.5724743777452416 0.2220329358319137
0.5716374269005848 0.2220329358319137
0.5708029197080292 0.2220329358319137
0.5699708454810496 0.2220329358319137
0.5691411935953421 0.2220329358319137
0.5683139534883721 0.2220329358319137
0.5674891146589259 0.2220329358319137
0.5681159420289855 0.2226007950028393
0.5672937771345875 0.2226007950028393
0.5664739884393064 0.2226007950028393
0.5670995670995671 0.2231686541737649
0.5662824207492796 0.2231686541737649
0.5654676258992806 0.2231686541737649
0.5646551724137931 0.2231686541737649
0.563845050215208 0.2231686541737649
0.5630372492836676 0.2231686541737649
0.5636623748211731 0.22373651334469052
0.5628571428571428 0.22373651334469052
0.5634807417974322 0.22430437251561613
0.5626780626780626 0.22430437251561613
0.561877667140825 0.22430437251561613
0.5625 0.22487223168654175
0.5617021276595745 0.22487223168654175
0.5609065155807366 0.22487223168654175
0.5615275813295615 0.22544009085746736
0.5607344632768362 0.22544009085746736
0.5613540197461213 0.22600795002839297
0.5605633802816902 0.22600795002839297
0.559774964838256 0.22600795002839297
0.5589887640449438 0.22600795002839297
0.5582047685834503 0.22600795002839297
0.5574229691876751 0.22600795002839297
0.558041958041958 0.22657580919931858
0.5572625698324022 0.22657580919931858
0.5564853556485355 0.22657580919931858
0.5557103064066853 0.22657580919931858
0.5549374130737135 0.22657580919931858
0.5541666666666667 0.22657580919931858
0.5547850208044383 0.2271436683702442
0.5554016620498615 0.2277115275411698
0.5560165975103735 0.2282793867120954
0.5566298342541437 0.22884724588302102
0.5572413793103448 0.22941510505394663
0.5564738292011019 0.22941510505394663
0.5557083906464925 0.22941510505394663
0.554945054945055 0.22941510505394663
0.5541838134430727 0.22941510505394663
0.5547945205479452 0.22998296422487224
0.5554035567715458 0.23055082339579785
0.5546448087431693 0.23055082339579785
0.5552523874488404 0.23111868256672347
0.5544959128065395 0.23111868256672347
0.5537414965986395 0.23111868256672347
0.5543478260869565 0.23168654173764908
0.55359565807327 0.23168654173764908
0.5528455284552846 0.23168654173764908
0.5520974289580515 0.23168654173764908
0.5513513513513514 0.23168654173764908
0.5506072874493927 0.23168654173764908
0.5498652291105122 0.23168654173764908
0.550471063257066 0.23225440090857466
0.5497311827956989 0.23225440090857466
0.548993288590604 0.23225440090857466
0.5495978552278821 0.23282226007950027
0.5488621151271754 0.23282226007950027
0.5494652406417112 0.23339011925042588
0.5500667556742324 0.2339579784213515
0.5493333333333333 0.2339579784213515
0.5499334221038615 0.2345258375922771
0.5492021276595744 0.2345258375922771
0.548472775564409 0.2345258375922771
0.5490716180371353 0.23509369676320271
0.5496688741721855 0.23566155593412833
0.548941798941799 0.23566155593412833
0.5495376486129459 0.23622941510505394
0.5488126649076517 0.23622941510505394
0.549407114624506 0.23679727427597955
0.55 0.23736513344690516
0.5505913272010512 0.23793299261783077
0.5511811023622047 0.23850085178875638
0.5517693315858454 0.239068710959682
0.5510471204188482 0.239068710959682
0.550326797385621 0.239068710959682
0.5509138381201044 0.2396365701306076
0.5501955671447197 0.2396365701306076
0.55078125 0.2402044293015332
0.5500650195058517 0.2402044293015332
0.5493506493506494 0.2402044293015332
0.5499351491569391 0.24077228847245882
0.5505181347150259 0.24134014764338443
0.5498059508408797 0.24134014764338443
0.5503875968992248 0.24190800681431004
0.5496774193548387 0.24190800681431004
0.5489690721649485 0.24190800681431004
0.5495495495495496 0.24247586598523566
0.5488431876606684 0.24247586598523566
0.5494223363286265 0.24304372515616127
0.5487179487179488 0.24304372515616127
0.5480153649167734 0.24304372515616127
0.5485933503836317 0.24361158432708688
0.5478927203065134 0.24361158432708688
0.5471938775510204 0.24361158432708688
0.5477707006369427 0.2441794434980125
0.5483460559796438 0.2447473026689381
0.5476493011435832 0.2447473026689381
0.5482233502538071 0.2453151618398637
0.5487959442332065 0.24588302101078932
0.5481012658227848 0.24588302101078932
0.5486725663716814 0.24645088018171493
0.547979797979798 0.24645088018171493
0.5472887767969735 0.24645088018171493
0.5478589420654912 0.24701873935264054
0.5471698113207547 0.24701873935264054
0.5464824120603015 0.24701873935264054
0.5457967377666249 0.24701873935264054
0.5451127819548872 0.24701873935264054
0.5444305381727159 0.24701873935264054
0.54375 0.24701873935264054
0.5443196004993758 0.24758659852356615
0.5448877805486284 0.24815445769449176
0.5454545454545454 0.24872231686541738
0.5460199004975125 0.249290176036343
0.5453416149068323 0.249290176036343
0.5446650124069479 0.249290176036343
0.5452292441140025 0.2498580352072686
0.5445544554455446 0.2498580352072686
0.5438813349814586 0.2498580352072686
0.5432098765432098 0.2498580352072686
0.5437731196054254 0.2504258943781942
0.5443349753694581 0.2509937535491198
0.5436654366543665 0.2509937535491198
0.542997542997543 0.2509937535491198
0.5423312883435583 0.2509937535491198
0.5416666666666666 0.2509937535491198
0.5410036719706243 0.2509937535491198
0.5403422982885085 0.2509937535491198
0.5396825396825397 0.2509937535491198
0.5390243902439025 0.2509937535491198
0.53836784409257 0.2509937535491198
0.537712895377129 0.2509937535491198
0.5382746051032807 0.2515616127200454
0.5388349514563107 0.252129471890971
0.5381818181818182 0.252129471890971
0.5375302663438256 0.252129471890971
0.5380894800483675 0.2526973310618966
0.538647342995169 0.25326519023282223
0.5379975874547648 0.25326519023282223
0.5385542168674698 0.25383304940374785
0.5379061371841155 0.25383304940374785
0.5372596153846154 0.25383304940374785
0.5366146458583433 0.25383304940374785
0.5371702637889688 0.25440090857467346
0.5377245508982036 0.25496876774559907
0.5382775119617225 0.2555366269165247
0.5388291517323776 0.2561044860874503
0.5381861575178998 0.2561044860874503
0.5387365911799762 0.2566723452583759
0.5380952380952381 0.2566723452583759
0.5374554102259215 0.2566723452583759
0.5368171021377672 0.2566723452583759
0.5361803084223014 0.2566723452583759
0.5355450236966824 0.2566723452583759
0.5349112426035503 0.2566723452583759
0.5342789598108747 0.2566723452583759
0.5348288075560803 0.2572402044293015
0.5341981132075472 0.2572402044293015
0.5347467608951708 0.2578080636002271
0.5341176470588235 0.2578080636002271
0.5346650998824912 0.25837592277115273
0.5352112676056338 0.25894378194207834
0.5357561547479485 0.25951164111300395
0.5351288056206089 0.25951164111300395
0.5356725146198831 0.26007950028392957
0.5350467289719626 0.26007950028392957
0.5355892648774796 0.2606473594548552
0.5361305361305362 0.2612152186257808
0.5355064027939465 0.2612152186257808
0.536046511627907 0.2617830777967064
0.5354239256678281 0.2617830777967064
0.5348027842227379 0.2617830777967064
0.5353418308227115 0.262350936967632
0.5358796296296297 0.2629187961385576
0.5364161849710982 0.26348665530948323
0.535796766743649 0.26348665530948323
0.5351787773933102 0.26348665530948323
0.5345622119815668 0.26348665530948323
0.5350978135788262 0.26405451448040884
0.5344827586206896 0.26405451448040884
0.5338691159586682 0.26405451448040884
0.5344036697247706 0.26462237365133445
0.5349369988545246 0.26519023282226006
0.5354691075514875 0.2657580919931857
0.536 0.2663259511641113
0.5365296803652968 0.2668938103350369
0.5359179019384265 0.2668938103350369
0.5364464692482915 0.2674616695059625
0.5369738339021616 0.2680295286768881
0.5363636363636364 0.2680295286768881
0.5357548240635641 0.2680295286768881
0.5351473922902494 0.2680295286768881
0.5345413363533409 0.2680295286768881
0.5339366515837104 0.2680295286768881
0.5344632768361582 0.26859738784781373
0.5349887133182845 0.26916524701873934
0.5355129650507328 0.26973310618966495
0.5349099099099099 0.26973310618966495
0.5343082114735658 0.26973310618966495
0.5337078651685393 0.26973310618966495
0.5342312008978676 0.27030096536059056
0.5336322869955157 0.27030096536059056
0.5341545352743561 0.2708688245315162
0.5335570469798657 0.2708688245315162
0.5329608938547487 0.2708688245315162
0.5323660714285714 0.2708688245315162
0.5317725752508361 0.2708688245315162
0.5311804008908686 0.2708688245315162
0.5317018909899889 0.2714366837024418
0.5322222222222223 0.2720045428733674
0.5316315205327414 0.2720045428733674
0.532150776053215 0.272572402044293
0.53156146179402 0.272572402044293
0.5320796460176991 0.2731402612152186
0.5314917127071823 0.2731402612152186
0.5320088300220751 0.2737081203861442
0.5325248070562293 0.27427597955706984
0.5319383259911894 0.27427597955706984
0.5324532453245324 0.27484383872799545
0.5318681318681319 0.27484383872799545
0.5323819978046103 0.27541169789892106
0.5317982456140351 0.27541169789892106
0.5323110624315444 0.27597955706984667
0.5328227571115973 0.2765474162407723
0.5322404371584699 0.2765474162407723
0.5316593886462883 0.2765474162407723
0.5321701199563795 0.2771152754116979
0.5326797385620915 0.2776831345826235
0.5331882480957563 0.2782509937535491
0.533695652173913 0.2788188529244747
0.5331161780673181 0.2788188529244747
0.5336225596529284 0.27938671209540034
0.5341278439869989 0.27995457126632595
0.5335497835497836 0.27995457126632595
0.534054054054054 0.28052243043725156
0.5345572354211663 0.28109028960817717
0.535059331175836 0.2816581487791028
0.5344827586206896 0.2816581487791028
0.5339074273412271 0.2816581487791028
0.5333333333333333 0.2816581487791028
0.5338345864661654 0.2822260079500284
0.5332618025751072 0.2822260079500284
0.5337620578778135 0.282793867120954
0.5331905781584583 0.282793867120954
0.532620320855615 0.282793867120954
0.532051282051282 0.282793867120954
0.5325506937033084 0.2833617262918796
0.5319829424307037 0.2833617262918796
0.531416400425985 0.2833617262918796
0.5319148936170213 0.2839295854628052
0.5313496280552603 0.2839295854628052
0.5307855626326964 0.2839295854628052
0.5302226935312832 0.2839295854628052
0.5307203389830508 0.28449744463373083
0.5312169312169313 0.28506530380465644
0.5306553911205074 0.28506530380465644
0.5300950369588173 0.28506530380465644
0.5295358649789029 0.28506530380465644
0.5289778714436248 0.28506530380465644
0.5284210526315789 0.28506530380465644
0.5289169295478444 0.28563316297558206
0.5294117647058824 0.28620102214650767
0.5288562434417629 0.28620102214650767
0.5283018867924528 0.28620102214650767
0.5277486910994764 0.28620102214650767
0.5282426778242678 0.2867688813174333
0.5276907001044933 0.2867688813174333
0.5271398747390397 0.2867688813174333
0.5265901981230449 0.2867688813174333
0.5260416666666666 0.2867688813174333
0.5254942767950052 0.2867688813174333
0.524948024948025 0.2867688813174333
0.5244029075804777 0.2867688813174333
0.524896265560166 0.2873367404883589
0.5243523316062176 0.2873367404883589
0.5238095238095238 0.2873367404883589
0.5232678386763185 0.2873367404883589
0.5227272727272727 0.2873367404883589
0.52218782249742 0.2873367404883589
0.5216494845360825 0.2873367404883589
0.5211122554067971 0.2873367404883589
0.5216049382716049 0.2879045996592845
0.5210688591983555 0.2879045996592845
0.5205338809034907 0.2879045996592845
0.521025641025641 0.2884724588302101
0.5204918032786885 0.2884724588302101
0.5209825997952917 0.2890403180011357
0.5204498977505112 0.2890403180011357
0.5209397344228804 0.28960817717206133
0.5204081632653061 0.28960817717206133
0.5208970438328236 0.29017603634298694
0.5203665987780041 0.29017603634298694
0.5198372329603256 0.29017603634298694
0.5203252032520326 0.29074389551391255
0.5208121827411167 0.29131175468483816
0.5212981744421906 0.2918796138557638
0.5207700101317123 0.2918796138557638
0.521255060728745 0.2924474730266894
0.5217391304347826 0.293015332197615
0.5212121212121212 0.293015332197615
0.5216952573158425 0.2935831913685406
0.5221774193548387 0.2941510505394662
0.5216515609264853 0.2941510505394662
0.5221327967806841 0.29471890971039183
0.5226130653266332 0.29528676888131744
0.5220883534136547 0.29528676888131744
0.5215646940822467 0.29528676888131744
0.5220440881763527 0.29585462805224305
0.5215215215215215 0.29585462805224305
0.521 0.29585462805224305
0.5204795204795205 0.29585462805224305
0.5199600798403193 0.29585462805224305
0.5194416749750748 0.29585462805224305
0.5189243027888446 0.29585462805224305
0.5194029850746269 0.29642248722316866
0.5188866799204771 0.29642248722316866
0.519364448857994 0.2969903463940943
0.5188492063492064 0.2969903463940943
0.5193260654112983 0.2975582055650199
0.5188118811881188 0.2975582055650199
0.5192878338278932 0.2981260647359455
0.5187747035573123 0.2981260647359455
0.5182625863770978 0.2981260647359455
0.5177514792899408 0.2981260647359455
0.5182266009852217 0.2986939239068711
0.5177165354330708 0.2986939239068711
0.5172074729596854 0.2986939239068711
0.5166994106090373 0.2986939239068711
0.5161923454367027 0.2986939239068711
0.515686274509804 0.2986939239068711
0.515181194906954 0.2986939239068711
0.5146771037181996 0.2986939239068711
0.5151515151515151 0.2992617830777967
0.515625 0.29982964224872233
0.5151219512195122 0.29982964224872233
0.5155945419103314 0.30039750141964794
0.5150925024342746 0.30039750141964794
0.5145914396887159 0.30039750141964794
0.5140913508260447 0.30039750141964794
0.5135922330097087 0.30039750141964794
0.5140640155189137 0.30096536059057355
0.5135658914728682 0.30096536059057355
0.5130687318489835 0.30096536059057355
0.5135396518375241 0.30153321976149916
0.5130434782608696 0.30153321976149916
0.5135135135135135 0.30210107893242477
0.5139826422372228 0.3026689381033504
0.5134874759152216 0.3026689381033504
0.5139557266602502 0.303236797274276
0.5144230769230769 0.3038046564452016
0.5148895292987512 0.3043725156161272
0.5143953934740882 0.3043725156161272
0.513902205177373 0.3043725156161272
0.514367816091954 0.3049403747870528
0.5138755980861244 0.3049403747870528
0.5133843212237094 0.3049403747870528
0.5138490926456543 0.30550823395797844
0.5133587786259542 0.30550823395797844
0.5128693994280267 0.30550823395797844
0.5133333333333333 0.30607609312890405
0.5128449096098954 0.30607609312890405
0.5123574144486692 0.30607609312890405
0.5118708452041786 0.30607609312890405
0.5123339658444023 0.30664395229982966
0.5127962085308057 0.30721181147075527
0.5123106060606061 0.30721181147075527
0.5118259224219489 0.30721181147075527
0.5113421550094518 0.30721181147075527
0.5108593012275732 0.30721181147075527
0.5103773584905661 0.30721181147075527
0.5098963242224317 0.30721181147075527
0.5103578154425612 0.3077796706416809
0.510818438381938 0.3083475298126065
0.5103383458646616 0.3083475298126065
0.5098591549295775 0.3083475298126065
0.5093808630393997 0.3083475298126065
0.5098406747891284 0.3089153889835321
0.5093632958801498 0.3089153889835321
0.5088868101028999 0.3089153889835321
0.508411214953271 0.3089153889835321
0.5088702147525677 0.3094832481544577
0.5083955223880597 0.3094832481544577
0.5079217148182665 0.3094832481544577
0.5083798882681564 0.3100511073253833
0.5079069767441861 0.3100511073253833
0.5074349442379182 0.3100511073253833
0.5069637883008357 0.3100511073253833
0.5064935064935064 0.3100511073253833
0.5060240963855421 0.3100511073253833
0.5055555555555555 0.3100511073253833
0.5060129509713228 0.31061896649630893
0.5055452865064695 0.31061896649630893
0.5050784856879039 0.31061896649630893
0.5055350553505535 0.31118682566723455
0.5050691244239631 0.31118682566723455
0.5046040515653776 0.31118682566723455
0.5050597976080957 0.31175468483816016
0.5045955882352942 0.31175468483816016
0.5041322314049587 0.31175468483816016
0.5036697247706422 0.31175468483816016
0.5032080659945004 0.31175468483816016
0.5027472527472527 0.31175468483816016
0.5022872827081427 0.31175468483816016
0.5018281535648994 0.31175468483816016
0.5013698630136987 0.31175468483816016
0.5009124087591241 0.31175468483816016
0.5013673655423884 0.31232254400908577
0.5009107468123861 0.31232254400908577
0.5004549590536852 0.31232254400908577
0.5 0.31232254400908577
0.5004541326067211 0.3128904031800114
0.5009074410163339 0.313458262350937
0.5004533091568449 0.313458262350937
0.5 0.313458262350937
0.4995475113122172 0.313458262350937
0.49909584086799275 0.313458262350937
0.4986449864498645 0.313458262350937
0.4981949458483754 0.313458262350937
0.4977457168620379 0.313458262350937
0.4981981981981982 0.3140261215218626
0.49864986498649866 0.3145939806927882
0.4982014388489209 0.3145939806927882
0.49865229110512127 0.3151618398637138
0.4991023339317774 0.31572969903463943
0.49865470852017935 0.31572969903463943
0.4982078853046595 0.31572969903463943
0.4986571172784244 0.31629755820556504
0.49821109123434704 0.31629755820556504
0.49776586237712245 0.31629755820556504
0.4982142857142857 0.31686541737649065
0.4977698483496878 0.31686541737649065
0.4982174688057041 0.31743327654741627
0.4977738201246661 0.31743327654741627
0.4973309608540925 0.31743327654741627
0.4968888888888889 0.31743327654741627
0.49733570159857904 0.3180011357183419
0.4968944099378882 0.3180011357183419
0.49645390070921985 0.3180011357183419
0.49601417183348095 0.3180011357183419
0.4964601769911504 0.3185689948892675
0.4960212201591512 0.3185689948892675
0.495583038869258 0.3185689948892675
0.49514563106796117 0.3185689948892675
0.4947089947089947 0.3185689948892675
0.49427312775330395 0.3185689948892675
0.49471830985915494 0.3191368540601931
0.49428320140721194 0.3191368540601931
0.4938488576449912 0.3191368540601931
0.4934152765583846 0.3191368540601931
0.493859649122807 0.3197047132311187
0.4934268185801928 0.3197047132311187
0.4929947460595447 0.3197047132311187
0.49343832020997375 0.3202725724020443
0.493006993006993 0.3202725724020443
0.49344978165938863 0.32084043157296993
0.493891797556719 0.32140829074389554
0.4934612031386225 0.32140829074389554
0.49390243902439024 0.3219761499148211
0.49434290687554394 0.3225440090857467
0.49391304347826087 0.3225440090857467
0.4934839270199826 0.3225440090857467
0.4930555555555556 0.3225440090857467
0.49262792714657416 0.3225440090857467
0.49220103986135183 0.3225440090857467
0.49177489177489175 0.3225440090857467
0.4922145328719723 0.3231118682566723
0.49265341400172863 0.32367972742759793
0.49222797927461137 0.32367972742759793
0.4926660914581536 0.32424758659852354
0.49310344827586206 0.32481544576944915
0.4926787252368648 0.32481544576944915
0.49311531841652323 0.32538330494037476
0.4926913155631986 0.32538330494037476
0.49226804123711343 0.32538330494037476
0.4918454935622318 0.32538330494037476
0.4914236706689537 0.32538330494037476
0.4910025706940874 0.32538330494037476
0.4905821917808219 0.32538330494037476
0.49016253207869975 0.32538330494037476
0.4897435897435897 0.32538330494037476
0.4893253629376601 0.32538330494037476
0.48890784982935154 0.32538330494037476
0.4884910485933504 0.32538330494037476
0.48807495741056217 0.32538330494037476
0.4876595744680851 0.32538330494037476
0.4872448979591837 0.32538330494037476
0.4868309260832625 0.32538330494037476
0.4864176570458404 0.32538330494037476
0.4860050890585242 0.32538330494037476
0.48559322033898306 0.32538330494037476
0.48518204911092294 0.32538330494037476
0.4856175972927242 0.3259511641113004
0.48520710059171596 0.3259511641113004
0.4847972972972973 0.3259511641113004
0.48438818565400843 0.3259511641113004
0.4839797639123103 0.3259511641113004
0.4835720303285594 0.3259511641113004
0.4831649831649832 0.3259511641113004
0.48359966358284273 0.326519023282226
0.4831932773109244 0.326519023282226
0.4827875734676742 0.326519023282226
0.4823825503355705 0.326519023282226
0.48197820620285 0.326519023282226
0.4815745393634841 0.326519023282226
0.4811715481171548 0.326519023282226
0.4807692307692308 0.326519023282226
0.4803675856307435 0.326519023282226
0.47996661101836396 0.326519023282226
0.47956630525437866 0.326519023282226
0.4791666666666667 0.326519023282226
0.47960033305578686 0.3270868824531516
0.47920133111480867 0.3270868824531516
0.47880299251870323 0.3270868824531516
0.4792358803986711 0.3276547416240772
0.47883817427385894 0.3276547416240772
0.478441127694859 0.3276547416240772
0.4780447390223695 0.3276547416240772
0.4776490066225166 0.3276547416240772
0.47808105872622003 0.3282226007950028
0.47768595041322315 0.3282226007950028
0.47811725846407926 0.3287904599659284
0.4777227722772277 0.3287904599659284
0.47815333882934874 0.32935831913685404
0.47775947281713343 0.32935831913685404
0.4773662551440329 0.32935831913685404
0.4769736842105263 0.32935831913685404
0.47658175842235007 0.32935831913685404
0.47701149425287354 0.32992617830777965
0.47662018047579985 0.32992617830777965
0.47704918032786886 0.33049403747870526
0.47665847665847666 0.33049403747870526
0.4762684124386252 0.33049403747870526
0.4758789860997547 0.33049403747870526
0.47549019607843135 0.33049403747870526
0.47591836734693876 0.33106189664963087
0.47553017944535075 0.33106189664963087
0.4751426242868786 0.33106189664963087
0.4747557003257329 0.33106189664963087
0.4743694060211554 0.33106189664963087
0.4739837398373984 0.33106189664963087
0.4735987002437043 0.33106189664963087
0.4732142857142857 0.33106189664963087
0.47283049472830496 0.33106189664963087
0.47244732576985415 0.33106189664963087
0.4720647773279352 0.33106189664963087
0.4716828478964401 0.33106189664963087
0.47130153597413094 0.33106189664963087
0.47092084006462037 0.33106189664963087
0.4705407586763519 0.33106189664963087
0.47016129032258064 0.33106189664963087
0.47058823529411764 0.3316297558205565
0.47020933977455714 0.3316297558205565
0.47063555913113436 0.3321976149914821
0.4702572347266881 0.3321976149914821
0.46987951807228917 0.3321976149914821
0.4695024077046549 0.3321976149914821
0.4699278267842823 0.3327654741624077
0.46955128205128205 0.3327654741624077
0.4691753402722178 0.3327654741624077
0.4688 0.3327654741624077
0.46842525979216626 0.3327654741624077
0.4680511182108626 0.3327654741624077
0.4676775738228252 0.3327654741624077
0.46730462519936206 0.3327654741624077
0.46693227091633466 0.3327654741624077
0.46656050955414013 0.3327654741624077
0.4669848846459825 0.3333333333333333
0.46740858505564387 0.3339011925042589
