67879 29 0.9878201484680176
73076 28 0.9834420084953308
26205 29 0.9792250990867615
50386 29 0.9782348275184631
32816 29 0.9708795547485352
81360 29 0.9706390500068665
44556 29 0.9686145782470703
61067 28 0.9682552218437195
79247 28 0.9677006602287292
71396 29 0.967451810836792
64038 28 0.9636669158935547
11635 48 0.9635220766067505
11324 48 0.9587457180023193
48144 29 0.9585634469985962
32692 29 0.958472728729248
22441 29 0.9584686756134033
29577 48 0.9564525485038757
76133 29 0.9561784267425537
34594 29 0.9544755816459656
57534 28 0.9540737867355347
62012 28 0.9527660608291626
54260 48 0.9500024318695068
67953 28 0.9496635794639587
11557 48 0.9465916156768799
27116 29 0.946418285369873
37605 48 0.9457634687423706
51923 48 0.9446960687637329
74743 28 0.9446036219596863
26316 29 0.937994122505188
52669 28 0.9373260736465454
79219 28 0.9365310668945312
52747 28 0.9363312721252441
38880 29 0.9359897971153259
35054 28 0.9333305358886719
61478 48 0.9322152733802795
38440 28 0.9313520789146423
77468 28 0.9311072826385498
32681 29 0.9309793710708618
65399 48 0.9306554198265076
54292 48 0.9303585886955261
19223 29 0.9260071516036987
11578 48 0.9256349205970764
37799 48 0.9247844815254211
48315 29 0.9242801666259766
38141 48 0.9200854897499084
63621 28 0.9148935079574585
545 1 0.9145702719688416
30362 29 0.9139319062232971
75627 48 0.9116033911705017
72285 28 0.9100693464279175
74162 48 0.909788966178894
49418 28 0.905647337436676
16785 29 0.9047500491142273
11564 48 0.9042831659317017
29414 48 0.9039489030838013
62788 48 0.8998334407806396
59387 48 0.8996294140815735
11664 48 0.899135410785675
38897 29 0.8985030055046082
18537 28 0.8984435200691223
65377 48 0.8944954872131348
74296 48 0.8933482766151428
72316 29 0.8932139277458191
37016 48 0.8910560011863708
17293 28 0.8910418152809143
34615 28 0.8908662796020508
30874 48 0.8906630873680115
54112 48 0.8893195390701294
24993 29 0.8886514902114868
69911 29 0.8870715498924255
59828 48 0.8853188157081604
16585 28 0.8831397294998169
31100 48 0.8826417922973633
54236 48 0.8822639584541321
86019 29 0.8768717646598816
37015 48 0.8753439784049988
29399 48 0.8747304081916809
80518 48 0.8745920062065125
48998 28 0.8730413913726807
1645 48 0.8688758611679077
11947 36 0.8680137395858765
54225 48 0.8664509654045105
73747 48 0.8655244708061218
28296 29 0.8639278411865234
31704 36 0.8631893396377563
26802 28 0.8628763556480408
79582 48 0.8625999689102173
64976 29 0.8618972301483154
10385 29 0.8618603944778442
63294 48 0.8615411520004272
18280 36 0.860842227935791
77689 28 0.8602562546730042
11724 48 0.8571534752845764
18333 36 0.8562909364700317
87639 48 0.8560380339622498
54278 48 0.8547154068946838
7032 36 0.8544601798057556
17486 29 0.8535692691802979
3284 48 0.8526028990745544
48566 36 0.8517866730690002
54249 48 0.8515234589576721
13406 36 0.8488386273384094
60583 28 0.8483663201332092
65167 29 0.8471642136573792
75460 48 0.8470950126647949
84317 48 0.8466379046440125
82802 29 0.8462275266647339
65509 28 0.8420935273170471
79826 48 0.841384768486023
74171 48 0.8400124311447144
30469 28 0.8389785289764404
27781 28 0.8388556838035583
41359 29 0.8365538120269775
37185 48 0.8361016511917114
79642 48 0.8344566822052002
11660 48 0.8337472081184387
59520 48 0.8332059383392334
15414 48 0.8331904411315918
19149 28 0.8330469727516174
74196 48 0.8326459527015686
48854 48 0.8320063352584839
50688 28 0.8315573334693909
30354 28 0.831493079662323
21633 48 0.8294986486434937
54329 28 0.8272832036018372
74280 48 0.8272519111633301
56325 28 0.8258019685745239
59226 48 0.8252705931663513
58299 28 0.8252224922180176
59771 48 0.8251841068267822
81183 48 0.8245097994804382
16706 48 0.824481189250946
45885 28 0.8215005993843079
28472 28 0.8176192045211792
74281 48 0.8164688944816589
37195 48 0.8132094740867615
77662 29 0.8123463988304138
69330 29 0.8121927976608276
18509 29 0.8091586828231812
30363 29 0.8086094260215759
65401 48 0.8080083727836609
73416 28 0.8075222969055176
65525 28 0.8074637651443481
52885 48 0.8071298003196716
75131 48 0.8021925091743469
50825 48 0.8017488121986389
71594 48 0.8016015291213989
30359 29 0.8014037013053894
41849 28 0.7956767082214355
33041 36 0.7955621480941772
36998 48 0.7950761914253235
75635 48 0.7947260141372681
11473 48 0.7940757870674133
15881 36 0.7935658097267151
46704 28 0.791641354560852
37810 48 0.7909840941429138
54156 48 0.7908272743225098
15419 48 0.7903457283973694
42453 48 0.7885399460792542
67979 28 0.7885289788246155
10995 28 0.787601888179779
76264 28 0.7872541546821594
30842 48 0.7847665548324585
1644 48 0.7846216559410095
6129 48 0.7820644378662109
63615 28 0.7816203236579895
80555 48 0.781498372554779
36790 28 0.7810550928115845
27683 29 0.7797699570655823
93599 48 0.7791457176208496
69230 28 0.778209924697876
13926 28 0.7736167907714844
31066 48 0.7730040550231934
29648 48 0.7724155187606812
37796 48 0.7723087072372437
18351 36 0.7717666625976562
68402 48 0.7712275385856628
25758 29 0.770481288433075
29821 29 0.7703824043273926
72079 36 0.7683826088905334
77751 36 0.7679033279418945
20534 29 0.7660889625549316
65307 48 0.7641372084617615
67390 36 0.7629108428955078
2327 28 0.7624557018280029
55038 28 0.761059045791626
48526 28 0.7610095143318176
30936 48 0.7607210278511047
38360 48 0.7604049444198608
36674 29 0.7578436136245728
22278 48 0.7570925951004028
11815 48 0.7568928003311157
17389 28 0.7568013668060303
15473 48 0.7556520700454712
68022 28 0.7537363767623901
14494 28 0.7529146671295166
79644 48 0.7528893947601318
8628 36 0.751883864402771
11330 48 0.7496770620346069
35311 48 0.7493900060653687
37431 48 0.7488770484924316
50927 29 0.745538592338562
70001 28 0.7439427375793457
22252 48 0.7438139915466309
48907 48 0.7437877655029297
64249 36 0.7422334551811218
37351 48 0.7419700622558594
48924 48 0.7413272857666016
58227 48 0.7410990595817566
70002 36 0.7405416965484619
68608 36 0.7381524443626404
24923 29 0.7381465435028076
85949 48 0.7381148934364319
65371 48 0.7373712062835693
2386 48 0.7350040674209595
34121 6 0.7344220280647278
67776 36 0.7325593829154968
85208 29 0.7322824597358704
75196 36 0.7306179404258728
30353 29 0.7296200394630432
37218 48 0.7294626832008362
41606 29 0.7287238240242004
56174 29 0.7283633947372437
7028 28 0.7272855639457703
15406 48 0.7270137071609497
11368 48 0.726565957069397
79770 48 0.7246279120445251
80422 29 0.7233515977859497
73264 36 0.7209026217460632
62842 48 0.7199025750160217
33358 36 0.719677746295929
34427 28 0.719508171081543
11609 48 0.718746542930603
59728 48 0.717710554599762
2427 48 0.7163628935813904
74762 36 0.7159587740898132
54841 28 0.7142971754074097
93358 48 0.7132878303527832
16616 48 0.7123101949691772
11680 48 0.7101508378982544
51897 48 0.7092995643615723
26200 28 0.7084389328956604
62507 36 0.7083650231361389
29504 48 0.7076247334480286
83995 48 0.7070475220680237
30307 28 0.7070223689079285
84402 28 0.7062082290649414
11356 48 0.7061152458190918
52369 48 0.7049036026000977
27941 29 0.7044467329978943
7798 48 0.7039424777030945
59272 48 0.7035849094390869
52911 29 0.7021252512931824
46741 6 0.7021073698997498
86548 28 0.7007112503051758
75270 48 0.7005134224891663
76434 48 0.7003681659698486
76409 48 0.6985368728637695
74556 36 0.6982725262641907
36202 6 0.6969175934791565
11341 48 0.6965755224227905
56749 48 0.6960314512252808
18286 28 0.6959118843078613
65515 28 0.6904601454734802
79659 48 0.689951479434967
30855 48 0.689347505569458
18082 36 0.6880638003349304
31191 29 0.6880106925964355
48519 29 0.6865065693855286
7031 36 0.6856168508529663
24468 29 0.6853601932525635
69232 6 0.6830925941467285
29542 48 0.6827356219291687
24171 48 0.6820298433303833
27117 36 0.6803176999092102
37191 48 0.679591715335846
19686 28 0.6794382929801941
53207 36 0.6794081926345825
39516 28 0.6789601445198059
32485 36 0.6788432598114014
82400 48 0.6776318550109863
12399 48 0.6772750616073608
70961 1 0.6768614053726196
47958 28 0.6745542287826538
26223 36 0.6737409234046936
34422 29 0.6735467910766602
18978 28 0.6729635000228882
2370 48 0.6727110743522644
18117 36 0.6703055500984192
64116 28 0.6698275804519653
39537 29 0.6697698831558228
39410 28 0.6677841544151306
51280 28 0.6669744849205017
37167 48 0.6664053201675415
49353 48 0.6662306189537048
18120 36 0.6657446026802063
54814 48 0.6657086610794067
36406 28 0.6643092036247253
22241 48 0.6623435616493225
53676 36 0.6619116067886353
11808 48 0.6614170670509338
58206 48 0.6604333519935608
60181 48 0.6603031158447266
21505 36 0.659763514995575
15551 48 0.6590722799301147
59391 48 0.658548891544342
15603 48 0.6581650972366333
62242 36 0.658039927482605
64966 28 0.6576342582702637
37266 48 0.6572924256324768
74425 36 0.655787467956543
67670 28 0.6550956964492798
34421 29 0.6544461250305176
54302 48 0.6540552377700806
10071 28 0.6540089845657349
13507 28 0.6539127230644226
67231 6 0.6532288789749146
53243 36 0.6526345014572144
50560 48 0.6525667905807495
61704 29 0.652535617351532
1938 48 0.652182936668396
20963 28 0.6508069038391113
87495 48 0.6506099700927734
29614 48 0.6505759358406067
7137 48 0.6504877805709839
59857 48 0.6492926478385925
31098 48 0.6480015516281128
60322 48 0.6472242474555969
18094 36 0.6469923853874207
88136 36 0.6467859148979187
69536 36 0.6455702185630798
47066 48 0.6446979641914368
20693 28 0.6442644000053406
39481 28 0.6436570286750793
16507 36 0.6424076557159424
22758 24 0.6422615051269531
41594 29 0.6412733793258667
94683 48 0.6408876180648804
42030 36 0.640707790851593
84840 48 0.6406005024909973
56086 29 0.6395078301429749
72347 28 0.6387531757354736
14086 36 0.6362641453742981
7698 48 0.6361891627311707
86079 36 0.6352054476737976
38510 36 0.6343525052070618
37438 48 0.633209764957428
15580 48 0.6325952410697937
50843 48 0.6322789788246155
79350 29 0.6317439675331116
89597 48 0.6308646202087402
72041 36 0.6280377507209778
19728 29 0.6279370784759521
79693 28 0.627754271030426
67775 6 0.627685010433197
12125 36 0.6260203719139099
51700 36 0.6255916357040405
74013 36 0.6240197420120239
24327 28 0.6237941384315491
3478 28 0.6225687861442566
3674 48 0.6214677095413208
34464 29 0.6213785409927368
69463 36 0.621202826499939
59177 28 0.6211511492729187
80290 28 0.6201815009117126
49147 48 0.6183161735534668
2850 28 0.6180170178413391
48915 48 0.6152889728546143
7689 48 0.614418089389801
26315 29 0.6140866875648499
26348 36 0.6135176420211792
52439 48 0.6133846640586853
29023 29 0.6133658289909363
15397 48 0.612418532371521
51728 29 0.6121029853820801
69455 28 0.6112927198410034
65952 48 0.6110391616821289
27676 36 0.6107288599014282
77649 28 0.6105302572250366
70697 48 0.6079801321029663
48036 48 0.6068135499954224
36661 36 0.6063665151596069
53403 48 0.6041624546051025
50102 28 0.6030519008636475
37754 48 0.6023857593536377
77155 48 0.6018293499946594
58732 36 0.5995511412620544
42652 48 0.5992306470870972
78631 48 0.5992215275764465
90169 36 0.5983182191848755
73499 28 0.597644567489624
8918 28 0.5970348119735718
66596 48 0.5966598391532898
46734 36 0.5961127877235413
48743 29 0.5953447222709656
38208 48 0.5948360562324524
79225 28 0.5940748453140259
20518 36 0.5929064750671387
81086 36 0.5919289588928223
93018 36 0.5916582942008972
63868 6 0.5915008187294006
32059 36 0.5899170637130737
49100 48 0.5898945927619934
93716 48 0.5891933441162109
77645 28 0.5888485908508301
66614 48 0.5869676470756531
74096 6 0.5858644247055054
83198 29 0.5836833715438843
38612 48 0.5835235118865967
41865 29 0.5833550691604614
20251 29 0.5831543207168579
9303 36 0.5830206274986267
62276 36 0.5820049047470093
67043 6 0.5811676979064941
87717 29 0.5807763934135437
33355 28 0.5806795358657837
18074 36 0.5804334282875061
36996 48 0.579473078250885
11594 48 0.5791532397270203
47125 28 0.5787201523780823
2458 48 0.5784029960632324
26444 36 0.5774043798446655
79699 48 0.5764438509941101
59839 48 0.5761924982070923
29624 48 0.5752248167991638
11950 28 0.5749242901802063
24585 6 0.5748818516731262
51279 28 0.5738208889961243
52863 48 0.572749137878418
20041 36 0.5717414617538452
71984 36 0.5709205269813538
17406 28 0.5693120956420898
34847 29 0.5685746073722839
94712 48 0.5685212016105652
77635 28 0.5660980343818665
66674 48 0.5658760070800781
79436 48 0.5657749772071838
80942 36 0.5649818181991577
18824 36 0.564397931098938
17209 28 0.5641273260116577
16861 36 0.5636734962463379
55376 36 0.5633541941642761
11743 48 0.5630818605422974
20470 28 0.5612279772758484
52207 48 0.5611984133720398
18064 36 0.5602110624313354
33228 36 0.5599818229675293
20675 28 0.5599608421325684
17473 28 0.5592477917671204
58344 48 0.5591861605644226
42740 36 0.559160590171814
74837 36 0.5588625073432922
48120 6 0.558630645275116
74274 48 0.558476448059082
52870 48 0.5577116012573242
60635 28 0.5567246675491333
47687 36 0.5566981434822083
18344 36 0.5566805005073547
56970 29 0.5560455918312073
22732 29 0.5556950569152832
16586 28 0.5548164248466492
59414 48 0.5546932816505432
69724 28 0.5546265244483948
30375 29 0.5544567108154297
27009 36 0.5538737177848816
63253 28 0.5522874593734741
58655 6 0.5518589615821838
77652 36 0.5514408946037292
19028 29 0.5503526926040649
65480 48 0.5500572323799133
38630 48 0.5494917035102844
70609 36 0.5493184328079224
20962 36 0.548274040222168
52474 36 0.5475255250930786
37733 48 0.547271192073822
63865 28 0.5463145971298218
54530 28 0.5460995435714722
84789 48 0.5454315543174744
48903 48 0.5453711152076721
52382 48 0.5450854897499084
47121 36 0.5450848340988159
41136 36 0.5450710654258728
48448 36 0.545010507106781
10239 28 0.5448765158653259
49009 29 0.5442578196525574
62013 36 0.5432174801826477
36247 36 0.5424990057945251
21367 28 0.5421473979949951
51683 36 0.5413116216659546
37173 48 0.5409726500511169
20948 28 0.5405669808387756
1618 36 0.5400775671005249
15562 48 0.5400059819221497
95693 29 0.5398535132408142
21221 28 0.5397593975067139
82817 28 0.5396661758422852
30650 36 0.5383255481719971
10507 48 0.5366144776344299
68663 29 0.5364015698432922
37829 48 0.5363656282424927
13095 36 0.5361449718475342
11816 48 0.535391628742218
19627 28 0.5352727174758911
73923 29 0.5342876315116882
33814 29 0.5322484970092773
53328 48 0.5309954285621643
76745 28 0.5302223563194275
68165 29 0.5299273729324341
74487 36 0.5298820734024048
23227 36 0.5295661687850952
41484 36 0.5294524431228638
87261 29 0.5286175608634949
80135 28 0.5280145406723022
73029 28 0.5277784466743469
54283 48 0.5258647203445435
39099 36 0.5258587598800659
8179 29 0.5245048999786377
69175 28 0.5242248177528381
57188 28 0.5236246585845947
34473 28 0.5236212611198425
21173 36 0.5232208967208862
67100 28 0.522558331489563
63724 29 0.5216603875160217
36732 36 0.5196493864059448
75839 36 0.5194289088249207
89267 48 0.5188044905662537
11643 48 0.5173143148422241
3808 36 0.5172432065010071
18483 28 0.5150263905525208
48317 36 0.5148270726203918
10085 28 0.5147549510002136
53392 29 0.5147419571876526
63876 29 0.5145516395568848
29422 48 0.5141617655754089
20899 28 0.5136627554893494
77882 28 0.5134857296943665
85598 28 0.5124951004981995
55062 36 0.5124555230140686
62065 28 0.5114560127258301
78787 48 0.5113158822059631
59294 48 0.5112472176551819
37433 48 0.5111657977104187
1667 48 0.5110921859741211
2667 48 0.509666383266449
29226 36 0.509206235408783
29030 36 0.5091051459312439
64236 36 0.5088560581207275
19929 28 0.5083798766136169
79596 28 0.5080772638320923
54711 48 0.507865309715271
528 1 0.5073392987251282
96533 48 0.5070371031761169
30914 28 0.5067023634910583
68179 36 0.5064490437507629
37141 24 0.5059423446655273
34548 29 0.5054076313972473
19910 29 0.5048565864562988
74767 36 0.5040838122367859
32549 29 0.5035211443901062
15574 48 0.5034605264663696
66990 36 0.5033978223800659
29506 48 0.5028513669967651
22075 48 0.5026518106460571
82468 28 0.502117931842804
53911 48 0.5016499757766724
27362 28 0.5016489624977112
37960 28 0.5015116333961487
11513 48 0.5015023350715637
42005 36 0.5007622838020325
79371 36 0.5004633069038391
42029 36 0.5001418590545654
94426 48 0.5000308156013489
31273 36 0.49980825185775757
73234 36 0.4995192885398865
34203 36 0.499315083026886
534 28 0.498820960521698
22949 1 0.4986535310745239
37204 28 0.49804702401161194
83766 28 0.4979904294013977
45188 36 0.4973175823688507
71181 36 0.49660634994506836
57796 28 0.49531036615371704
59682 48 0.49477335810661316
75602 48 0.4945056438446045
3932 48 0.49411487579345703
69174 29 0.4940062165260315
78066 28 0.4936610758304596
69849 29 0.4929988980293274
38885 36 0.4913332462310791
34764 29 0.48912298679351807
34468 36 0.48911425471305847
50908 36 0.4890548884868622
54549 29 0.4888363182544708
55833 6 0.488566130399704
37457 48 0.488554447889328
2101 36 0.48822030425071716
74563 36 0.48790764808654785
80435 36 0.48716726899147034
67223 28 0.4869241714477539
74730 36 0.48602861166000366
75500 48 0.4843522906303406
33698 36 0.4841647744178772
13097 36 0.4826141893863678
31072 48 0.4823390245437622
26684 36 0.4820953607559204
78203 28 0.4818839132785797
78124 36 0.4813450872898102
7081 6 0.4808134436607361
33324 1 0.4768082797527313
67927 36 0.4767553210258484
60542 36 0.4767540693283081
68458 1 0.4765651822090149
56392 36 0.4763743281364441
27469 36 0.4763466715812683
78064 36 0.47531256079673767
33744 36 0.47519463300704956
76110 36 0.4749150574207306
24987 36 0.4742409288883209
75497 48 0.47302189469337463
18181 36 0.47232601046562195
60199 48 0.4708007276058197
60755 48 0.4682237207889557
39555 23 0.46769440174102783
59148 36 0.4663389325141907
59242 36 0.4651532471179962
62674 36 0.4632209539413452
31984 36 0.4618372619152069
69447 36 0.45526543259620667
68682 36 0.45340582728385925
62220 36 0.4525291621685028
54065 36 0.4521428942680359
21122 36 0.4516025185585022
79887 6 0.4475066065788269
32874 36 0.44498300552368164
47682 36 0.44102588295936584
18868 36 0.4393951892852783
31480 6 0.43930158019065857
67116 36 0.43816620111465454
28994 36 0.4358963966369629
56155 36 0.43421468138694763
27345 36 0.43378549814224243
86386 24 0.43341976404190063
34322 36 0.43226367235183716
19219 36 0.4315924644470215
57443 36 0.43040546774864197
59468 24 0.42423224449157715
19638 1 0.4232217073440552
79776 48 0.422672301530838
19060 36 0.4206298589706421
17950 36 0.4191574156284332
21205 36 0.41735056042671204
53106 36 0.415309339761734
71339 1 0.4137405455112457
21527 36 0.4099199175834656
32763 36 0.40905073285102844
59986 36 0.4085758328437805
82104 36 0.40693387389183044
69472 36 0.403194397687912
31137 36 0.40136465430259705
26098 36 0.3996281325817108
16086 36 0.39956134557724
77347 36 0.3952724039554596
81362 36 0.3940027356147766
6942 36 0.3758755326271057
68713 36 0.3693523406982422
71766 49 0.36915522813796997
59347 48 0.3685782849788666
21351 36 0.3650285303592682
21251 36 0.3602990508079529
71736 49 0.35593128204345703
