1.0 0.0
1.0 0.0005678591709256105
1.0 0.001135718341851221
1.0 0.0017035775127768314
1.0 0.002271436683702442
1.0 0.0028392958546280523
1.0 0.0034071550255536627
1.0 0.003975014196479273
1.0 0.004542873367404884
1.0 0.005110732538330494
1.0 0.0056785917092561046
1.0 0.006246450880181715
1.0 0.0068143100511073255
1.0 0.0073821692220329355
1.0 0.007950028392958546
1.0 0.008517887563884156
1.0 0.009085746734809767
1.0 0.009653605905735378
0.9444444444444444 0.009653605905735378
0.8947368421052632 0.009653605905735378
0.9 0.010221465076660987
0.8571428571428571 0.010221465076660987
0.8636363636363636 0.010789324247586598
0.8695652173913043 0.011357183418512209
0.875 0.01192504258943782
0.88 0.01249290176036343
0.8846153846153846 0.01306076093128904
0.8888888888888888 0.013628620102214651
0.8928571428571429 0.014196479273140262
0.896551724137931 0.014764338444065871
0.9 0.015332197614991482
0.8709677419354839 0.015332197614991482
0.875 0.01590005678591709
0.8787878787878788 0.016467915956842702
0.8823529411764706 0.017035775127768313
0.8571428571428571 0.017035775127768313
0.8333333333333334 0.017035775127768313
0.8378378378378378 0.017603634298693924
0.8421052631578947 0.018171493469619535
0.8461538461538461 0.018739352640545145
0.85 0.019307211811470756
0.8536585365853658 0.019875070982396367
0.8571428571428571 0.020442930153321975
0.8372093023255814 0.020442930153321975
0.8409090909090909 0.021010789324247586
0.8444444444444444 0.021578648495173196
0.8478260869565217 0.022146507666098807
0.8297872340425532 0.022146507666098807
0.8333333333333334 0.022714366837024418
0.8163265306122449 0.022714366837024418
0.82 0.02328222600795003
0.8235294117647058 0.02385008517887564
0.8076923076923077 0.02385008517887564
0.8113207547169812 0.02441794434980125
0.8148148148148148 0.02498580352072686
0.8181818181818182 0.02555366269165247
0.8214285714285714 0.02612152186257808
0.8245614035087719 0.02668938103350369
0.8103448275862069 0.02668938103350369
0.7966101694915254 0.02668938103350369
0.8 0.027257240204429302
0.8032786885245902 0.027825099375354913
0.8064516129032258 0.028392958546280524
0.7936507936507936 0.028392958546280524
0.78125 0.028392958546280524
0.7846153846153846 0.028960817717206135
0.7878787878787878 0.029528676888131742
0.7761194029850746 0.029528676888131742
0.7794117647058824 0.030096536059057353
0.782608695652174 0.030664395229982964
0.7857142857142857 0.031232254400908575
0.7746478873239436 0.031232254400908575
0.7638888888888888 0.031232254400908575
0.7671232876712328 0.03180011357183418
0.7702702702702703 0.03236797274275979
0.76 0.03236797274275979
0.7631578947368421 0.032935831913685404
0.7662337662337663 0.033503691084611015
0.7692307692307693 0.034071550255536626
0.759493670886076 0.034071550255536626
0.7625 0.034639409426462237
0.7654320987654321 0.03520726859738785
0.7682926829268293 0.03577512776831346
0.7590361445783133 0.03577512776831346
0.75 0.03577512776831346
0.7411764705882353 0.03577512776831346
0.7441860465116279 0.03634298693923907
0.7471264367816092 0.03691084611016468
0.75 0.03747870528109029
0.7528089887640449 0.0380465644520159
0.7444444444444445 0.0380465644520159
0.7472527472527473 0.03861442362294151
0.75 0.039182282793867124
0.7419354838709677 0.039182282793867124
0.7446808510638298 0.039750141964792735
0.7473684210526316 0.04031800113571834
0.75 0.04088586030664395
0.7525773195876289 0.04145371947756956
0.7448979591836735 0.04145371947756956
0.7474747474747475 0.04202157864849517
0.74 0.04202157864849517
0.7425742574257426 0.04258943781942078
0.7352941176470589 0.04258943781942078
0.7281553398058253 0.04258943781942078
0.7307692307692307 0.04315729699034639
0.7238095238095238 0.04315729699034639
0.7264150943396226 0.043725156161272004
0.719626168224299 0.043725156161272004
0.7222222222222222 0.044293015332197615
0.7247706422018348 0.044860874503123226
0.7181818181818181 0.044860874503123226
0.7117117117117117 0.044860874503123226
0.7053571428571429 0.044860874503123226
0.6991150442477876 0.044860874503123226
0.7017543859649122 0.045428733674048836
0.7043478260869566 0.04599659284497445
0.7068965517241379 0.04656445201590006
0.7008547008547008 0.04656445201590006
0.6949152542372882 0.04656445201590006
0.6890756302521008 0.04656445201590006
0.6833333333333333 0.04656445201590006
0.6859504132231405 0.04713231118682567
0.680327868852459 0.04713231118682567
0.6747967479674797 0.04713231118682567
0.6774193548387096 0.04770017035775128
0.68 0.04826802952867689
0.6825396825396826 0.0488358886996025
0.6850393700787402 0.049403747870528106
0.6796875 0.049403747870528106
0.6744186046511628 0.049403747870528106
0.6692307692307692 0.049403747870528106
0.6641221374045801 0.049403747870528106
0.6590909090909091 0.049403747870528106
0.6616541353383458 0.04997160704145372
0.664179104477612 0.05053946621237933
0.6592592592592592 0.05053946621237933
0.6617647058823529 0.05110732538330494
0.656934306569343 0.05110732538330494
0.6594202898550725 0.05167518455423055
0.6618705035971223 0.05224304372515616
0.6571428571428571 0.05224304372515616
0.6524822695035462 0.05224304372515616
0.6549295774647887 0.05281090289608177
0.6573426573426573 0.05337876206700738
0.6527777777777778 0.05337876206700738
0.6551724137931034 0.05394662123793299
0.6575342465753424 0.054514480408858604
0.6598639455782312 0.055082339579784215
0.6554054054054054 0.055082339579784215
0.6577181208053692 0.055650198750709826
0.66 0.056218057921635436
0.6622516556291391 0.05678591709256105
0.6644736842105263 0.05735377626348666
0.6601307189542484 0.05735377626348666
0.6623376623376623 0.05792163543441227
0.6645161290322581 0.05848949460533787
0.6602564102564102 0.05848949460533787
0.6560509554140127 0.05848949460533787
0.6582278481012658 0.059057353776263484
0.660377358490566 0.059625212947189095
0.65625 0.059625212947189095
0.6583850931677019 0.060193072118114706
0.654320987654321 0.060193072118114706
0.6503067484662577 0.060193072118114706
0.6524390243902439 0.06076093128904032
0.6484848484848484 0.06076093128904032
0.6445783132530121 0.06076093128904032
0.6407185628742516 0.06076093128904032
0.6428571428571429 0.06132879045996593
0.6449704142011834 0.06189664963089154
0.6470588235294118 0.06246450880181715
0.6491228070175439 0.06303236797274275
0.6453488372093024 0.06303236797274275
0.6416184971098265 0.06303236797274275
0.6436781609195402 0.06360022714366836
0.64 0.06360022714366836
0.6363636363636364 0.06360022714366836
0.6384180790960452 0.06416808631459398
0.6404494382022472 0.06473594548551959
0.6424581005586593 0.0653038046564452
0.6444444444444445 0.06587166382737081
0.6408839779005525 0.06587166382737081
0.6373626373626373 0.06587166382737081
0.6338797814207651 0.06587166382737081
0.6358695652173914 0.06643952299829642
0.6324324324324324 0.06643952299829642
0.6344086021505376 0.06700738216922203
0.6310160427807486 0.06700738216922203
0.6276595744680851 0.06700738216922203
0.6243386243386243 0.06700738216922203
0.6210526315789474 0.06700738216922203
0.6178010471204188 0.06700738216922203
0.6145833333333334 0.06700738216922203
0.6113989637305699 0.06700738216922203
0.6082474226804123 0.06700738216922203
0.6102564102564103 0.06757524134014764
0.6122448979591837 0.06814310051107325
0.6142131979695431 0.06871095968199886
0.6161616161616161 0.06927881885292447
0.6130653266331658 0.06927881885292447
0.61 0.06927881885292447
0.6119402985074627 0.06984667802385008
0.6138613861386139 0.0704145371947757
0.6157635467980296 0.0709823963657013
0.6176470588235294 0.07155025553662692
0.6195121951219512 0.07211811470755253
0.6213592233009708 0.07268597387847814
0.6183574879227053 0.07268597387847814
0.6153846153846154 0.07268597387847814
0.6172248803827751 0.07325383304940375
0.6190476190476191 0.07382169222032936
0.6161137440758294 0.07382169222032936
0.6132075471698113 0.07382169222032936
0.6103286384976526 0.07382169222032936
0.6074766355140186 0.07382169222032936
0.6093023255813953 0.07438955139125497
0.6111111111111112 0.07495741056218058
0.6129032258064516 0.07552526973310619
0.6100917431192661 0.07552526973310619
0.6073059360730594 0.07552526973310619
0.6090909090909091 0.0760931289040318
0.6063348416289592 0.0760931289040318
0.6036036036036037 0.0760931289040318
0.6053811659192825 0.07666098807495741
0.6026785714285714 0.07666098807495741
0.6 0.07666098807495741
0.6017699115044248 0.07722884724588303
0.6035242290748899 0.07779670641680864
0.6052631578947368 0.07836456558773425
0.6026200873362445 0.07836456558773425
0.6043478260869565 0.07893242475865986
0.6017316017316018 0.07893242475865986
0.603448275862069 0.07950028392958547
0.6051502145922747 0.08006814310051108
0.6068376068376068 0.08063600227143668
0.6042553191489362 0.08063600227143668
0.6059322033898306 0.08120386144236229
0.6033755274261603 0.08120386144236229
0.6050420168067226 0.0817717206132879
0.602510460251046 0.0817717206132879
0.6041666666666666 0.08233957978421351
0.6016597510373444 0.08233957978421351
0.5991735537190083 0.08233957978421351
0.6008230452674898 0.08290743895513912
0.6024590163934426 0.08347529812606473
0.6 0.08347529812606473
0.5975609756097561 0.08347529812606473
0.5991902834008097 0.08404315729699034
0.6008064516129032 0.08461101646791595
0.6024096385542169 0.08517887563884156
0.6 0.08517887563884156
0.5976095617529881 0.08517887563884156
0.5992063492063492 0.08574673480976717
0.6007905138339921 0.08631459398069279
0.6023622047244095 0.0868824531516184
0.6039215686274509 0.08745031232254401
0.60546875 0.08801817149346962
0.6070038910505836 0.08858603066439523
0.6046511627906976 0.08858603066439523
0.6061776061776062 0.08915388983532084
0.6038461538461538 0.08915388983532084
0.6053639846743295 0.08972174900624645
0.6068702290076335 0.09028960817717206
0.6045627376425855 0.09028960817717206
0.6022727272727273 0.09028960817717206
0.6 0.09028960817717206
0.6015037593984962 0.09085746734809767
0.602996254681648 0.09142532651902328
0.6044776119402985 0.0919931856899489
0.6059479553903345 0.0925610448608745
0.6037037037037037 0.0925610448608745
0.6014760147601476 0.0925610448608745
0.5992647058823529 0.0925610448608745
0.5970695970695971 0.0925610448608745
0.5985401459854015 0.09312890403180012
0.5963636363636363 0.09312890403180012
0.5978260869565217 0.09369676320272573
0.5992779783393501 0.09426462237365134
0.5971223021582733 0.09426462237365134
0.5949820788530465 0.09426462237365134
0.5928571428571429 0.09426462237365134
0.5907473309608541 0.09426462237365134
0.5921985815602837 0.09483248154457695
0.5936395759717314 0.09540034071550256
0.5915492957746479 0.09540034071550256
0.5929824561403508 0.09596819988642817
0.5944055944055944 0.09653605905735378
0.5958188153310104 0.09710391822827939
0.59375 0.09710391822827939
0.5951557093425606 0.097671777399205
0.596551724137931 0.0982396365701306
0.5979381443298969 0.09880749574105621
0.5993150684931506 0.09937535491198182
0.6006825938566553 0.09994321408290743
0.6020408163265306 0.10051107325383304
0.6 0.10051107325383304
0.6013513513513513 0.10107893242475866
0.5993265993265994 0.10107893242475866
0.5973154362416108 0.10107893242475866
0.5986622073578596 0.10164679159568427
0.6 0.10221465076660988
0.6013289036544851 0.10278250993753549
0.6026490066225165 0.1033503691084611
0.6039603960396039 0.10391822827938671
0.6019736842105263 0.10391822827938671
0.6032786885245902 0.10448608745031232
0.6013071895424836 0.10448608745031232
0.6026058631921825 0.10505394662123793
0.6038961038961039 0.10562180579216354
0.6019417475728155 0.10562180579216354
0.6 0.10562180579216354
0.6012861736334405 0.10618966496308915
0.6025641025641025 0.10675752413401476
0.6006389776357828 0.10675752413401476
0.5987261146496815 0.10675752413401476
0.5968253968253968 0.10675752413401476
0.5949367088607594 0.10675752413401476
0.5930599369085173 0.10675752413401476
0.5911949685534591 0.10675752413401476
0.5893416927899686 0.10675752413401476
0.5875 0.10675752413401476
0.5856697819314641 0.10675752413401476
0.5838509316770186 0.10675752413401476
0.5851393188854489 0.10732538330494037
0.5833333333333334 0.10732538330494037
0.5846153846153846 0.10789324247586599
0.5828220858895705 0.10789324247586599
0.581039755351682 0.10789324247586599
0.5823170731707317 0.1084611016467916
0.5805471124620061 0.1084611016467916
0.5787878787878787 0.1084611016467916
0.5800604229607251 0.10902896081771721
0.5783132530120482 0.10902896081771721
0.5795795795795796 0.10959681998864282
0.5808383233532934 0.11016467915956843
0.5791044776119403 0.11016467915956843
0.5773809523809523 0.11016467915956843
0.5756676557863502 0.11016467915956843
0.5769230769230769 0.11073253833049404
0.5781710914454278 0.11130039750141965
0.5794117647058824 0.11186825667234526
0.5806451612903226 0.11243611584327087
0.5818713450292398 0.11300397501419648
0.5830903790087464 0.1135718341851221
0.5813953488372093 0.1135718341851221
0.5797101449275363 0.1135718341851221
0.5780346820809249 0.1135718341851221
0.579250720461095 0.1141396933560477
0.5775862068965517 0.1141396933560477
0.5787965616045845 0.11470755252697332
0.58 0.11527541169789893
0.5811965811965812 0.11584327086882454
0.5823863636363636 0.11641113003975014
0.5807365439093485 0.11641113003975014
0.5790960451977402 0.11641113003975014
0.5774647887323944 0.11641113003975014
0.5758426966292135 0.11641113003975014
0.5770308123249299 0.11697898921067575
0.5754189944134078 0.11697898921067575
0.5738161559888579 0.11697898921067575
0.575 0.11754684838160136
0.5734072022160664 0.11754684838160136
0.5718232044198895 0.11754684838160136
0.5702479338842975 0.11754684838160136
0.5714285714285714 0.11811470755252697
0.5698630136986301 0.11811470755252697
0.5683060109289617 0.11811470755252697
0.5694822888283378 0.11868256672345258
0.5679347826086957 0.11868256672345258
0.5663956639566395 0.11868256672345258
0.5648648648648649 0.11868256672345258
0.5660377358490566 0.11925042589437819
0.5645161290322581 0.11925042589437819
0.5630026809651475 0.11925042589437819
0.5614973262032086 0.11925042589437819
0.56 0.11925042589437819
0.5585106382978723 0.11925042589437819
0.5596816976127321 0.1198182850653038
0.5582010582010583 0.1198182850653038
0.5567282321899736 0.1198182850653038
0.5552631578947368 0.1198182850653038
0.5564304461942258 0.12038614423622941
0.5575916230366492 0.12095400340715502
0.556135770234987 0.12095400340715502
0.5546875 0.12095400340715502
0.5532467532467532 0.12095400340715502
0.5518134715025906 0.12095400340715502
0.5503875968992248 0.12095400340715502
0.5489690721649485 0.12095400340715502
0.5501285347043702 0.12152186257808063
0.5512820512820513 0.12208972174900624
0.5524296675191815 0.12265758091993186
0.5535714285714286 0.12322544009085747
0.5521628498727735 0.12322544009085747
0.5532994923857868 0.12379329926178308
0.5518987341772152 0.12379329926178308
0.553030303030303 0.12436115843270869
0.5541561712846348 0.1249290176036343
0.5527638190954773 0.1249290176036343
0.5513784461152882 0.1249290176036343
0.55 0.1249290176036343
0.5486284289276808 0.1249290176036343
0.5472636815920398 0.1249290176036343
0.5483870967741935 0.1254968767745599
0.5495049504950495 0.1260647359454855
0.5481481481481482 0.1260647359454855
0.5467980295566502 0.1260647359454855
0.547911547911548 0.12663259511641112
0.5465686274509803 0.12663259511641112
0.5476772616136919 0.12720045428733673
0.5487804878048781 0.12776831345826234
0.5474452554744526 0.12776831345826234
0.5461165048543689 0.12776831345826234
0.5447941888619855 0.12776831345826234
0.5434782608695652 0.12776831345826234
0.5445783132530121 0.12833617262918795
0.5456730769230769 0.12890403180011356
0.5467625899280576 0.12947189097103917
0.5454545454545454 0.12947189097103917
0.5465393794749404 0.13003975014196478
0.5476190476190477 0.1306076093128904
0.5463182897862233 0.1306076093128904
0.5450236966824644 0.1306076093128904
0.5460992907801419 0.131175468483816
0.5471698113207547 0.13174332765474162
0.548235294117647 0.13231118682566723
0.5469483568075117 0.13231118682566723
0.5456674473067916 0.13231118682566723
0.5467289719626168 0.13287904599659284
0.5477855477855478 0.13344690516751845
0.5465116279069767 0.13344690516751845
0.5475638051044084 0.13401476433844406
0.5486111111111112 0.13458262350936967
0.5473441108545035 0.13458262350936967
0.5483870967741935 0.13515048268029528
0.5471264367816092 0.13515048268029528
0.5481651376146789 0.1357183418512209
0.5469107551487414 0.1357183418512209
0.547945205479452 0.1362862010221465
0.5489749430523918 0.1368540601930721
0.55 0.13742191936399772
0.5487528344671202 0.13742191936399772
0.5475113122171946 0.13742191936399772
0.54627539503386 0.13742191936399772
0.5472972972972973 0.13798977853492334
0.5483146067415731 0.13855763770584895
0.5493273542600897 0.13912549687677456
0.5480984340044742 0.13912549687677456
0.546875 0.13912549687677456
0.5478841870824054 0.13969335604770017
0.5466666666666666 0.13969335604770017
0.5454545454545454 0.13969335604770017
0.5442477876106194 0.13969335604770017
0.5452538631346578 0.14026121521862578
0.5462555066079295 0.1408290743895514
0.545054945054945 0.1408290743895514
0.543859649122807 0.1408290743895514
0.5426695842450766 0.1408290743895514
0.5414847161572053 0.1408290743895514
0.5403050108932462 0.1408290743895514
0.5391304347826087 0.1408290743895514
0.5379609544468547 0.1408290743895514
0.538961038961039 0.141396933560477
0.5377969762419006 0.141396933560477
0.5387931034482759 0.1419647927314026
0.5376344086021505 0.1419647927314026
0.5364806866952789 0.1419647927314026
0.5353319057815846 0.1419647927314026
0.5363247863247863 0.14253265190232822
0.535181236673774 0.14253265190232822
0.5361702127659574 0.14310051107325383
0.535031847133758 0.14310051107325383
0.5360169491525424 0.14366837024417944
0.5369978858350951 0.14423622941510506
0.5358649789029536 0.14423622941510506
0.5347368421052632 0.14423622941510506
0.5336134453781513 0.14423622941510506
0.5324947589098532 0.14423622941510506
0.5313807531380753 0.14423622941510506
0.5302713987473904 0.14423622941510506
0.53125 0.14480408858603067
0.5301455301455301 0.14480408858603067
0.5311203319502075 0.14537194775695628
0.5320910973084886 0.1459398069278819
0.53099173553719 0.1459398069278819
0.5298969072164949 0.1459398069278819
0.5308641975308642 0.1465076660988075
0.5297741273100616 0.1465076660988075
0.5307377049180327 0.1470755252697331
0.5296523517382413 0.1470755252697331
0.5285714285714286 0.1470755252697331
0.5274949083503055 0.1470755252697331
0.5284552845528455 0.14764338444065872
0.5294117647058824 0.14821124361158433
0.52834008097166 0.14821124361158433
0.5272727272727272 0.14821124361158433
0.5282258064516129 0.14877910278250994
0.5271629778672032 0.14877910278250994
0.5281124497991968 0.14934696195343555
0.5270541082164328 0.14934696195343555
0.526 0.14934696195343555
0.5249500998003992 0.14934696195343555
0.5239043824701195 0.14934696195343555
0.5248508946322068 0.14991482112436116
0.5238095238095238 0.14991482112436116
0.5227722772277228 0.14991482112436116
0.5217391304347826 0.14991482112436116
0.5207100591715976 0.14991482112436116
0.5216535433070866 0.15048268029528677
0.5206286836935167 0.15048268029528677
0.5196078431372549 0.15048268029528677
0.5185909980430529 0.15048268029528677
0.517578125 0.15048268029528677
0.5165692007797271 0.15048268029528677
0.5175097276264592 0.15105053946621239
0.516504854368932 0.15105053946621239
0.5155038759689923 0.15105053946621239
0.5145067698259188 0.15105053946621239
0.5135135135135135 0.15105053946621239
0.5144508670520231 0.151618398637138
0.5134615384615384 0.151618398637138
0.5143953934740882 0.1521862578080636
0.5134099616858238 0.1521862578080636
0.5124282982791587 0.1521862578080636
0.5133587786259542 0.15275411697898922
0.5123809523809524 0.15275411697898922
0.5114068441064639 0.15275411697898922
0.5104364326375711 0.15275411697898922
0.509469696969697 0.15275411697898922
0.5103969754253308 0.15332197614991483
0.5113207547169811 0.15388983532084044
0.5103578154425612 0.15388983532084044
0.5112781954887218 0.15445769449176605
0.5121951219512195 0.15502555366269166
0.5112359550561798 0.15502555366269166
0.5121495327102804 0.15559341283361727
0.5111940298507462 0.15559341283361727
0.5121042830540037 0.15616127200454288
0.5130111524163569 0.1567291311754685
0.5120593692022264 0.1567291311754685
0.5111111111111111 0.1567291311754685
0.5101663585951941 0.1567291311754685
0.511070110701107 0.1572969903463941
0.5101289134438306 0.1572969903463941
0.5110294117647058 0.15786484951731972
0.5119266055045871 0.15843270868824533
0.510989010989011 0.15843270868824533
0.5118829981718465 0.15900056785917094
0.5109489051094891 0.15900056785917094
0.51183970856102 0.15956842703009655
0.5127272727272727 0.16013628620102216
0.5117967332123412 0.16013628620102216
0.5126811594202898 0.16070414537194777
0.5117540687160941 0.16070414537194777
0.5108303249097473 0.16070414537194777
0.5099099099099099 0.16070414537194777
0.5107913669064749 0.16127200454287335
0.5116696588868941 0.16183986371379896
0.510752688172043 0.16183986371379896
0.5098389982110912 0.16183986371379896
0.5107142857142857 0.16240772288472458
0.5098039215686274 0.16240772288472458
0.5088967971530249 0.16240772288472458
0.5097690941385435 0.1629755820556502
0.5088652482269503 0.1629755820556502
0.5079646017699115 0.1629755820556502
0.5070671378091873 0.1629755820556502
0.5079365079365079 0.1635434412265758
0.5088028169014085 0.1641113003975014
0.507908611599297 0.1641113003975014
0.5070175438596491 0.1641113003975014
0.5078809106830122 0.16467915956842702
0.5087412587412588 0.16524701873935263
0.5095986038394416 0.16581487791027824
0.5087108013937283 0.16581487791027824
0.5078260869565218 0.16581487791027824
0.5069444444444444 0.16581487791027824
0.5060658578856152 0.16581487791027824
0.5069204152249135 0.16638273708120385
0.5060449050086355 0.16638273708120385
0.5051724137931034 0.16638273708120385
0.504302925989673 0.16638273708120385
0.5034364261168385 0.16638273708120385
0.5025728987993139 0.16638273708120385
0.5017123287671232 0.16638273708120385
0.5008547008547009 0.16638273708120385
0.5017064846416383 0.16695059625212946
0.5025553662691652 0.16751845542305507
0.5017006802721088 0.16751845542305507
0.5008488964346349 0.16751845542305507
0.5 0.16751845542305507
0.49915397631133673 0.16751845542305507
0.5 0.16808631459398068
0.4991568296795953 0.16808631459398068
0.4983164983164983 0.16808631459398068
0.4991596638655462 0.1686541737649063
0.5 0.1692220329358319
0.5008375209380235 0.16978989210675752
0.5 0.16978989210675752
0.5008347245409015 0.17035775127768313
0.5 0.17035775127768313
0.49916805324459235 0.17035775127768313
0.4983388704318937 0.17035775127768313
0.49917081260364843 0.17092561044860874
0.49834437086092714 0.17092561044860874
0.4975206611570248 0.17092561044860874
0.4966996699669967 0.17092561044860874
0.4958813838550247 0.17092561044860874
0.49506578947368424 0.17092561044860874
0.49589490968801314 0.17149346961953435
0.49508196721311476 0.17149346961953435
0.49427168576104746 0.17149346961953435
0.4934640522875817 0.17149346961953435
0.49429037520391517 0.17206132879045996
0.49348534201954397 0.17206132879045996
0.4926829268292683 0.17206132879045996
0.49188311688311687 0.17206132879045996
0.49270664505672607 0.17262918796138557
0.4919093851132686 0.17262918796138557
0.4911147011308562 0.17262918796138557
0.49193548387096775 0.17319704713231118
0.49114331723027377 0.17319704713231118
0.4903536977491961 0.17319704713231118
0.4895666131621188 0.17319704713231118
0.49038461538461536 0.1737649063032368
0.4896 0.1737649063032368
0.48881789137380194 0.1737649063032368
0.48963317384370014 0.1743327654741624
0.4888535031847134 0.1743327654741624
0.48966613672496023 0.17490062464508802
0.49047619047619045 0.17546848381601363
0.4896988906497623 0.17546848381601363
0.49050632911392406 0.17603634298693924
0.48973143759873616 0.17603634298693924
0.4889589905362776 0.17603634298693924
0.4881889763779528 0.17603634298693924
0.4889937106918239 0.17660420215786485
0.48822605965463106 0.17660420215786485
0.48746081504702193 0.17660420215786485
0.486697965571205 0.17660420215786485
0.4859375 0.17660420215786485
0.48517940717628705 0.17660420215786485
0.48442367601246106 0.17660420215786485
0.48522550544323484 0.17717206132879046
0.484472049689441 0.17717206132879046
0.48372093023255813 0.17717206132879046
0.4845201238390093 0.17773992049971607
0.48377125193199383 0.17773992049971607
0.4845679012345679 0.17830777967064168
0.48382126348228044 0.17830777967064168
0.48307692307692307 0.17830777967064168
0.4823348694316436 0.17830777967064168
0.4831288343558282 0.1788756388415673
0.48238897396630936 0.1788756388415673
0.4831804281345566 0.1794434980124929
0.48244274809160304 0.1794434980124929
0.48323170731707316 0.1800113571834185
0.4824961948249619 0.1800113571834185
0.4817629179331307 0.1800113571834185
0.48254931714719274 0.18057921635434412
0.4818181818181818 0.18057921635434412
0.481089258698941 0.18057921635434412
0.48036253776435045 0.18057921635434412
0.48114630467571645 0.18114707552526974
0.4819277108433735 0.18171493469619535
0.48270676691729325 0.18228279386712096
0.48348348348348347 0.18285065303804657
0.48425787106446777 0.18341851220897218
0.48353293413173654 0.18341851220897218
0.4828101644245142 0.18341851220897218
0.4835820895522388 0.1839863713798978
0.4828614008941878 0.1839863713798978
0.48214285714285715 0.1839863713798978
0.4814264487369985 0.1839863713798978
0.4807121661721068 0.1839863713798978
0.48 0.1839863713798978
0.47928994082840237 0.1839863713798978
0.48005908419497784 0.1845542305508234
0.47935103244837757 0.1845542305508234
0.4786450662739323 0.1845542305508234
0.47794117647058826 0.1845542305508234
0.47723935389133626 0.1845542305508234
0.4780058651026393 0.185122089721749
0.4773060029282577 0.185122089721749
0.4766081871345029 0.185122089721749
0.47737226277372263 0.18568994889267462
0.47667638483965014 0.18568994889267462
0.4759825327510917 0.18568994889267462
0.4752906976744186 0.18568994889267462
0.4746008708272859 0.18568994889267462
0.4753623188405797 0.18625780806360023
0.47467438494934877 0.18625780806360023
0.47398843930635837 0.18625780806360023
0.47474747474747475 0.18682566723452584
0.47406340057636887 0.18682566723452584
0.47338129496402875 0.18682566723452584
0.47413793103448276 0.18739352640545145
0.4748923959827834 0.18796138557637707
0.47564469914040114 0.18852924474730268
0.474964234620887 0.18852924474730268
0.4757142857142857 0.1890971039182283
0.47503566333808844 0.1890971039182283
0.4757834757834758 0.1896649630891539
0.47652916073968704 0.1902328222600795
0.4772727272727273 0.19080068143100512
0.4765957446808511 0.19080068143100512
0.47592067988668557 0.19080068143100512
0.4752475247524752 0.19080068143100512
0.4745762711864407 0.19080068143100512
0.47390691114245415 0.19080068143100512
0.47464788732394364 0.19136854060193073
0.47538677918424754 0.19193639977285634
0.4747191011235955 0.19193639977285634
0.47545582047685836 0.19250425894378195
0.47619047619047616 0.19307211811470756
0.4755244755244755 0.19307211811470756
0.4748603351955307 0.19307211811470756
0.4755927475592748 0.19363997728563317
0.4763231197771588 0.19420783645655879
0.4756606397774687 0.19420783645655879
0.47638888888888886 0.1947756956274844
0.47572815533980584 0.1947756956274844
0.47506925207756234 0.1947756956274844
0.47441217150760717 0.1947756956274844
0.47513812154696133 0.19534355479841
0.47448275862068967 0.19534355479841
0.4738292011019284 0.19534355479841
0.4731774415405777 0.19534355479841
0.4739010989010989 0.19591141396933562
0.4732510288065844 0.19591141396933562
0.4726027397260274 0.19591141396933562
0.4719562243502052 0.19591141396933562
0.4726775956284153 0.1964792731402612
0.47203274215552526 0.1964792731402612
0.4713896457765668 0.1964792731402612
0.47210884353741495 0.1970471323111868
0.47282608695652173 0.19761499148211242
0.47218453188602444 0.19761499148211242
0.47289972899729 0.19818285065303803
0.4722598105548038 0.19818285065303803
0.47297297297297297 0.19875070982396364
0.47233468286099867 0.19875070982396364
0.4716981132075472 0.19875070982396364
0.47106325706594887 0.19875070982396364
0.47043010752688175 0.19875070982396364
0.47114093959731546 0.19931856899488926
0.4718498659517426 0.19988642816581487
0.47121820615796517 0.19988642816581487
0.47192513368983957 0.20045428733674048
0.4712950600801068 0.20045428733674048
0.4706666666666667 0.20045428733674048
0.47003994673768307 0.20045428733674048
0.46941489361702127 0.20045428733674048
0.4701195219123506 0.2010221465076661
0.4708222811671088 0.2015900056785917
0.47152317880794703 0.2021578648495173
0.4708994708994709 0.2021578648495173
0.4702774108322325 0.2021578648495173
0.470976253298153 0.20272572402044292
0.47167325428194995 0.20329358319136853
0.4710526315789474 0.20329358319136853
0.47174770039421815 0.20386144236229414
0.47244094488188976 0.20442930153321975
0.47313237221494103 0.20499716070414536
0.4725130890052356 0.20499716070414536
0.4718954248366013 0.20499716070414536
0.47127937336814624 0.20499716070414536
0.4706649282920469 0.20499716070414536
0.4713541666666667 0.20556501987507098
0.47074122236671 0.20556501987507098
0.4701298701298701 0.20556501987507098
0.4708171206225681 0.2061328790459966
0.47150259067357514 0.2067007382169222
0.4721862871927555 0.2072685973878478
0.4728682170542636 0.20783645655877342
0.4735483870967742 0.20840431572969903
0.4729381443298969 0.20840431572969903
0.4723294723294723 0.20840431572969903
0.4717223650385604 0.20840431572969903
0.4711168164313222 0.20840431572969903
0.4705128205128205 0.20840431572969903
0.469910371318822 0.20840431572969903
0.46930946291560105 0.20840431572969903
0.46998722860791825 0.20897217490062464
0.46938775510204084 0.20897217490062464
0.46878980891719746 0.20897217490062464
0.4681933842239186 0.20897217490062464
0.4675984752223634 0.20897217490062464
0.467005076142132 0.20897217490062464
0.467680608365019 0.20954003407155025
0.4670886075949367 0.20954003407155025
0.4664981036662453 0.20954003407155025
0.4659090909090909 0.20954003407155025
0.46532156368221944 0.20954003407155025
0.4659949622166247 0.21010789324247586
0.46540880503144655 0.21010789324247586
0.46608040201005024 0.21067575241340147
0.465495608531995 0.21067575241340147
0.46616541353383456 0.21124361158432708
0.4668335419274093 0.2118114707552527
0.4675 0.2123793299261783
0.4681647940074906 0.21294718909710392
0.46758104738154616 0.21294718909710392
0.46824408468244083 0.21351504826802953
0.46766169154228854 0.21351504826802953
0.4683229813664596 0.21408290743895514
0.46898263027295284 0.21465076660988075
0.4684014869888476 0.21465076660988075
0.46905940594059403 0.21521862578080636
0.4684796044499382 0.21521862578080636
0.4679012345679012 0.21521862578080636
0.468557336621455 0.21578648495173197
0.46798029556650245 0.21578648495173197
0.46863468634686345 0.21635434412265758
0.4692874692874693 0.2169222032935832
0.4687116564417178 0.2169222032935832
0.4681372549019608 0.2169222032935832
0.4675642594859241 0.2169222032935832
0.4682151589242054 0.2174900624645088
0.46764346764346765 0.2174900624645088
0.46707317073170734 0.2174900624645088
0.46650426309378806 0.2174900624645088
0.4659367396593674 0.2174900624645088
0.4665856622114216 0.21805792163543442
0.46601941747572817 0.21805792163543442
0.4666666666666667 0.21862578080636003
0.46731234866828086 0.21919363997728564
0.4667472793228537 0.21919363997728564
0.46618357487922707 0.21919363997728564
0.46682750301568154 0.21976149914821125
0.46626506024096387 0.21976149914821125
0.46690734055354993 0.22032935831913686
0.4675480769230769 0.22089721749006247
0.468187274909964 0.22146507666098808
0.46882494004796166 0.2220329358319137
0.4682634730538922 0.2220329358319137
0.4688995215311005 0.2226007950028393
0.46953405017921146 0.2231686541737649
0.46897374701670647 0.2231686541737649
0.4684147794994041 0.2231686541737649
0.46785714285714286 0.2231686541737649
0.46730083234244946 0.2231686541737649
0.4667458432304038 0.2231686541737649
0.46619217081850534 0.2231686541737649
0.466824644549763 0.22373651334469052
0.46745562130177515 0.22430437251561613
0.466903073286052 0.22430437251561613
0.4675324675324675 0.22487223168654175
0.4669811320754717 0.22487223168654175
0.4664310954063604 0.22487223168654175
0.46588235294117647 0.22487223168654175
0.46533490011750883 0.22487223168654175
0.465962441314554 0.22544009085746736
0.4654161781946073 0.22544009085746736
0.4648711943793911 0.22544009085746736
0.4654970760233918 0.22600795002839297
0.4649532710280374 0.22600795002839297
0.4644107351225204 0.22600795002839297
0.46503496503496505 0.22657580919931858
0.46449359720605354 0.22657580919931858
0.46511627906976744 0.2271436683702442
0.4657375145180023 0.2277115275411698
0.4651972157772622 0.2277115275411698
0.46581691772885286 0.2282793867120954
0.4652777777777778 0.2282793867120954
0.4658959537572254 0.22884724588302102
0.4653579676674365 0.22884724588302102
0.46482122260668973 0.22884724588302102
0.4642857142857143 0.22884724588302102
0.46375143843498273 0.22884724588302102
0.46436781609195404 0.22941510505394663
0.46383467278989665 0.22941510505394663
0.4644495412844037 0.22998296422487224
0.4639175257731959 0.22998296422487224
0.4633867276887872 0.22998296422487224
0.46285714285714286 0.22998296422487224
0.4634703196347032 0.23055082339579785
0.4629418472063854 0.23055082339579785
0.4624145785876993 0.23055082339579785
0.46188850967007966 0.23055082339579785
0.4625 0.23111868256672347
0.4619750283768445 0.23111868256672347
0.4614512471655329 0.23111868256672347
0.4609286523216308 0.23111868256672347
0.4604072398190045 0.23111868256672347
0.4598870056497175 0.23111868256672347
0.4604966139954853 0.23168654173764908
0.4599774520856821 0.23168654173764908
0.4605855855855856 0.23225440090857466
0.4611923509561305 0.23282226007950027
0.4606741573033708 0.23282226007950027
0.4612794612794613 0.23339011925042588
0.460762331838565 0.23339011925042588
0.46136618141097424 0.2339579784213515
0.4608501118568233 0.2339579784213515
0.46145251396648046 0.2345258375922771
0.4609375 0.2345258375922771
0.4604236343366778 0.2345258375922771
0.4599109131403118 0.2345258375922771
0.4593993325917686 0.2345258375922771
0.4588888888888889 0.2345258375922771
0.4583795782463929 0.2345258375922771
0.458980044345898 0.23509369676320271
0.45957918050941304 0.23566155593412833
0.46017699115044247 0.23622941510505394
0.4607734806629834 0.23679727427597955
0.4602649006622517 0.23679727427597955
0.4597574421168688 0.23679727427597955
0.4592511013215859 0.23679727427597955
0.45874587458745875 0.23679727427597955
0.4582417582417582 0.23679727427597955
0.4588364434687157 0.23736513344690516
0.4583333333333333 0.23736513344690516
0.4589266155531216 0.23793299261783077
0.45951859956236324 0.23850085178875638
0.45901639344262296 0.23850085178875638
0.4596069868995633 0.239068710959682
0.45910577971646677 0.239068710959682
0.45860566448801743 0.239068710959682
0.4591947769314472 0.2396365701306076
0.45869565217391306 0.2396365701306076
0.4592833876221498 0.2402044293015332
0.4598698481561822 0.24077228847245882
0.4593716143011918 0.24077228847245882
0.4588744588744589 0.24077228847245882
0.4594594594594595 0.24134014764338443
0.46004319654427644 0.24190800681431004
0.46062567421790723 0.24247586598523566
0.46120689655172414 0.24304372515616127
0.4607104413347686 0.24304372515616127
0.4612903225806452 0.24361158432708688
0.4607948442534909 0.24361158432708688
0.4613733905579399 0.2441794434980125
0.4608788853161844 0.2441794434980125
0.4603854389721627 0.2441794434980125
0.45989304812834225 0.2441794434980125
0.46047008547008544 0.2447473026689381
0.4599786552828175 0.2447473026689381
0.4594882729211087 0.2447473026689381
0.4589989350372737 0.2447473026689381
0.4595744680851064 0.2453151618398637
0.45908607863974493 0.2453151618398637
0.4585987261146497 0.2453151618398637
0.4591728525980912 0.24588302101078932
0.4586864406779661 0.24588302101078932
0.4582010582010582 0.24588302101078932
0.45771670190274844 0.24588302101078932
0.4582893347412883 0.24645088018171493
0.4578059071729958 0.24645088018171493
0.458377239199157 0.24701873935264054
0.4589473684210526 0.24758659852356615
0.45951629863301785 0.24815445769449176
0.46008403361344535 0.24872231686541738
0.46065057712486884 0.249290176036343
0.46016771488469604 0.249290176036343
0.4607329842931937 0.2498580352072686
0.46129707112970714 0.2504258943781942
0.4608150470219436 0.2504258943781942
0.4603340292275574 0.2504258943781942
0.4608967674661105 0.2509937535491198
0.46041666666666664 0.2509937535491198
0.4599375650364204 0.2509937535491198
0.4604989604989605 0.2515616127200454
0.46002076843198336 0.2515616127200454
0.4605809128630705 0.252129471890971
0.46113989637305697 0.2526973310618966
0.4606625258799172 0.2526973310618966
0.46018614270941055 0.2526973310618966
0.4597107438016529 0.2526973310618966
0.45923632610939114 0.2526973310618966
0.45979381443298967 0.25326519023282223
0.4593202883625129 0.25326519023282223
0.4588477366255144 0.25326519023282223
0.45940390544707094 0.25383304940374785
0.4589322381930185 0.25383304940374785
0.4584615384615385 0.25383304940374785
0.45799180327868855 0.25383304940374785
0.45752302968270214 0.25383304940374785
0.4570552147239264 0.25383304940374785
0.45658835546475995 0.25383304940374785
0.45714285714285713 0.25440090857467346
0.4566768603465851 0.25440090857467346
0.45621181262729127 0.25440090857467346
0.45676500508647 0.25496876774559907
0.4563008130081301 0.25496876774559907
0.4558375634517767 0.25496876774559907
0.4553752535496957 0.25496876774559907
0.45592705167173253 0.2555366269165247
0.4564777327935223 0.2561044860874503
0.4570273003033367 0.2566723452583759
0.45656565656565656 0.2566723452583759
0.4571140262361251 0.2572402044293015
0.4566532258064516 0.2572402044293015
0.4561933534743202 0.2572402044293015
0.4557344064386318 0.2572402044293015
0.4562814070351759 0.2578080636002271
0.4568273092369478 0.25837592277115273
0.4563691073219659 0.25837592277115273
0.4559118236472946 0.25837592277115273
0.45645645645645644 0.25894378194207834
0.457 0.25951164111300395
0.45754245754245754 0.26007950028392957
0.45708582834331335 0.26007950028392957
0.45663010967098705 0.26007950028392957
0.45617529880478086 0.26007950028392957
0.4557213930348259 0.26007950028392957
0.4552683896620278 0.26007950028392957
0.4558093346573982 0.2606473594548552
0.45535714285714285 0.2606473594548552
0.45490584737363726 0.2606473594548552
0.45544554455445546 0.2612152186257808
0.4549950544015826 0.2612152186257808
0.45454545454545453 0.2612152186257808
0.4550839091806515 0.2617830777967064
0.4546351084812623 0.2617830777967064
0.4541871921182266 0.2617830777967064
0.453740157480315 0.2617830777967064
0.4532940019665683 0.2617830777967064
0.45284872298624756 0.2617830777967064
0.4533856722276742 0.262350936967632
0.453921568627451 0.2629187961385576
0.4534769833496572 0.2629187961385576
0.45303326810176126 0.2629187961385576
0.4525904203323558 0.2629187961385576
0.4521484375 0.2629187961385576
0.45170731707317074 0.2629187961385576
0.4512670565302144 0.2629187961385576
0.4508276533592989 0.2629187961385576
0.45038910505836577 0.2629187961385576
0.4509232264334305 0.26348665530948323
0.45145631067961167 0.26405451448040884
0.4510184287099903 0.26405451448040884
0.45058139534883723 0.26405451448040884
0.45111326234269117 0.26462237365133445
0.45164410058027077 0.26519023282226006
0.45120772946859905 0.26519023282226006
0.4517374517374517 0.2657580919931857
0.4522661523625844 0.2663259511641113
0.45183044315992293 0.2663259511641113
0.45139557266602504 0.2663259511641113
0.4519230769230769 0.2668938103350369
0.45244956772334294 0.2674616695059625
0.45201535508637236 0.2674616695059625
0.45158197507190795 0.2674616695059625
0.4511494252873563 0.2674616695059625
0.45167464114832534 0.2680295286768881
0.45124282982791586 0.2680295286768881
0.45081184336198665 0.2680295286768881
0.45038167938931295 0.2680295286768881
0.45090562440419446 0.26859738784781373
0.4514285714285714 0.26916524701873934
0.4519505233111323 0.26973310618966495
0.4515209125475285 0.26973310618966495
0.4520417853751187 0.27030096536059056
0.45161290322580644 0.27030096536059056
0.45118483412322274 0.27030096536059056
0.45075757575757575 0.27030096536059056
0.4503311258278146 0.27030096536059056
0.45085066162570886 0.2708688245315162
0.4513692162417375 0.2714366837024418
0.4509433962264151 0.2714366837024418
0.4505183788878417 0.2714366837024418
0.4500941619585687 0.2714366837024418
0.44967074317968014 0.2714366837024418
0.450187969924812 0.2720045428733674
0.4497652582159624 0.2720045428733674
0.44934333958724204 0.2720045428733674
0.44892221180880976 0.2720045428733674
0.449438202247191 0.272572402044293
0.4490177736202058 0.272572402044293
0.4485981308411215 0.272572402044293
0.4481792717086835 0.272572402044293
0.44776119402985076 0.272572402044293
0.4473438956197577 0.272572402044293
0.44692737430167595 0.272572402044293
0.4474418604651163 0.2731402612152186
0.44702602230483274 0.2731402612152186
0.44753946146703805 0.2737081203861442
0.44805194805194803 0.27427597955706984
0.44763670064874883 0.27427597955706984
0.44722222222222224 0.27427597955706984
0.4477335800185014 0.27484383872799545
0.44824399260628467 0.27541169789892106
0.44783010156971376 0.27541169789892106
0.4474169741697417 0.27541169789892106
0.4470046082949309 0.27541169789892106
0.44659300184162065 0.27541169789892106
0.44618215271389144 0.27541169789892106
0.44577205882352944 0.27541169789892106
0.4462809917355372 0.27597955706984667
0.44587155963302755 0.27597955706984667
0.4454628780934922 0.27597955706984667
0.44505494505494503 0.27597955706984667
0.4455626715462031 0.2765474162407723
0.4460694698354662 0.2771152754116979
0.445662100456621 0.2771152754116979
0.44525547445255476 0.2771152754116979
0.4448495897903373 0.2771152754116979
0.4444444444444444 0.2771152754116979
0.4440400363967243 0.2771152754116979
0.44363636363636366 0.2771152754116979
0.444141689373297 0.2776831345826235
0.4437386569872958 0.2776831345826235
0.4442429737080689 0.2782509937535491
0.4438405797101449 0.2782509937535491
0.4434389140271493 0.2782509937535491
0.4430379746835443 0.2782509937535491
0.44354110207768743 0.2788188529244747
0.44314079422382674 0.2788188529244747
0.4436429215509468 0.27938671209540034
0.44324324324324327 0.27938671209540034
0.44374437443744374 0.27995457126632595
0.4433453237410072 0.27995457126632595
0.44384546271338726 0.28052243043725156
0.44344703770197486 0.28052243043725156
0.4439461883408072 0.28109028960817717
0.4444444444444444 0.2816581487791028
0.4440465532676813 0.2816581487791028
0.44364937388193204 0.2816581487791028
0.44414655942806075 0.2822260079500284
0.4446428571428571 0.282793867120954
0.44424620874219445 0.282793867120954
0.44385026737967914 0.282793867120954
0.44345503116651824 0.282793867120954
0.4430604982206406 0.282793867120954
0.44266666666666665 0.282793867120954
0.44316163410301956 0.2833617262918796
0.4427684117125111 0.2833617262918796
0.4423758865248227 0.2833617262918796
0.4419840566873339 0.2833617262918796
0.4415929203539823 0.2833617262918796
0.4412024756852343 0.2833617262918796
0.44081272084805656 0.2833617262918796
0.440423654015887 0.2833617262918796
0.4400352733686067 0.2833617262918796
0.439647577092511 0.2833617262918796
0.4392605633802817 0.2833617262918796
0.4388742304309587 0.2833617262918796
0.4384885764499121 0.2833617262918796
0.43810359964881473 0.2833617262918796
0.43859649122807015 0.2839295854628052
0.43821209465381245 0.2839295854628052
0.43870402802101577 0.28449744463373083
0.43832020997375326 0.28449744463373083
0.4379370629370629 0.28449744463373083
0.4375545851528384 0.28449744463373083
0.43717277486910994 0.28449744463373083
0.43679163034001744 0.28449744463373083
0.436411149825784 0.28449744463373083
0.4360313315926893 0.28449744463373083
0.4356521739130435 0.28449744463373083
0.43614248479582973 0.28506530380465644
0.4357638888888889 0.28506530380465644
0.4362532523850824 0.28563316297558206
0.4358752166377816 0.28563316297558206
0.4354978354978355 0.28563316297558206
0.435121107266436 0.28563316297558206
0.4347450302506482 0.28563316297558206
0.43436960276338515 0.28563316297558206
0.43485763589301124 0.28620102214650767
0.43448275862068964 0.28620102214650767
0.43496985357450474 0.2867688813174333
0.43459552495697074 0.2867688813174333
0.4350816852966466 0.2873367404883589
0.43470790378006874 0.2873367404883589
0.43433476394849785 0.2873367404883589
0.4339622641509434 0.2873367404883589
0.43444730077120824 0.2879045996592845
0.4340753424657534 0.2879045996592845
0.43370402053036783 0.2879045996592845
0.43333333333333335 0.2879045996592845
0.43296327924850553 0.2879045996592845
0.4325938566552901 0.2879045996592845
0.4322250639386189 0.2879045996592845
0.43185689948892675 0.2879045996592845
0.43148936170212765 0.2879045996592845
0.43197278911564624 0.2884724588302101
0.4316057774001699 0.2884724588302101
0.43208828522920206 0.2890403180011357
0.43172179813401185 0.2890403180011357
0.43135593220338986 0.2890403180011357
0.43099068585944117 0.2890403180011357
0.43147208121827413 0.28960817717206133
0.43110735418427726 0.28960817717206133
0.43158783783783783 0.29017603634298694
0.4312236286919831 0.29017603634298694
0.4308600337268128 0.29017603634298694
0.43049705139005895 0.29017603634298694
0.43013468013468015 0.29017603634298694
0.42977291841883936 0.29017603634298694
0.4294117647058823 0.29017603634298694
0.42989084802686817 0.29074389551391255
0.42953020134228187 0.29074389551391255
0.4300083822296731 0.29131175468483816
0.4296482412060301 0.29131175468483816
0.4292887029288703 0.29131175468483816
0.4289297658862876 0.29131175468483816
0.42857142857142855 0.29131175468483816
0.4282136894824708 0.29131175468483816
0.4278565471226022 0.29131175468483816
0.4275 0.29131175468483816
0.42714404662781014 0.29131175468483816
0.42678868552412647 0.29131175468483816
0.42726517040731504 0.2918796138557638
0.4269102990033223 0.2918796138557638
0.42655601659751036 0.2918796138557638
0.4262023217247098 0.2918796138557638
0.4258492129246065 0.2918796138557638
0.42632450331125826 0.2924474730266894
0.42597187758478083 0.2924474730266894
0.4256198347107438 0.2924474730266894
0.42526837324525185 0.2924474730266894
0.4249174917491749 0.2924474730266894
0.4245671887881286 0.2924474730266894
0.42504118616144976 0.293015332197615
0.4246913580246914 0.293015332197615
0.4243421052631579 0.293015332197615
0.4239934264585045 0.293015332197615
0.4244663382594417 0.2935831913685406
0.42411812961443807 0.2935831913685406
0.4245901639344262 0.2941510505394662
0.42424242424242425 0.2941510505394662
0.4238952536824877 0.2941510505394662
0.42354865085854454 0.2941510505394662
0.42320261437908496 0.2941510505394662
0.4228571428571429 0.2941510505394662
0.42251223491027734 0.2941510505394662
0.4221678891605542 0.2941510505394662
0.4226384364820847 0.29471890971039183
0.4222945484133442 0.29471890971039183
0.4219512195121951 0.29471890971039183
0.42242079610073113 0.29528676888131744
0.42207792207792205 0.29528676888131744
0.42173560421735606 0.29528676888131744
0.4213938411669368 0.29528676888131744
0.42186234817813767 0.29585462805224305
0.4223300970873786 0.29642248722316866
0.42279708973322555 0.2969903463940943
0.42245557350565427 0.2969903463940943
0.42211460855528654 0.2969903463940943
0.4217741935483871 0.2969903463940943
0.42224012892828366 0.2975582055650199
0.4227053140096618 0.2981260647359455
0.4223652453740949 0.2981260647359455
0.4220257234726688 0.2981260647359455
0.42168674698795183 0.2981260647359455
0.42134831460674155 0.2981260647359455
0.42181234963913394 0.2986939239068711
0.422275641025641 0.2992617830777967
0.42193755004003203 0.2992617830777967
0.4224 0.29982964224872233
0.42206235011990406 0.29982964224872233
0.4217252396166134 0.29982964224872233
0.4213886671987231 0.29982964224872233
0.42105263157894735 0.29982964224872233
0.4207171314741036 0.29982964224872233
0.4211783439490446 0.30039750141964794
0.4216388225934765 0.30096536059057355
0.4220985691573927 0.30153321976149916
0.42255758538522636 0.30210107893242477
0.4222222222222222 0.30210107893242477
0.4218873909595559 0.30210107893242477
0.4215530903328051 0.30210107893242477
0.4220110847189232 0.3026689381033504
0.42167721518987344 0.3026689381033504
0.42134387351778657 0.3026689381033504
0.42101105845181674 0.3026689381033504
0.4206787687450671 0.3026689381033504
0.42034700315457413 0.3026689381033504
0.42001576044129235 0.3026689381033504
0.4196850393700787 0.3026689381033504
0.41935483870967744 0.3026689381033504
0.4190251572327044 0.3026689381033504
0.4186959937156324 0.3026689381033504
0.41836734693877553 0.3026689381033504
0.4188235294117647 0.303236797274276
0.41927899686520376 0.3038046564452016
0.41895066562255284 0.3038046564452016
0.418622848200313 0.3038046564452016
0.4190774042220485 0.3043725156161272
0.41953125 0.3049403747870528
0.41920374707259955 0.3049403747870528
0.41887675507020283 0.3049403747870528
0.4193296960249415 0.30550823395797844
0.4190031152647975 0.30550823395797844
0.41945525291828795 0.30607609312890405
0.4191290824261275 0.30607609312890405
0.4188034188034188 0.30607609312890405
0.41847826086956524 0.30607609312890405
0.4181536074476338 0.30607609312890405
0.4178294573643411 0.30607609312890405
0.41750580945003873 0.30607609312890405
0.4171826625386997 0.30607609312890405
0.4176334106728538 0.30664395229982966
0.41731066460587324 0.30664395229982966
0.416988416988417 0.30664395229982966
0.4174382716049383 0.30721181147075527
0.41788743253662297 0.3077796706416809
0.41756548536209553 0.3077796706416809
0.418013856812933 0.3083475298126065
0.4176923076923077 0.3083475298126065
0.4173712528823982 0.3083475298126065
0.41781874039938555 0.3089153889835321
0.4182655410590944 0.3094832481544577
0.4179447852760736 0.3094832481544577
0.41839080459770117 0.3100511073253833
0.41807044410413474 0.3100511073253833
0.4177505738332058 0.3100511073253833
0.41743119266055045 0.3100511073253833
0.41787624140565316 0.31061896649630893
0.4183206106870229 0.31118682566723455
0.41800152555301295 0.31118682566723455
0.4176829268292683 0.31118682566723455
0.4173648134044174 0.31118682566723455
0.4178082191780822 0.31175468483816016
0.417490494296578 0.31175468483816016
0.41717325227963525 0.31175468483816016
0.4168564920273349 0.31175468483816016
0.417298937784522 0.31232254400908577
0.41698256254738436 0.31232254400908577
0.4166666666666667 0.31232254400908577
0.41635124905374715 0.31232254400908577
0.4167927382753404 0.3128904031800114
0.41723356009070295 0.313458262350937
0.4169184290030212 0.313458262350937
0.41735849056603774 0.3140261215218626
0.41704374057315236 0.3140261215218626
0.41748304446119067 0.3145939806927882
0.4171686746987952 0.3145939806927882
0.41685477802859294 0.3145939806927882
0.41729323308270677 0.3151618398637138
0.41697971450037563 0.3151618398637138
0.4166666666666667 0.3151618398637138
0.4163540885221305 0.3151618398637138
0.4160419790104948 0.3151618398637138
0.4157303370786517 0.3151618398637138
0.4161676646706587 0.31572969903463943
0.4158563949139865 0.31572969903463943
0.4155455904334828 0.31572969903463943
0.4152352501867065 0.31572969903463943
0.41492537313432837 0.31572969903463943
0.4146159582401193 0.31572969903463943
0.4143070044709389 0.31572969903463943
0.41399851079672373 0.31572969903463943
0.41369047619047616 0.31572969903463943
0.4141263940520446 0.31629755820556504
0.4138187221396731 0.31629755820556504
0.4135115070527097 0.31629755820556504
0.4132047477744807 0.31629755820556504
0.41363973313565605 0.31686541737649065
0.4140740740740741 0.31743327654741627
0.4137675795706884 0.31743327654741627
0.41346153846153844 0.31743327654741627
0.4131559497413156 0.31743327654741627
0.41285081240768096 0.31743327654741627
0.4132841328413284 0.3180011357183419
0.41297935103244837 0.3180011357183419
0.41267501842299187 0.3180011357183419
0.41310751104565535 0.3185689948892675
0.41280353200883 0.3185689948892675
0.4125 0.3185689948892675
0.4129316678912564 0.3191368540601931
0.41262848751835535 0.3191368540601931
0.41232575201760824 0.3191368540601931
0.41275659824046923 0.3197047132311187
0.41245421245421243 0.3197047132311187
0.41215226939970717 0.3197047132311187
0.4125822970007315 0.3202725724020443
0.41228070175438597 0.3202725724020443
0.41197954711468227 0.3202725724020443
0.4124087591240876 0.32084043157296993
0.41210795040116704 0.32084043157296993
0.41180758017492713 0.32084043157296993
0.41223597960670066 0.32140829074389554
0.4119359534206696 0.32140829074389554
0.41163636363636363 0.32140829074389554
0.4120639534883721 0.3219761499148211
0.4117647058823529 0.3219761499148211
0.41146589259796806 0.3219761499148211
0.41116751269035534 0.3219761499148211
0.4115942028985507 0.3225440090857467
0.41202027516292544 0.3231118682566723
0.4117221418234443 0.3231118682566723
0.41142443962400577 0.3231118682566723
0.4111271676300578 0.3231118682566723
0.4108303249097473 0.3231118682566723
0.41053391053391053 0.3231118682566723
0.4102379235760634 0.3231118682566723
0.4099423631123919 0.3231118682566723
0.4103671706263499 0.32367972742759793
0.41007194244604317 0.32367972742759793
0.4104960460100647 0.32424758659852354
0.41020114942528735 0.32424758659852354
0.40990667623833454 0.32424758659852354
0.4096126255380201 0.32424758659852354
0.40931899641577063 0.32424758659852354
0.40902578796561606 0.32424758659852354
0.4094488188976378 0.32481544576944915
0.40915593705293274 0.32481544576944915
0.40886347390993566 0.32481544576944915
0.4085714285714286 0.32481544576944915
0.40827980014275517 0.32481544576944915
0.4079885877318117 0.32481544576944915
0.40841054882394867 0.32538330494037476
0.4081196581196581 0.32538330494037476
0.4085409252669039 0.3259511641113004
0.40825035561877665 0.3259511641113004
0.40867093105899077 0.326519023282226
0.4083806818181818 0.326519023282226
0.4088005677785664 0.3270868824531516
0.4085106382978723 0.3270868824531516
0.40822111977321046 0.3270868824531516
0.4086402266288952 0.3276547416240772
0.4083510261854211 0.3276547416240772
0.40806223479490805 0.3276547416240772
0.40848056537102473 0.3282226007950028
0.4081920903954802 0.3282226007950028
0.4079040225829217 0.3282226007950028
0.4076163610719323 0.3282226007950028
0.4073291050035236 0.3282226007950028
0.4070422535211268 0.3282226007950028
0.4067558057705841 0.3282226007950028
0.40646976090014064 0.3282226007950028
0.4061841180604357 0.3282226007950028
0.4058988764044944 0.3282226007950028
0.4056140350877193 0.3282226007950028
0.4060308555399719 0.3287904599659284
0.4064470918009811 0.32935831913685404
0.4061624649859944 0.32935831913685404
0.4058782365290413 0.32935831913685404
0.40559440559440557 0.32935831913685404
0.4060097833682739 0.32992617830777965
0.4064245810055866 0.33049403747870526
0.4061409630146546 0.33049403747870526
0.40655509065550904 0.33106189664963087
0.4062717770034843 0.33106189664963087
0.40598885793871864 0.33106189664963087
0.4057063326374391 0.33106189664963087
0.40611961057023643 0.3316297558205565
0.4058373870743572 0.3316297558205565
0.40555555555555556 0.3316297558205565
0.40527411519777934 0.3316297558205565
0.40499306518723993 0.3316297558205565
0.4047124047124047 0.3316297558205565
0.4051246537396122 0.3321976149914821
0.40484429065743943 0.3321976149914821
0.40525587828492393 0.3327654741624077
0.40497581202487903 0.3327654741624077
0.4053867403314917 0.3333333333333333
0.4057971014492754 0.3339011925042589
0.40551724137931033 0.3339011925042589
0.40523776705720194 0.3339011925042589
0.4056473829201102 0.33446905167518454
0.4053682037164487 0.33446905167518454
0.4050894085281981 0.33446905167518454
0.4048109965635739 0.33446905167518454
0.4052197802197802 0.33503691084611015
0.40494166094715167 0.33503691084611015
0.4046639231824417 0.33503691084611015
0.4043865661411926 0.33503691084611015
0.4047945205479452 0.33560477001703576
0.40451745379876797 0.33560477001703576
0.4042407660738714 0.33560477001703576
0.4039644565960355 0.33560477001703576
0.4036885245901639 0.33560477001703576
0.4040955631399317 0.33617262918796137
0.4038199181446112 0.33617262918796137
0.40354464894342196 0.33617262918796137
0.4032697547683924 0.33617262918796137
0.4036759700476515 0.336740488358887
0.4034013605442177 0.336740488358887
0.40312712440516657 0.336740488358887
0.40285326086956524 0.336740488358887
0.4025797691785472 0.336740488358887
0.4023066485753053 0.336740488358887
0.40203389830508474 0.336740488358887
0.40176151761517614 0.336740488358887
0.4014895057549086 0.336740488358887
0.40121786197564274 0.336740488358887
0.40162271805273836 0.3373083475298126
0.40135135135135136 0.3373083475298126
0.4010803511141121 0.3373083475298126
0.4008097165991903 0.3373083475298126
0.4005394470667566 0.3373083475298126
0.4002695417789757 0.3373083475298126
0.4 0.3373083475298126
0.3997308209959623 0.3373083475298126
0.39946200403496973 0.3373083475298126
0.39919354838709675 0.3373083475298126
0.3989254533243788 0.3373083475298126
0.39865771812080536 0.3373083475298126
0.3983903420523139 0.3373083475298126
0.39812332439678283 0.3373083475298126
0.39785666443402545 0.3373083475298126
0.39759036144578314 0.3373083475298126
0.39732441471571905 0.3373083475298126
0.3977272727272727 0.3378762067007382
0.3974615898463594 0.3378762067007382
0.397196261682243 0.3378762067007382
0.39693128752501666 0.3378762067007382
0.39666666666666667 0.3378762067007382
0.39706862091938705 0.3384440658716638
0.3968042609853529 0.3384440658716638
0.39654025282767796 0.3384440658716638
0.39694148936170215 0.3390119250425894
0.3973421926910299 0.33957978421351503
0.39707835325365204 0.33957978421351503
0.39747843397478433 0.34014764338444065
0.39721485411140584 0.34014764338444065
0.39695162359178265 0.34014764338444065
0.3966887417218543 0.34014764338444065
0.39642620780939775 0.34014764338444065
0.3968253968253968 0.34071550255536626
0.3965631196298744 0.34071550255536626
0.39696169088507266 0.34128336172629187
0.3966996699669967 0.34128336172629187
0.39643799472295516 0.34128336172629187
0.3961766644693474 0.34128336172629187
0.3959156785243742 0.34128336172629187
0.3956550362080316 0.34128336172629187
0.39539473684210524 0.34128336172629187
0.39513477975016437 0.34128336172629187
0.39487516425755587 0.34128336172629187
0.39461588969139855 0.34128336172629187
0.3943569553805774 0.34128336172629187
0.3940983606557377 0.34128336172629187
0.3944954128440367 0.3418512208972175
0.3942370661427636 0.3418512208972175
0.3946335078534031 0.3424190800681431
0.394375408763898 0.3424190800681431
0.39477124183006534 0.3429869392390687
0.3945133899412149 0.3429869392390687
0.39425587467362927 0.3429869392390687
0.39399869536855836 0.3429869392390687
0.39374185136897 0.3429869392390687
0.393485342019544 0.3429869392390687
0.3932291666666667 0.3429869392390687
0.3936239427456083 0.3435547984099943
0.3940182054616385 0.3441226575809199
0.39441195581546457 0.34469051675184553
0.39415584415584415 0.34469051675184553
0.39390006489292667 0.34469051675184553
0.39364461738002593 0.34469051675184553
0.3933895009721322 0.34469051675184553
0.39378238341968913 0.34525837592277114
0.3935275080906149 0.34525837592277114
0.39327296248382926 0.34525837592277114
0.3930187459599224 0.34525837592277114
0.39276485788113696 0.34525837592277114
0.39251129761136216 0.34525837592277114
0.39225806451612905 0.34525837592277114
0.39264990328820115 0.34582623509369675
0.39239690721649484 0.34582623509369675
0.3921442369607212 0.34582623509369675
0.3918918918918919 0.34582623509369675
0.39228295819935693 0.34639409426462237
0.39203084832904883 0.34639409426462237
0.3917790622992935 0.34639409426462237
0.39152759948652116 0.34639409426462237
0.39127645926876203 0.34639409426462237
0.391025641025641 0.34639409426462237
0.39141575912876364 0.346961953435548
0.3911651728553137 0.346961953435548
0.3909149072296865 0.346961953435548
0.3906649616368286 0.346961953435548
0.3904153354632588 0.346961953435548
0.3901660280970626 0.346961953435548
0.3899170389278877 0.346961953435548
0.38966836734693877 0.346961953435548
0.3894200127469726 0.346961953435548
0.389171974522293 0.346961953435548
0.38892425206874603 0.346961953435548
0.388676844783715 0.346961953435548
0.3884297520661157 0.346961953435548
0.38818297331639134 0.346961953435548
0.38857142857142857 0.3475298126064736
0.3889593908629442 0.3480976717773992
0.388712745719721 0.3480976717773992
0.3884664131812421 0.3480976717773992
0.3888537048765041 0.3486655309483248
0.3886075949367089 0.3486655309483248
0.3889943074003795 0.3492333901192504
0.3887484197218711 0.3492333901192504
0.3885028427037271 0.3492333901192504
0.38825757575757575 0.3492333901192504
0.38801261829652994 0.3492333901192504
0.3883984867591425 0.34980124929017603
0.38815374921235035 0.34980124929017603
0.3879093198992443 0.34980124929017603
0.3876651982378855 0.34980124929017603
0.38742138364779877 0.34980124929017603
0.3871778755499686 0.34980124929017603
0.38756281407035176 0.35036910846110164
0.3879472693032015 0.35093696763202725
0.3877038895859473 0.35093696763202725
0.38746081504702196 0.35093696763202725
0.38721804511278196 0.35093696763202725
0.3876017532874139 0.35150482680295286
0.38735919899874843 0.35150482680295286
0.38711694809255787 0.35150482680295286
0.386875 0.35150482680295286
0.38663335415365396 0.35150482680295286
0.38701622971285893 0.3520726859738785
0.3867747972551466 0.3520726859738785
0.3865336658354115 0.3520726859738785
0.3862928348909657 0.3520726859738785
0.386052303860523 0.3520726859738785
0.38581207218419417 0.3520726859738785
0.3855721393034826 0.3520726859738785
0.38595400870105656 0.3526405451448041
0.38571428571428573 0.3526405451448041
0.3854748603351955 0.3526405451448041
0.38523573200992556 0.3526405451448041
0.38499690018598887 0.3526405451448041
0.3853779429987608 0.3532084043157297
0.38575851393188854 0.3537762634866553
0.38551980198019803 0.3537762634866553
0.3852813852813853 0.3537762634866553
0.38504326328800986 0.3537762634866553
0.38480543545398394 0.3537762634866553
0.3845679012345679 0.3537762634866553
0.38433066008636646 0.3537762634866553
0.3840937114673243 0.3537762634866553
0.3844731977818854 0.3543441226575809
0.3842364532019704 0.3543441226575809
0.384 0.3543441226575809
0.3837638376383764 0.3543441226575809
0.3835279655808236 0.3543441226575809
0.38390663390663393 0.35491198182850653
0.38367096378146104 0.35491198182850653
0.3834355828220859 0.35491198182850653
0.38381361128142244 0.35547984099943214
0.38357843137254904 0.35547984099943214
0.3833435394978567 0.35547984099943214
0.38310893512851896 0.35547984099943214
0.38287461773700304 0.35547984099943214
0.38264058679706603 0.35547984099943214
0.3824068417837508 0.35547984099943214
0.38217338217338215 0.35547984099943214
0.3825503355704698 0.35604770017035775
0.3823170731707317 0.35604770017035775
0.3826934795856185 0.35661555934128336
0.3830694275274056 0.35718341851220897
0.38283627510651247 0.35718341851220897
0.38260340632603407 0.35718341851220897
0.382370820668693 0.35718341851220897
0.382138517618469 0.35718341851220897
0.3825136612021858 0.3577512776831346
0.38228155339805825 0.3577512776831346
0.38265615524560337 0.3583191368540602
0.38242424242424244 0.3583191368540602
0.3821926105390672 0.3583191368540602
0.38256658595641646 0.3588869960249858
0.382335148215366 0.3588869960249858
0.3827085852478839 0.3594548551959114
0.3824773413897281 0.3594548551959114
0.3822463768115942 0.3594548551959114
0.3820156910078455 0.3594548551959114
0.38178528347406515 0.3594548551959114
0.38155515370705245 0.3594548551959114
0.3813253012048193 0.3594548551959114
0.3810957254665864 0.3594548551959114
0.38086642599277976 0.3594548551959114
0.38063740228502707 0.3594548551959114
0.38040865384615385 0.3594548551959114
0.38078078078078076 0.360022714366837
0.38055222088835533 0.360022714366837
0.38032393521295743 0.360022714366837
0.3800959232613909 0.360022714366837
0.37986818454164173 0.360022714366837
0.37964071856287424 0.360022714366837
0.3794135248354279 0.360022714366837
0.3791866028708134 0.360022714366837
0.3789599521817095 0.360022714366837
0.37873357228195936 0.360022714366837
0.37850746268656715 0.360022714366837
0.37828162291169454 0.360022714366837
0.3780560524746571 0.360022714366837
0.3778307508939213 0.360022714366837
0.3776057176891007 0.360022714366837
0.3773809523809524 0.360022714366837
0.3771564544913742 0.360022714366837
0.3769322235434007 0.360022714366837
0.37670825906120026 0.360022714366837
0.37648456057007124 0.360022714366837
0.37626112759643915 0.360022714366837
0.3760379596678529 0.360022714366837
0.3758150563129816 0.360022714366837
0.37618483412322273 0.36059057353776264
0.3765541740674956 0.36115843270868825
0.3763313609467456 0.36115843270868825
0.37610881135422825 0.36115843270868825
0.375886524822695 0.36115843270868825
0.3756645008860012 0.36115843270868825
0.3754427390791027 0.36115843270868825
0.3752212389380531 0.36115843270868825
0.3755896226415094 0.36172629187961386
0.37536829699469654 0.36172629187961386
0.375736160188457 0.36229415105053947
0.3761035903472631 0.3628620102214651
0.37588235294117645 0.3628620102214651
0.37566137566137564 0.3628620102214651
0.37602820211515864 0.3634298693923907
0.3763945977686436 0.3639977285633163
0.3761737089201878 0.3639977285633163
0.37653958944281524 0.3645655877342419
0.37631887456037516 0.3645655877342419
0.37609841827768015 0.3645655877342419
0.3758782201405152 0.3645655877342419
0.3762434172030427 0.3651334469051675
0.3760233918128655 0.3651334469051675
0.3758036236119229 0.3651334469051675
0.37616822429906543 0.36570130607609314
0.37594862813776997 0.36570130607609314
0.3757292882147025 0.36570130607609314
0.37551020408163266 0.36570130607609314
0.3752913752913753 0.36570130607609314
0.3750728013977868 0.36570130607609314
0.37485448195576254 0.36570130607609314
0.37463641652123325 0.36570130607609314
0.3744186046511628 0.36570130607609314
0.37420104590354447 0.36570130607609314
0.37398373983739835 0.36570130607609314
0.3737666860127684 0.36570130607609314
0.37354988399071926 0.36570130607609314
0.37333333333333335 0.36570130607609314
0.373117033603708 0.36570130607609314
0.3734800231615518 0.36626916524701875
0.3732638888888889 0.36626916524701875
0.373048004626952 0.36626916524701875
0.37283236994219654 0.36626916524701875
0.37261698440207974 0.36626916524701875
0.37240184757505773 0.36626916524701875
0.3721869590305828 0.36626916524701875
0.3719723183391003 0.36626916524701875
0.3723342939481268 0.36683702441794436
0.3726958525345622 0.36740488358886997
0.3724812895797352 0.36740488358886997
0.3722669735327963 0.36740488358886997
0.3726279470960322 0.3679727427597956
0.3724137931034483 0.3679727427597956
0.3721998851234922 0.3679727427597956
0.3719862227324914 0.3679727427597956
0.3717728055077453 0.3679727427597956
0.37155963302752293 0.3679727427597956
0.3713467048710602 0.3679727427597956
0.3711340206185567 0.3679727427597956
0.37092157985117347 0.3679727427597956
0.37128146453089245 0.3685406019307212
0.3710691823899371 0.3685406019307212
0.37142857142857144 0.3691084611016468
0.37178754997144486 0.3696763202725724
0.3715753424657534 0.3696763202725724
0.37136337706788364 0.3696763202725724
0.37115165336374 0.3696763202725724
0.37094017094017095 0.3696763202725724
0.3707289293849658 0.3696763202725724
0.3705179282868526 0.3696763202725724
0.3703071672354949 0.3696763202725724
0.3700966458214895 0.3696763202725724
0.3704545454545455 0.370244179443498
0.370244179443498 0.370244179443498
0.37003405221339386 0.370244179443498
0.370391378332388 0.37081203861442363
0.3701814058956916 0.37081203861442363
0.369971671388102 0.37081203861442363
0.369762174405436 0.37081203861442363
0.36955291454442557 0.37081203861442363
0.36934389140271495 0.37081203861442363
0.36970039570378743 0.37137989778534924
0.3700564971751412 0.37194775695627486
0.370412196499153 0.37251561612720047
0.37020316027088035 0.37251561612720047
0.36999435984207557 0.37251561612720047
0.3697857948139797 0.37251561612720047
0.3695774647887324 0.37251561612720047
0.36936936936936937 0.37251561612720047
0.3691615081598199 0.37251561612720047
0.3689538807649044 0.37251561612720047
0.3687464867903317 0.37251561612720047
0.3685393258426966 0.37251561612720047
0.36833239752947783 0.37251561612720047
0.3681257014590348 0.37251561612720047
0.36848008973639934 0.3730834752981261
0.36827354260089684 0.3730834752981261
0.3680672268907563 0.3730834752981261
0.36786114221724525 0.3730834752981261
0.36821488528259655 0.3736513344690517
0.3680089485458613 0.3736513344690517
0.36780324203465625 0.3736513344690517
0.36815642458100556 0.3742191936399773
0.3685092127303183 0.3747870528109029
0.36830357142857145 0.3747870528109029
0.3686558839933073 0.3753549119818285
0.3690078037904125 0.37592277115275413
0.3688022284122563 0.37592277115275413
0.3685968819599109 0.37592277115275413
0.36839176405119645 0.37592277115275413
0.36874304783092327 0.37649063032367974
0.36853807670928296 0.37649063032367974
0.36833333333333335 0.37649063032367974
0.36812881732370906 0.37649063032367974
0.36792452830188677 0.37649063032367974
0.36772046589018303 0.37649063032367974
0.36751662971175164 0.37649063032367974
0.3673130193905817 0.37649063032367974
0.36710963455149503 0.37649063032367974
0.36745987825124515 0.37705848949460535
0.3672566371681416 0.37705848949460535
0.36705362078496406 0.37705848949460535
0.36685082872928176 0.37705848949460535
0.3672004417448923 0.37762634866553096
0.3669977924944812 0.37762634866553096
0.3667953667953668 0.37762634866553096
0.36659316427783906 0.37762634866553096
0.3669421487603306 0.3781942078364566
0.3667400881057269 0.3781942078364566
0.36653824986241057 0.3781942078364566
0.36633663366336633 0.3781942078364566
0.36613523914238594 0.3781942078364566
0.3659340659340659 0.3781942078364566
0.3657331136738056 0.3781942078364566
0.36553238199780463 0.3781942078364566
0.36588041689522766 0.3787620670073822
0.3656798245614035 0.3787620670073822
0.36547945205479454 0.3787620670073822
0.3652792990142388 0.3787620670073822
0.36507936507936506 0.3787620670073822
0.3648796498905908 0.3787620670073822
0.3646801530891197 0.3787620670073822
0.3644808743169399 0.3787620670073822
0.3648279628618241 0.3793299261783078
0.365174672489083 0.3798977853492334
0.3649754500818331 0.3798977853492334
0.3647764449291167 0.3798977853492334
0.3645776566757493 0.3798977853492334
0.36437908496732024 0.3798977853492334
0.3647250952640174 0.380465644520159
0.3645266594124048 0.380465644520159
0.3643284393692224 0.380465644520159
0.3641304347826087 0.380465644520159
0.3644758283541554 0.38103350369108463
0.36482084690553745 0.38160136286201024
0.3646228974498101 0.38160136286201024
0.3644251626898048 0.38160136286201024
0.3642276422764228 0.38160136286201024
0.3640303358613218 0.38160136286201024
0.3638332430969139 0.38160136286201024
0.36363636363636365 0.38160136286201024
0.3634396971335857 0.38160136286201024
0.36324324324324325 0.38160136286201024
0.36304700162074555 0.38160136286201024
0.36285097192224625 0.38160136286201024
0.36265515380464114 0.38160136286201024
0.3629989212513484 0.38216922203293585
0.3628032345013477 0.38216922203293585
0.36314655172413796 0.38273708120386146
0.36348949919224555 0.3833049403747871
0.36329386437029065 0.3833049403747871
0.36363636363636365 0.3838727995457127
0.3634408602150538 0.3838727995457127
0.36378291241268135 0.3844406587166383
0.3635875402792696 0.3844406587166383
0.3633923778851315 0.3844406587166383
0.36319742489270385 0.3844406587166383
0.36300268096514743 0.3844406587166383
0.3628081457663451 0.3844406587166383
0.36261381896089984 0.3844406587166383
0.36295503211991437 0.3850085178875639
0.36329588014981273 0.3855763770584895
0.36310160427807486 0.3855763770584895
0.3629075360769642 0.3855763770584895
0.3627136752136752 0.3855763770584895
0.36252002135611316 0.3855763770584895
0.3623265741728922 0.3855763770584895
0.3621333333333333 0.3855763770584895
0.3619402985074627 0.3855763770584895
0.36228023441662227 0.3861442362294151
0.362087326943557 0.3861442362294151
0.3618946248004258 0.3861442362294151
0.3617021276595745 0.3861442362294151
0.3615098351940457 0.3861442362294151
0.3618490967056323 0.38671209540034074
0.3616569304301646 0.38671209540034074
0.3614649681528662 0.38671209540034074
0.36180371352785146 0.38727995457126635
0.3616118769883351 0.38727995457126635
0.36195018547959723 0.38784781374219196
0.3617584745762712 0.38784781374219196
0.36156696664902066 0.38784781374219196
0.3619047619047619 0.38841567291311757
0.3617133791644632 0.38841567291311757
0.36152219873150104 0.38841567291311757
0.3618594823032224 0.3889835320840432
0.3616684266103485 0.3889835320840432
0.36147757255936674 0.3889835320840432
0.36128691983122363 0.3889835320840432
0.3610964681075382 0.3889835320840432
0.3609062170706006 0.3889835320840432
0.36124275934702477 0.3895513912549688
0.36157894736842106 0.3901192504258944
0.36191478169384533 0.39068710959682
0.3617245005257624 0.39068710959682
0.36153441933788755 0.39068710959682
0.36134453781512604 0.39068710959682
0.3611548556430446 0.39068710959682
0.36096537250786986 0.39068710959682
0.36077608809648665 0.39068710959682
0.36058700209643607 0.39068710959682
0.3603981141959141 0.39068710959682
0.36020942408376966 0.39068710959682
0.36054421768707484 0.3912549687677456
0.36035564853556484 0.3912549687677456
0.36069001568217457 0.39182282793867124
0.3605015673981191 0.39182282793867124
0.360313315926893 0.39182282793867124
0.36012526096033404 0.39182282793867124
0.3604590505998957 0.39239068710959685
0.3607924921793535 0.3929585462805224
0.36060448150078167 0.3929585462805224
0.36041666666666666 0.3929585462805224
0.36022904737116085 0.3929585462805224
0.3600416233090531 0.3929585462805224
0.36037441497659906 0.393526405451448
0.3601871101871102 0.393526405451448
0.36 0.393526405451448
0.3603322949117342 0.3940942646223736
0.3601453035806954 0.3940942646223736
0.3599585062240664 0.3940942646223736
0.35977190254017627 0.3940942646223736
0.35958549222797925 0.3940942646223736
0.3593992749870533 0.3940942646223736
0.35921325051759834 0.3940942646223736
0.35902741852043457 0.3940942646223736
0.359358841778697 0.39466212379329924
0.35917312661498707 0.39466212379329924
0.3589876033057851 0.39466212379329924
0.3593185338151781 0.39522998296422485
0.3591331269349845 0.39522998296422485
0.3594636410520887 0.39579784213515046
0.3592783505154639 0.39579784213515046
0.3590932509015971 0.39579784213515046
0.35942327497425336 0.39636570130607607
0.3597529593412249 0.3969335604770017
0.3595679012345679 0.3969335604770017
0.35989717223650386 0.3975014196479273
0.3602261048304214 0.3980692788188529
0.3600410888546482 0.3980692788188529
0.35985626283367556 0.3980692788188529
0.35967162647511547 0.3980692788188529
0.36 0.3986371379897785
0.3603280369041517 0.3992049971607041
0.36014344262295084 0.3992049971607041
0.35995903737839224 0.3992049971607041
0.3602865916069601 0.39977285633162973
0.36010230179028135 0.39977285633162973
0.35991820040899797 0.39977285633162973
0.35973428717424627 0.39977285633162973
0.3595505617977528 0.39977285633162973
0.35936702399183257 0.39977285633162973
0.35918367346938773 0.39977285633162973
0.35900050994390614 0.39977285633162973
0.35881753312945974 0.39977285633162973
0.358634742740703 0.39977285633162973
0.3589613034623218 0.40034071550255534
0.35877862595419846 0.40034071550255534
0.35910478128179046 0.40090857467348096
0.3589222165734621 0.40090857467348096
0.358739837398374 0.40090857467348096
0.3590655154900965 0.40147643384440657
0.35939086294416245 0.4020442930153322
0.35971588026382545 0.4026121521862578
0.35953346855983775 0.4026121521862578
0.35935124176381145 0.4026121521862578
0.35916919959473154 0.4026121521862578
0.3589873417721519 0.4026121521862578
0.35880566801619435 0.4026121521862578
0.3586241780475468 0.4026121521862578
0.3584428715874621 0.4026121521862578
0.3582617483577564 0.4026121521862578
0.35858585858585856 0.4031800113571834
0.358909641595154 0.403747870528109
0.35872855701311807 0.403747870528109
0.3585476550680787 0.403747870528109
0.35836693548387094 0.403747870528109
0.35818639798488666 0.403747870528109
0.3580060422960725 0.403747870528109
0.35782586814292905 0.403747870528109
0.35764587525150904 0.403747870528109
0.35796882855706386 0.4043157296990346
0.3577889447236181 0.4043157296990346
0.35760924158714213 0.4043157296990346
0.35793172690763053 0.40488358886996023
0.3577521324636227 0.40488358886996023
0.3575727181544634 0.40488358886996023
0.3573934837092732 0.40488358886996023
0.3572144288577154 0.40488358886996023
0.357035553329995 0.40488358886996023
0.35685685685685686 0.40488358886996023
0.3566783391695848 0.40488358886996023
0.357 0.40545144804088584
0.3568215892053973 0.40545144804088584
0.35664335664335667 0.40545144804088584
0.3569645531702446 0.40601930721181145
0.35728542914171657 0.40658716638273706
0.3571072319201995 0.40658716638273706
0.35692921236291125 0.40658716638273706
0.356751370204285 0.40658716638273706
0.3565737051792829 0.40658716638273706
0.35639621702339475 0.40658716638273706
0.3562189054726368 0.40658716638273706
0.3560417702635505 0.40658716638273706
0.3558648111332008 0.40658716638273706
0.3561847988077496 0.4071550255536627
0.3560079443892751 0.4071550255536627
0.3558312655086849 0.4071550255536627
0.3556547619047619 0.4071550255536627
0.3554784333168071 0.4071550255536627
0.3553022794846383 0.4071550255536627
0.3551263001485884 0.4071550255536627
0.35495049504950493 0.4071550255536627
0.35477486392874813 0.4071550255536627
0.3545994065281899 0.4071550255536627
0.35442412259021255 0.4071550255536627
0.3542490118577075 0.4071550255536627
0.3540740740740741 0.4071550255536627
0.3543928923988154 0.4077228847245883
0.3547113961519487 0.4082907438955139
0.35453648915187375 0.4082907438955139
0.354361754558896 0.4082907438955139
0.3541871921182266 0.4082907438955139
0.3540128015755785 0.4082907438955139
0.35383858267716534 0.4082907438955139
0.3536645351697 0.4082907438955139
0.3534906588003933 0.4082907438955139
0.35331695331695334 0.4082907438955139
0.3531434184675835 0.4082907438955139
0.35297005400098186 0.4082907438955139
0.35279685966633956 0.4082907438955139
0.3526238352133399 0.4082907438955139
0.3524509803921569 0.4082907438955139
0.3522782949534542 0.4082907438955139
0.35210577864838394 0.4082907438955139
0.3524229074889868 0.4088586030664395
0.3522504892367906 0.4088586030664395
0.35207823960880197 0.4088586030664395
0.3519061583577713 0.4088586030664395
0.3517342452369321 0.4088586030664395
0.35205078125 0.4094264622373651
0.3518789653489507 0.4094264622373651
0.3517073170731707 0.4094264622373651
0.3515358361774744 0.4094264622373651
0.351364522417154 0.4094264622373651
0.3511933755479786 0.4094264622373651
0.3510223953261928 0.4094264622373651
0.3508515815085158 0.4094264622373651
0.35068093385214005 0.4094264622373651
0.3505104521147302 0.4094264622373651
0.35082604470359574 0.40999432140829073
0.3506556580864497 0.40999432140829073
0.3504854368932039 0.40999432140829073
0.3508005822416303 0.41056218057921634
0.3506304558680892 0.41056218057921634
0.350945225399903 0.41113003975014195
0.3507751937984496 0.41113003975014195
0.35108958837772397 0.41169789892106756
0.35091965150048404 0.41169789892106756
0.35123367198838895 0.4122657580919932
0.35106382978723405 0.4122657580919932
0.3513774770420493 0.4128336172629188
0.351207729468599 0.4128336172629188
0.3510381458232738 0.4128336172629188
0.35086872586872586 0.4128336172629188
0.3506994693680656 0.4128336172629188
0.3510125361620058 0.4134014764338444
0.35084337349397593 0.4134014764338444
0.3511560693641618 0.41396933560477
0.35098700048146364 0.41396933560477
0.35081809432146294 0.41396933560477
0.35064935064935066 0.41396933560477
0.35096153846153844 0.4145371947756956
0.35079288803459874 0.4145371947756956
0.3506243996157541 0.4145371947756956
0.35045607297167547 0.4145371947756956
0.35076775431861806 0.4151050539466212
0.350599520383693 0.4151050539466212
0.350431447746884 0.4151050539466212
0.35026353617632966 0.4151050539466212
0.35009578544061304 0.4151050539466212
0.3499281953087602 0.4151050539466212
0.3497607655502392 0.4151050539466212
0.34959349593495936 0.4151050539466212
0.34990439770554493 0.41567291311754684
0.35021500238891545 0.41624077228847245
0.35004775549188155 0.41624077228847245
0.34988066825775654 0.41624077228847245
0.3497137404580153 0.41624077228847245
0.35002384358607536 0.41680863145939806
0.34985700667302194 0.41680863145939806
0.3496903287279657 0.41680863145939806
0.35 0.41737649063032367
0.35030937648738697 0.4179443498012493
0.35061845861084684 0.4185122089721749
0.35045173561578696 0.4185122089721749
0.35076045627376423 0.4190800681431005
0.3505938242280285 0.4190800681431005
0.35090218423551756 0.4196479273140261
0.3507356430944471 0.4196479273140261
0.35056925996204935 0.4196479273140261
0.3504030346135609 0.4196479273140261
0.35023696682464456 0.4196479273140261
0.35007105637138797 0.4196479273140261
0.34990530303030304 0.4196479273140261
0.34973970657832465 0.4196479273140261
0.34957426679280984 0.4196479273140261
0.34940898345153665 0.4196479273140261
0.3492438563327032 0.4196479273140261
0.3490788852149268 0.4196479273140261
0.34891406987724266 0.4196479273140261
0.3492213308164228 0.4202157864849517
0.3490566037735849 0.4202157864849517
0.3488920320603489 0.4202157864849517
0.34872761545711595 0.4202157864849517
0.3485633537447009 0.4202157864849517
0.3483992467043315 0.4202157864849517
0.34823529411764703 0.4202157864849517
0.34807149576669805 0.4202157864849517
0.34790785143394454 0.4202157864849517
0.34774436090225563 0.4202157864849517
0.3475810239549084 0.4202157864849517
0.34788732394366195 0.42078364565587734
0.34772407320506804 0.42078364565587734
0.34803001876172607 0.42135150482680295
0.34786685419596813 0.42135150482680295
0.3477038425492034 0.42135150482680295
0.3475409836065574 0.42135150482680295
0.34784644194756553 0.42191936399772856
0.3481516144127281 0.42248722316865417
0.3479887745556595 0.42248722316865417
0.3482935951379149 0.4230550823395798
0.34813084112149534 0.4230550823395798
0.3479682391405885 0.4230550823395798
0.34780578898225956 0.4230550823395798
0.3476434904339711 0.4230550823395798
0.34794776119402987 0.4236229415105054
0.34778554778554777 0.4236229415105054
0.34762348555452005 0.4236229415105054
0.3474615742897066 0.4236229415105054
0.3472998137802607 0.4236229415105054
0.34713820381572824 0.4236229415105054
0.3469767441860465 0.4236229415105054
0.3472803347280335 0.424190800681431
0.3471189591078067 0.424190800681431
0.3469577333952624 0.424190800681431
0.3467966573816156 0.424190800681431
0.34663573085846866 0.424190800681431
0.3469387755102041 0.4247586598523566
0.34677793231339826 0.4247586598523566
0.34661723818350326 0.4247586598523566
0.3464566929133858 0.4247586598523566
0.34629629629629627 0.4247586598523566
0.3461360481258677 0.4247586598523566
0.3459759481961147 0.4247586598523566
0.34581599630143317 0.4247586598523566
0.3456561922365989 0.4247586598523566
0.34549653579676676 0.4247586598523566
0.34533702677746997 0.4247586598523566
0.34517766497461927 0.4247586598523566
0.345479704797048 0.4253265190232822
0.3453204241585984 0.4253265190232822
0.34516129032258064 0.4253265190232822
0.34500230308613544 0.4253265190232822
0.3453038674033149 0.42589437819420783
0.3451449608835711 0.42589437819420783
0.34498620055197793 0.42589437819420783
0.3448275862068966 0.42589437819420783
0.34512867647058826 0.42646223736513345
0.3454294901240239 0.42703009653605906
0.34527089072543615 0.42703009653605906
0.34511243689765947 0.42703009653605906
0.344954128440367 0.42703009653605906
0.3452544704264099 0.42759795570698467
0.345096241979835 0.42759795570698467
0.34493815849748055 0.42759795570698467
0.3447802197802198 0.42759795570698467
0.34462242562929063 0.42759795570698467
0.34492223238792313 0.4281658148779103
0.34476451760402377 0.4281658148779103
0.34506398537477145 0.4287336740488359
0.3453631795340338 0.4293015332197615
0.3452054794520548 0.4293015332197615
0.3450479233226837 0.4293015332197615
0.3448905109489051 0.4293015332197615
0.3447332421340629 0.4293015332197615
0.3450319051959891 0.4298693923906871
0.344874715261959 0.4298693923906871
0.34471766848816027 0.4298693923906871
0.3445607646791079 0.4298693923906871
0.34440400363967244 0.4298693923906871
0.3442473851750796 0.4298693923906871
0.3440909090909091 0.4298693923906871
0.34438891412994094 0.4304372515616127
0.3442325158946412 0.4304372515616127
0.34407625964593735 0.4304372515616127
0.34392014519056263 0.4304372515616127
0.3437641723356009 0.4304372515616127
0.34360834088848596 0.4304372515616127
0.3434526506570005 0.4304372515616127
0.3432971014492754 0.4304372515616127
0.34359438660027164 0.43100511073253833
0.3434389140271493 0.43100511073253833
0.34328358208955223 0.43100511073253833
0.34312839059674505 0.43100511073253833
0.3429733393583371 0.43100511073253833
0.34327009936766034 0.43157296990346394
0.3431151241534989 0.43157296990346394
0.34296028880866425 0.43157296990346394
0.34280559314388814 0.43157296990346394
0.34265103697024346 0.43157296990346394
0.3424966200991438 0.43157296990346394
0.34234234234234234 0.43157296990346394
0.3421882035119316 0.43157296990346394
0.342034203420342 0.43157296990346394
