1.0 0.0
1.0 0.0005678591709256105
0.5 0.0005678591709256105
0.6666666666666666 0.001135718341851221
0.5 0.001135718341851221
0.4 0.001135718341851221
0.3333333333333333 0.001135718341851221
0.2857142857142857 0.001135718341851221
0.375 0.0017035775127768314
0.4444444444444444 0.002271436683702442
0.4 0.002271436683702442
0.36363636363636365 0.002271436683702442
0.3333333333333333 0.002271436683702442
0.3076923076923077 0.002271436683702442
0.35714285714285715 0.0028392958546280523
0.3333333333333333 0.0028392958546280523
0.375 0.0034071550255536627
0.35294117647058826 0.0034071550255536627
0.3333333333333333 0.0034071550255536627
0.3157894736842105 0.0034071550255536627
0.35 0.003975014196479273
0.3333333333333333 0.003975014196479273
0.36363636363636365 0.004542873367404884
0.34782608695652173 0.004542873367404884
0.375 0.005110732538330494
0.36 0.005110732538330494
0.38461538461538464 0.0056785917092561046
0.37037037037037035 0.0056785917092561046
0.35714285714285715 0.0056785917092561046
0.3793103448275862 0.006246450880181715
0.4 0.0068143100511073255
0.41935483870967744 0.0073821692220329355
0.4375 0.007950028392958546
0.45454545454545453 0.008517887563884156
0.47058823529411764 0.009085746734809767
0.4857142857142857 0.009653605905735378
0.4722222222222222 0.009653605905735378
0.4594594594594595 0.009653605905735378
0.47368421052631576 0.010221465076660987
0.48717948717948717 0.010789324247586598
0.5 0.011357183418512209
0.5121951219512195 0.01192504258943782
0.5238095238095238 0.01249290176036343
0.5348837209302325 0.01306076093128904
0.5454545454545454 0.013628620102214651
0.5333333333333333 0.013628620102214651
0.5217391304347826 0.013628620102214651
0.5106382978723404 0.013628620102214651
0.5208333333333334 0.014196479273140262
0.5306122448979592 0.014764338444065871
0.54 0.015332197614991482
0.5490196078431373 0.01590005678591709
0.5576923076923077 0.016467915956842702
0.5660377358490566 0.017035775127768313
0.5555555555555556 0.017035775127768313
0.5454545454545454 0.017035775127768313
0.5357142857142857 0.017035775127768313
0.543859649122807 0.017603634298693924
0.5517241379310345 0.018171493469619535
0.5423728813559322 0.018171493469619535
0.5333333333333333 0.018171493469619535
0.5409836065573771 0.018739352640545145
0.5483870967741935 0.019307211811470756
0.5555555555555556 0.019875070982396367
0.5625 0.020442930153321975
0.5538461538461539 0.020442930153321975
0.5454545454545454 0.020442930153321975
0.5522388059701493 0.021010789324247586
0.5441176470588235 0.021010789324247586
0.5362318840579711 0.021010789324247586
0.5285714285714286 0.021010789324247586
0.5352112676056338 0.021578648495173196
0.5277777777777778 0.021578648495173196
0.5205479452054794 0.021578648495173196
0.527027027027027 0.022146507666098807
0.5333333333333333 0.022714366837024418
0.5394736842105263 0.02328222600795003
0.5324675324675324 0.02328222600795003
0.5256410256410257 0.02328222600795003
0.5316455696202531 0.02385008517887564
0.525 0.02385008517887564
0.5185185185185185 0.02385008517887564
0.524390243902439 0.02441794434980125
0.5180722891566265 0.02441794434980125
0.5238095238095238 0.02498580352072686
0.5294117647058824 0.02555366269165247
0.5348837209302325 0.02612152186257808
0.5287356321839081 0.02612152186257808
0.5340909090909091 0.02668938103350369
0.5280898876404494 0.02668938103350369
0.5333333333333333 0.027257240204429302
0.5384615384615384 0.027825099375354913
0.532608695652174 0.027825099375354913
0.5268817204301075 0.027825099375354913
0.5212765957446809 0.027825099375354913
0.5263157894736842 0.028392958546280524
0.53125 0.028960817717206135
0.5257731958762887 0.028960817717206135
0.5306122448979592 0.029528676888131742
0.5353535353535354 0.030096536059057353
0.54 0.030664395229982964
0.5445544554455446 0.031232254400908575
0.5490196078431373 0.03180011357183418
0.5436893203883495 0.03180011357183418
0.5480769230769231 0.03236797274275979
0.5523809523809524 0.032935831913685404
0.5566037735849056 0.033503691084611015
0.5607476635514018 0.034071550255536626
0.5555555555555556 0.034071550255536626
0.5596330275229358 0.034639409426462237
0.5636363636363636 0.03520726859738785
0.5675675675675675 0.03577512776831346
0.5714285714285714 0.03634298693923907
0.5752212389380531 0.03691084611016468
0.5789473684210527 0.03747870528109029
0.5826086956521739 0.0380465644520159
0.5775862068965517 0.0380465644520159
0.5811965811965812 0.03861442362294151
0.576271186440678 0.03861442362294151
0.5798319327731093 0.039182282793867124
0.575 0.039182282793867124
0.5785123966942148 0.039750141964792735
0.5819672131147541 0.04031800113571834
0.5853658536585366 0.04088586030664395
0.5806451612903226 0.04088586030664395
0.584 0.04145371947756956
0.5873015873015873 0.04202157864849517
0.5826771653543307 0.04202157864849517
0.5859375 0.04258943781942078
0.5813953488372093 0.04258943781942078
0.5846153846153846 0.04315729699034639
0.5877862595419847 0.043725156161272004
0.5833333333333334 0.043725156161272004
0.5789473684210527 0.043725156161272004
0.5746268656716418 0.043725156161272004
0.5777777777777777 0.044293015332197615
0.5808823529411765 0.044860874503123226
0.583941605839416 0.045428733674048836
0.5869565217391305 0.04599659284497445
0.5827338129496403 0.04599659284497445
0.5857142857142857 0.04656445201590006
0.5886524822695035 0.04713231118682567
0.5915492957746479 0.04770017035775128
0.5944055944055944 0.04826802952867689
0.5972222222222222 0.0488358886996025
0.6 0.049403747870528106
0.6027397260273972 0.04997160704145372
0.6054421768707483 0.05053946621237933
0.6081081081081081 0.05110732538330494
0.610738255033557 0.05167518455423055
0.6133333333333333 0.05224304372515616
0.609271523178808 0.05224304372515616
0.6052631578947368 0.05224304372515616
0.6078431372549019 0.05281090289608177
0.6038961038961039 0.05281090289608177
0.6064516129032258 0.05337876206700738
0.6025641025641025 0.05337876206700738
0.5987261146496815 0.05337876206700738
0.6012658227848101 0.05394662123793299
0.6037735849056604 0.054514480408858604
0.60625 0.055082339579784215
0.6024844720496895 0.055082339579784215
0.6049382716049383 0.055650198750709826
0.6012269938650306 0.055650198750709826
0.5975609756097561 0.055650198750709826
0.6 0.056218057921635436
0.5963855421686747 0.056218057921635436
0.592814371257485 0.056218057921635436
0.5952380952380952 0.05678591709256105
0.5976331360946746 0.05735377626348666
0.6 0.05792163543441227
0.6023391812865497 0.05848949460533787
0.5988372093023255 0.05848949460533787
0.5953757225433526 0.05848949460533787
0.5977011494252874 0.059057353776263484
0.6 0.059625212947189095
0.6022727272727273 0.060193072118114706
0.6045197740112994 0.06076093128904032
0.6067415730337079 0.06132879045996593
0.6089385474860335 0.06189664963089154
0.6055555555555555 0.06189664963089154
0.6022099447513812 0.06189664963089154
0.6043956043956044 0.06246450880181715
0.6010928961748634 0.06246450880181715
0.6032608695652174 0.06303236797274275
0.6054054054054054 0.06360022714366836
0.6075268817204301 0.06416808631459398
0.6042780748663101 0.06416808631459398
0.6063829787234043 0.06473594548551959
0.6084656084656085 0.0653038046564452
0.6105263157894737 0.06587166382737081
0.612565445026178 0.06643952299829642
0.6145833333333334 0.06700738216922203
0.6113989637305699 0.06700738216922203
0.6082474226804123 0.06700738216922203
0.6102564102564103 0.06757524134014764
0.6122448979591837 0.06814310051107325
0.6142131979695431 0.06871095968199886
0.6161616161616161 0.06927881885292447
0.6180904522613065 0.06984667802385008
0.62 0.0704145371947757
0.6169154228855721 0.0704145371947757
0.6188118811881188 0.0709823963657013
0.6206896551724138 0.07155025553662692
0.6176470588235294 0.07155025553662692
0.6195121951219512 0.07211811470755253
0.6213592233009708 0.07268597387847814
0.6231884057971014 0.07325383304940375
0.625 0.07382169222032936
0.6267942583732058 0.07438955139125497
0.6285714285714286 0.07495741056218058
0.6255924170616114 0.07495741056218058
0.6226415094339622 0.07495741056218058
0.6197183098591549 0.07495741056218058
0.6214953271028038 0.07552526973310619
0.6232558139534884 0.0760931289040318
0.625 0.07666098807495741
0.6221198156682027 0.07666098807495741
0.6238532110091743 0.07722884724588303
0.6255707762557078 0.07779670641680864
0.6272727272727273 0.07836456558773425
0.6244343891402715 0.07836456558773425
0.6261261261261262 0.07893242475865986
0.6278026905829597 0.07950028392958547
0.6294642857142857 0.08006814310051108
0.6311111111111111 0.08063600227143668
0.6283185840707964 0.08063600227143668
0.6255506607929515 0.08063600227143668
0.6271929824561403 0.08120386144236229
0.62882096069869 0.0817717206132879
0.6260869565217392 0.0817717206132879
0.6233766233766234 0.0817717206132879
0.625 0.08233957978421351
0.6223175965665236 0.08233957978421351
0.6239316239316239 0.08290743895513912
0.6212765957446809 0.08290743895513912
0.6228813559322034 0.08347529812606473
0.620253164556962 0.08347529812606473
0.6218487394957983 0.08404315729699034
0.6192468619246861 0.08404315729699034
0.6166666666666667 0.08404315729699034
0.6182572614107884 0.08461101646791595
0.6198347107438017 0.08517887563884156
0.6213991769547325 0.08574673480976717
0.6188524590163934 0.08574673480976717
0.6163265306122448 0.08574673480976717
0.6138211382113821 0.08574673480976717
0.611336032388664 0.08574673480976717
0.6129032258064516 0.08631459398069279
0.6104417670682731 0.08631459398069279
0.612 0.0868824531516184
0.6135458167330677 0.08745031232254401
0.6150793650793651 0.08801817149346962
0.6126482213438735 0.08801817149346962
0.610236220472441 0.08801817149346962
0.6078431372549019 0.08801817149346962
0.609375 0.08858603066439523
0.6108949416342413 0.08915388983532084
0.6124031007751938 0.08972174900624645
0.6138996138996139 0.09028960817717206
0.6153846153846154 0.09085746734809767
0.6168582375478927 0.09142532651902328
0.6183206106870229 0.0919931856899489
0.6159695817490495 0.0919931856899489
0.6136363636363636 0.0919931856899489
0.6150943396226415 0.0925610448608745
0.6165413533834586 0.09312890403180012
0.6179775280898876 0.09369676320272573
0.6156716417910447 0.09369676320272573
0.6171003717472119 0.09426462237365134
0.6185185185185185 0.09483248154457695
0.6199261992619927 0.09540034071550256
0.6213235294117647 0.09596819988642817
0.6227106227106227 0.09653605905735378
0.6204379562043796 0.09653605905735378
0.6181818181818182 0.09653605905735378
0.6195652173913043 0.09710391822827939
0.6209386281588448 0.097671777399205
0.6187050359712231 0.097671777399205
0.6200716845878136 0.0982396365701306
0.6214285714285714 0.09880749574105621
0.6192170818505338 0.09880749574105621
0.6170212765957447 0.09880749574105621
0.6148409893992933 0.09880749574105621
0.6161971830985915 0.09937535491198182
0.6140350877192983 0.09937535491198182
0.6153846153846154 0.09994321408290743
0.6167247386759582 0.10051107325383304
0.6145833333333334 0.10051107325383304
0.615916955017301 0.10107893242475866
0.6172413793103448 0.10164679159568427
0.6185567010309279 0.10221465076660988
0.6164383561643836 0.10221465076660988
0.6143344709897611 0.10221465076660988
0.6156462585034014 0.10278250993753549
0.6135593220338983 0.10278250993753549
0.6148648648648649 0.1033503691084611
0.6127946127946128 0.1033503691084611
0.610738255033557 0.1033503691084611
0.6120401337792643 0.10391822827938671
0.61 0.10391822827938671
0.6112956810631229 0.10448608745031232
0.6125827814569537 0.10505394662123793
0.6138613861386139 0.10562180579216354
0.6151315789473685 0.10618966496308915
0.6163934426229508 0.10675752413401476
0.6176470588235294 0.10732538330494037
0.6188925081433225 0.10789324247586599
0.6168831168831169 0.10789324247586599
0.6148867313915858 0.10789324247586599
0.6161290322580645 0.1084611016467916
0.6141479099678456 0.1084611016467916
0.6153846153846154 0.10902896081771721
0.6134185303514377 0.10902896081771721
0.6146496815286624 0.10959681998864282
0.6158730158730159 0.11016467915956843
0.6170886075949367 0.11073253833049404
0.6182965299684543 0.11130039750141965
0.6194968553459119 0.11186825667234526
0.6206896551724138 0.11243611584327087
0.621875 0.11300397501419648
0.6230529595015576 0.1135718341851221
0.6211180124223602 0.1135718341851221
0.6222910216718266 0.1141396933560477
0.6234567901234568 0.11470755252697332
0.6215384615384615 0.11470755252697332
0.6196319018404908 0.11470755252697332
0.617737003058104 0.11470755252697332
0.6189024390243902 0.11527541169789893
0.6200607902735562 0.11584327086882454
0.6181818181818182 0.11584327086882454
0.6163141993957704 0.11584327086882454
0.6174698795180723 0.11641113003975014
0.6156156156156156 0.11641113003975014
0.6167664670658682 0.11697898921067575
0.6179104477611941 0.11754684838160136
0.6190476190476191 0.11811470755252697
0.6172106824925816 0.11811470755252697
0.6183431952662722 0.11868256672345258
0.616519174041298 0.11868256672345258
0.6176470588235294 0.11925042589437819
0.6158357771260997 0.11925042589437819
0.6140350877192983 0.11925042589437819
0.6151603498542274 0.1198182850653038
0.6133720930232558 0.1198182850653038
0.6144927536231884 0.12038614423622941
0.6127167630057804 0.12038614423622941
0.6109510086455331 0.12038614423622941
0.6091954022988506 0.12038614423622941
0.6103151862464183 0.12095400340715502
0.6085714285714285 0.12095400340715502
0.6096866096866097 0.12152186257808063
0.6079545454545454 0.12152186257808063
0.6090651558073654 0.12208972174900624
0.6101694915254238 0.12265758091993186
0.6084507042253521 0.12265758091993186
0.6095505617977528 0.12322544009085747
0.6106442577030813 0.12379329926178308
0.611731843575419 0.12436115843270869
0.6100278551532033 0.12436115843270869
0.6083333333333333 0.12436115843270869
0.6066481994459834 0.12436115843270869
0.6077348066298343 0.1249290176036343
0.6060606060606061 0.1249290176036343
0.6071428571428571 0.1254968767745599
0.6054794520547945 0.1254968767745599
0.6065573770491803 0.1260647359454855
0.6076294277929155 0.12663259511641112
0.6059782608695652 0.12663259511641112
0.6070460704607046 0.12720045428733673
0.6054054054054054 0.12720045428733673
0.6064690026954178 0.12776831345826234
0.6075268817204301 0.12833617262918795
0.6085790884718498 0.12890403180011356
0.606951871657754 0.12890403180011356
0.6053333333333333 0.12890403180011356
0.6063829787234043 0.12947189097103917
0.6074270557029178 0.13003975014196478
0.6084656084656085 0.1306076093128904
0.6094986807387863 0.131175468483816
0.6105263157894737 0.13174332765474162
0.6089238845144357 0.13174332765474162
0.6099476439790575 0.13231118682566723
0.6109660574412533 0.13287904599659284
0.609375 0.13287904599659284
0.6077922077922078 0.13287904599659284
0.6062176165803109 0.13287904599659284
0.6046511627906976 0.13287904599659284
0.6056701030927835 0.13344690516751845
0.6066838046272494 0.13401476433844406
0.6076923076923076 0.13458262350936967
0.6061381074168798 0.13458262350936967
0.6045918367346939 0.13458262350936967
0.6055979643765903 0.13515048268029528
0.6040609137055838 0.13515048268029528
0.6025316455696202 0.13515048268029528
0.601010101010101 0.13515048268029528
0.5994962216624685 0.13515048268029528
0.5979899497487438 0.13515048268029528
0.5989974937343359 0.1357183418512209
0.5975 0.1357183418512209
0.5960099750623441 0.1357183418512209
0.5945273631840796 0.1357183418512209
0.5930521091811415 0.1357183418512209
0.594059405940594 0.1362862010221465
0.5925925925925926 0.1362862010221465
0.5935960591133005 0.1368540601930721
0.5945945945945946 0.13742191936399772
0.5955882352941176 0.13798977853492334
0.5941320293398533 0.13798977853492334
0.5926829268292683 0.13798977853492334
0.5936739659367397 0.13855763770584895
0.5946601941747572 0.13912549687677456
0.5956416464891041 0.13969335604770017
0.5966183574879227 0.14026121521862578
0.5975903614457831 0.1408290743895514
0.5961538461538461 0.1408290743895514
0.5971223021582733 0.141396933560477
0.5980861244019139 0.1419647927314026
0.5966587112171837 0.1419647927314026
0.5952380952380952 0.1419647927314026
0.5961995249406176 0.14253265190232822
0.5971563981042654 0.14310051107325383
0.5981087470449172 0.14366837024417944
0.5966981132075472 0.14366837024417944
0.5952941176470589 0.14366837024417944
0.596244131455399 0.14423622941510506
0.5971896955503513 0.14480408858603067
0.5957943925233645 0.14480408858603067
0.5944055944055944 0.14480408858603067
0.5930232558139535 0.14480408858603067
0.5939675174013921 0.14537194775695628
0.5925925925925926 0.14537194775695628
0.5912240184757506 0.14537194775695628
0.5921658986175116 0.1459398069278819
0.593103448275862 0.1465076660988075
0.591743119266055 0.1465076660988075
0.5926773455377574 0.1470755252697331
0.593607305936073 0.14764338444065872
0.592255125284738 0.14764338444065872
0.5931818181818181 0.14821124361158433
0.5941043083900227 0.14877910278250994
0.5927601809954751 0.14877910278250994
0.5914221218961625 0.14877910278250994
0.5923423423423423 0.14934696195343555
0.5910112359550562 0.14934696195343555
0.5896860986547086 0.14934696195343555
0.5883668903803132 0.14934696195343555
0.5892857142857143 0.14991482112436116
0.5879732739420935 0.14991482112436116
0.5888888888888889 0.15048268029528677
0.5875831485587583 0.15048268029528677
0.5862831858407079 0.15048268029528677
0.58719646799117 0.15105053946621239
0.5881057268722467 0.151618398637138
0.589010989010989 0.1521862578080636
0.5877192982456141 0.1521862578080636
0.5886214442013129 0.15275411697898922
0.5873362445414847 0.15275411697898922
0.5882352941176471 0.15332197614991483
0.5869565217391305 0.15332197614991483
0.5878524945770065 0.15388983532084044
0.5865800865800865 0.15388983532084044
0.5874730021598272 0.15445769449176605
0.5862068965517241 0.15445769449176605
0.5849462365591398 0.15445769449176605
0.5858369098712446 0.15502555366269166
0.5867237687366167 0.15559341283361727
0.5876068376068376 0.15616127200454288
0.5863539445628998 0.15616127200454288
0.5851063829787234 0.15616127200454288
0.583864118895966 0.15616127200454288
0.5826271186440678 0.15616127200454288
0.5835095137420718 0.1567291311754685
0.5822784810126582 0.1567291311754685
0.5810526315789474 0.1567291311754685
0.5819327731092437 0.1572969903463941
0.5828092243186582 0.15786484951731972
0.5836820083682008 0.15843270868824533
0.5824634655532359 0.15843270868824533
0.5833333333333334 0.15900056785917094
0.5841995841995842 0.15956842703009655
0.58298755186722 0.15956842703009655
0.5838509316770186 0.16013628620102216
0.5847107438016529 0.16070414537194777
0.5835051546391753 0.16070414537194777
0.5823045267489712 0.16070414537194777
0.5811088295687885 0.16070414537194777
0.5799180327868853 0.16070414537194777
0.5807770961145194 0.16127200454287335
0.5816326530612245 0.16183986371379896
0.5804480651731161 0.16183986371379896
0.5792682926829268 0.16183986371379896
0.5780933062880325 0.16183986371379896
0.5789473684210527 0.16240772288472458
0.5797979797979798 0.1629755820556502
0.5786290322580645 0.1629755820556502
0.579476861167002 0.1635434412265758
0.5783132530120482 0.1635434412265758
0.5791583166332666 0.1641113003975014
0.58 0.16467915956842702
0.5808383233532934 0.16524701873935263
0.5816733067729084 0.16581487791027824
0.5825049701789264 0.16638273708120385
0.5833333333333334 0.16695059625212946
0.5821782178217821 0.16695059625212946
0.5830039525691699 0.16751845542305507
0.5838264299802761 0.16808631459398068
0.5826771653543307 0.16808631459398068
0.5834970530451866 0.1686541737649063
0.5823529411764706 0.1686541737649063
0.5812133072407045 0.1686541737649063
0.580078125 0.1686541737649063
0.580896686159844 0.1692220329358319
0.5817120622568094 0.16978989210675752
0.5805825242718446 0.16978989210675752
0.5794573643410853 0.16978989210675752
0.5802707930367504 0.17035775127768313
0.581081081081081 0.17092561044860874
0.5799614643545279 0.17092561044860874
0.5788461538461539 0.17092561044860874
0.5796545105566219 0.17149346961953435
0.578544061302682 0.17149346961953435
0.5793499043977055 0.17206132879045996
0.5801526717557252 0.17262918796138557
0.579047619047619 0.17262918796138557
0.5798479087452472 0.17319704713231118
0.5806451612903226 0.1737649063032368
0.5814393939393939 0.1743327654741624
0.5822306238185255 0.17490062464508802
0.5830188679245283 0.17546848381601363
0.5819209039548022 0.17546848381601363
0.5827067669172933 0.17603634298693924
0.5834896810506567 0.17660420215786485
0.5842696629213483 0.17717206132879046
0.5831775700934579 0.17717206132879046
0.582089552238806 0.17717206132879046
0.5828677839851024 0.17773992049971607
0.5836431226765799 0.17830777967064168
0.5825602968460112 0.17830777967064168
0.5833333333333334 0.1788756388415673
0.5822550831792976 0.1788756388415673
0.5830258302583026 0.1794434980124929
0.58195211786372 0.1794434980124929
0.5827205882352942 0.1800113571834185
0.5834862385321101 0.18057921635434412
0.5842490842490843 0.18114707552526974
0.5850091407678245 0.18171493469619535
0.583941605839416 0.18171493469619535
0.5846994535519126 0.18228279386712096
0.5854545454545454 0.18285065303804657
0.5862068965517241 0.18341851220897218
0.5851449275362319 0.18341851220897218
0.5858951175406871 0.1839863713798978
0.5848375451263538 0.1839863713798978
0.5837837837837838 0.1839863713798978
0.5827338129496403 0.1839863713798978
0.5834829443447038 0.1845542305508234
0.5842293906810035 0.185122089721749
0.5831842576028623 0.185122089721749
0.5821428571428572 0.185122089721749
0.5828877005347594 0.18568994889267462
0.5818505338078291 0.18568994889267462
0.5808170515097691 0.18568994889267462
0.5815602836879432 0.18625780806360023
0.5823008849557522 0.18682566723452584
0.5812720848056537 0.18682566723452584
0.582010582010582 0.18739352640545145
0.5809859154929577 0.18739352640545145
0.5817223198594025 0.18796138557637707
0.5807017543859649 0.18796138557637707
0.5796847635726795 0.18796138557637707
0.5804195804195804 0.18852924474730268
0.5794066317626527 0.18852924474730268
0.578397212543554 0.18852924474730268
0.5791304347826087 0.1890971039182283
0.578125 0.1890971039182283
0.5788561525129983 0.1896649630891539
0.5795847750865052 0.1902328222600795
0.5803108808290155 0.19080068143100512
0.5810344827586207 0.19136854060193073
0.5800344234079173 0.19136854060193073
0.5807560137457045 0.19193639977285634
0.58147512864494 0.19250425894378195
0.5821917808219178 0.19307211811470756
0.5811965811965812 0.19307211811470756
0.5802047781569966 0.19307211811470756
0.5792163543441227 0.19307211811470756
0.5782312925170068 0.19307211811470756
0.5789473684210527 0.19363997728563317
0.5796610169491525 0.19420783645655879
0.5786802030456852 0.19420783645655879
0.5777027027027027 0.19420783645655879
0.5767284991568297 0.19420783645655879
0.5757575757575758 0.19420783645655879
0.5764705882352941 0.1947756956274844
0.575503355704698 0.1947756956274844
0.576214405360134 0.19534355479841
0.5752508361204013 0.19534355479841
0.5759599332220368 0.19591141396933562
0.5766666666666667 0.1964792731402612
0.5757071547420965 0.1964792731402612
0.5764119601328903 0.1970471323111868
0.5754560530679934 0.1970471323111868
0.5761589403973509 0.19761499148211242
0.5768595041322314 0.19818285065303803
0.5759075907590759 0.19818285065303803
0.5749588138385503 0.19818285065303803
0.5740131578947368 0.19818285065303803
0.5730706075533661 0.19818285065303803
0.5721311475409836 0.19818285065303803
0.5728314238952537 0.19875070982396364
0.5735294117647058 0.19931856899488926
0.5725938009787929 0.19931856899488926
0.5716612377850163 0.19931856899488926
0.5707317073170731 0.19931856899488926
0.5698051948051948 0.19931856899488926
0.5688816855753647 0.19931856899488926
0.5679611650485437 0.19931856899488926
0.568659127625202 0.19988642816581487
0.5693548387096774 0.20045428733674048
0.5684380032206119 0.20045428733674048
0.567524115755627 0.20045428733674048
0.5666131621187801 0.20045428733674048
0.5657051282051282 0.20045428733674048
0.5648 0.20045428733674048
0.5638977635782748 0.20045428733674048
0.5629984051036683 0.20045428733674048
0.5636942675159236 0.2010221465076661
0.5627980922098569 0.2010221465076661
0.5634920634920635 0.2015900056785917
0.5641838351822503 0.2021578648495173
0.564873417721519 0.20272572402044292
0.5655608214849921 0.20329358319136853
0.5646687697160884 0.20329358319136853
0.5637795275590551 0.20329358319136853
0.5628930817610063 0.20329358319136853
0.5635792778649922 0.20386144236229414
0.5626959247648903 0.20386144236229414
0.5633802816901409 0.20442930153321975
0.5640625 0.20499716070414536
0.5647425897035881 0.20556501987507098
0.5638629283489096 0.20556501987507098
0.5629860031104199 0.20556501987507098
0.562111801242236 0.20556501987507098
0.5627906976744186 0.2061328790459966
0.5619195046439629 0.2061328790459966
0.5610510046367851 0.2061328790459966
0.5617283950617284 0.2067007382169222
0.5624036979969184 0.2072685973878478
0.563076923076923 0.20783645655877342
0.5637480798771122 0.20840431572969903
0.5644171779141104 0.20897217490062464
0.5635528330781011 0.20897217490062464
0.5642201834862385 0.20954003407155025
0.5648854961832062 0.21010789324247586
0.5655487804878049 0.21067575241340147
0.5662100456621004 0.21124361158432708
0.5653495440729484 0.21124361158432708
0.5644916540212443 0.21124361158432708
0.5636363636363636 0.21124361158432708
0.5642965204236006 0.2118114707552527
0.5634441087613293 0.2118114707552527
0.5625942684766214 0.2118114707552527
0.5632530120481928 0.2123793299261783
0.562406015037594 0.2123793299261783
0.5630630630630631 0.21294718909710392
0.5637181409295352 0.21351504826802953
0.562874251497006 0.21351504826802953
0.5620328849028401 0.21351504826802953
0.5626865671641791 0.21408290743895514
0.563338301043219 0.21465076660988075
0.5639880952380952 0.21521862578080636
0.563150074294205 0.21521862578080636
0.5637982195845698 0.21578648495173197
0.562962962962963 0.21578648495173197
0.5621301775147929 0.21578648495173197
0.5612998522895125 0.21578648495173197
0.5619469026548672 0.21635434412265758
0.5625920471281296 0.2169222032935832
0.5632352941176471 0.2174900624645088
0.5638766519823789 0.21805792163543442
0.5630498533724341 0.21805792163543442
0.5636896046852123 0.21862578080636003
0.5628654970760234 0.21862578080636003
0.5620437956204379 0.21862578080636003
0.5626822157434402 0.21919363997728564
0.5618631732168851 0.21919363997728564
0.5625 0.21976149914821125
0.5616835994194485 0.21976149914821125
0.5623188405797102 0.22032935831913686
0.5629522431259045 0.22089721749006247
0.5621387283236994 0.22089721749006247
0.5613275613275613 0.22089721749006247
0.5605187319884726 0.22089721749006247
0.5597122302158274 0.22089721749006247
0.5589080459770115 0.22089721749006247
0.5581061692969871 0.22089721749006247
0.5587392550143266 0.22146507666098808
0.5593705293276109 0.2220329358319137
0.5585714285714286 0.2220329358319137
0.557774607703281 0.2220329358319137
0.5569800569800569 0.2220329358319137
0.5576102418207681 0.2226007950028393
0.5568181818181818 0.2226007950028393
0.5574468085106383 0.2231686541737649
0.5580736543909348 0.22373651334469052
0.5586987270155587 0.22430437251561613
0.557909604519774 0.22430437251561613
0.5585331452750353 0.22487223168654175
0.5577464788732395 0.22487223168654175
0.5569620253164557 0.22487223168654175
0.5561797752808989 0.22487223168654175
0.5568022440392707 0.22544009085746736
0.5560224089635855 0.22544009085746736
0.5552447552447553 0.22544009085746736
0.5558659217877095 0.22600795002839297
0.5550906555090656 0.22600795002839297
0.5557103064066853 0.22657580919931858
0.5563282336578581 0.2271436683702442
0.5569444444444445 0.2277115275411698
0.5561719833564494 0.2277115275411698
0.556786703601108 0.2282793867120954
0.5573997233748271 0.22884724588302102
0.5580110497237569 0.22941510505394663
0.5586206896551724 0.22998296422487224
0.5578512396694215 0.22998296422487224
0.5570839064649243 0.22998296422487224
0.5563186813186813 0.22998296422487224
0.5555555555555556 0.22998296422487224
0.5561643835616439 0.23055082339579785
0.5567715458276333 0.23111868256672347
0.5573770491803278 0.23168654173764908
0.557980900409277 0.23225440090857466
0.55858310626703 0.23282226007950027
0.5591836734693878 0.23339011925042588
0.5584239130434783 0.23339011925042588
0.5576662143826323 0.23339011925042588
0.5582655826558266 0.2339579784213515
0.5588633288227334 0.2345258375922771
0.5594594594594594 0.23509369676320271
0.5600539811066126 0.23566155593412833
0.5592991913746631 0.23566155593412833
0.5598923283983849 0.23622941510505394
0.5591397849462365 0.23622941510505394
0.5597315436241611 0.23679727427597955
0.5603217158176944 0.23736513344690516
0.5595716198125836 0.23736513344690516
0.5588235294117647 0.23736513344690516
0.5594125500667557 0.23793299261783077
0.5586666666666666 0.23793299261783077
0.5579227696404794 0.23793299261783077
0.5585106382978723 0.23850085178875638
0.5590969455511288 0.239068710959682
0.5596816976127321 0.2396365701306076
0.5589403973509933 0.2396365701306076
0.5595238095238095 0.2402044293015332
0.560105680317041 0.24077228847245882
0.5593667546174143 0.24077228847245882
0.5586297760210803 0.24077228847245882
0.5592105263157895 0.24134014764338443
0.5597897503285151 0.24190800681431004
0.5590551181102362 0.24190800681431004
0.5583224115334207 0.24190800681431004
0.5589005235602095 0.24247586598523566
0.5594771241830065 0.24304372515616127
0.5600522193211488 0.24361158432708688
0.559322033898305 0.24361158432708688
0.5598958333333334 0.2441794434980125
0.5604681404421327 0.2447473026689381
0.5597402597402598 0.2447473026689381
0.5603112840466926 0.2453151618398637
0.560880829015544 0.24588302101078932
0.5614489003880984 0.24645088018171493
0.5607235142118863 0.24645088018171493
0.5612903225806452 0.24701873935264054
0.5618556701030928 0.24758659852356615
0.5611325611325612 0.24758659852356615
0.5604113110539846 0.24758659852356615
0.5609756097560976 0.24815445769449176
0.5615384615384615 0.24872231686541738
0.5608194622279129 0.24872231686541738
0.5613810741687979 0.249290176036343
0.561941251596424 0.2498580352072686
0.5625 0.2504258943781942
0.5617834394904458 0.2504258943781942
0.5623409669211196 0.2509937535491198
0.5616264294790343 0.2509937535491198
0.5609137055837563 0.2509937535491198
0.5602027883396705 0.2509937535491198
0.5607594936708861 0.2515616127200454
0.5600505689001264 0.2515616127200454
0.5593434343434344 0.2515616127200454
0.5586380832282472 0.2515616127200454
0.5591939546599496 0.252129471890971
0.559748427672956 0.2526973310618966
0.5590452261306532 0.2526973310618966
0.5583437892095358 0.2526973310618966
0.5588972431077694 0.25326519023282223
0.5594493116395495 0.25383304940374785
0.55875 0.25383304940374785
0.5580524344569289 0.25383304940374785
0.557356608478803 0.25383304940374785
0.5566625155666252 0.25383304940374785
0.5559701492537313 0.25383304940374785
0.55527950310559 0.25383304940374785
0.5545905707196029 0.25383304940374785
0.5539033457249071 0.25383304940374785
0.5532178217821783 0.25383304940374785
0.5525339925834364 0.25383304940374785
0.5530864197530864 0.25440090857467346
0.5536374845869297 0.25496876774559907
0.5529556650246306 0.25496876774559907
0.5522755227552275 0.25496876774559907
0.5515970515970516 0.25496876774559907
0.550920245398773 0.25496876774559907
0.5502450980392157 0.25496876774559907
0.5507955936352509 0.2555366269165247
0.5513447432762836 0.2561044860874503
0.5518925518925519 0.2566723452583759
0.551219512195122 0.2566723452583759
0.5505481120584653 0.2566723452583759
0.551094890510949 0.2572402044293015
0.551640340218712 0.2578080636002271
0.5509708737864077 0.2578080636002271
0.5503030303030303 0.2578080636002271
0.549636803874092 0.2578080636002271
0.5489721886336155 0.2578080636002271
0.5495169082125604 0.25837592277115273
0.5500603136308806 0.25894378194207834
0.5506024096385542 0.25951164111300395
0.5511432009626955 0.26007950028392957
0.5504807692307693 0.26007950028392957
0.5510204081632653 0.2606473594548552
0.5515587529976019 0.2612152186257808
0.5520958083832336 0.2617830777967064
0.5526315789473685 0.262350936967632
0.5519713261648745 0.262350936967632
0.5525059665871122 0.2629187961385576
0.5530393325387366 0.26348665530948323
0.5523809523809524 0.26348665530948323
0.5517241379310345 0.26348665530948323
0.5522565320665083 0.26405451448040884
0.5527876631079478 0.26462237365133445
0.5521327014218009 0.26462237365133445
0.5526627218934911 0.26519023282226006
0.5531914893617021 0.2657580919931857
0.5525383707201889 0.2657580919931857
0.5518867924528302 0.2657580919931857
0.552414605418139 0.2663259511641113
0.5517647058823529 0.2663259511641113
0.5511163337250293 0.2663259511641113
0.5516431924882629 0.2668938103350369
0.5509964830011723 0.2668938103350369
0.550351288056206 0.2668938103350369
0.5497076023391813 0.2668938103350369
0.5490654205607477 0.2668938103350369
0.5495915985997666 0.2674616695059625
0.548951048951049 0.2674616695059625
0.5483119906868452 0.2674616695059625
0.5476744186046512 0.2674616695059625
0.5470383275261324 0.2674616695059625
0.5464037122969838 0.2674616695059625
0.5457705677867902 0.2674616695059625
0.5462962962962963 0.2680295286768881
0.545664739884393 0.2680295286768881
0.5450346420323325 0.2680295286768881
0.5455594002306805 0.26859738784781373
0.5449308755760369 0.26859738784781373
0.5454545454545454 0.26916524701873934
0.5448275862068965 0.26916524701873934
0.5442020665901263 0.26916524701873934
0.5447247706422018 0.26973310618966495
0.5441008018327605 0.26973310618966495
0.5434782608695652 0.26973310618966495
0.544 0.27030096536059056
0.5445205479452054 0.2708688245315162
0.5438996579247435 0.2708688245315162
0.5432801822323462 0.2708688245315162
0.5437997724687145 0.2714366837024418
0.5431818181818182 0.2714366837024418
0.5425652667423383 0.2714366837024418
0.5419501133786848 0.2714366837024418
0.5413363533408834 0.2714366837024418
0.5407239819004525 0.2714366837024418
0.5412429378531074 0.2720045428733674
0.5417607223476298 0.272572402044293
0.5411499436302142 0.272572402044293
0.5416666666666666 0.2731402612152186
0.5410573678290214 0.2731402612152186
0.5404494382022472 0.2731402612152186
0.5409652076318743 0.2737081203861442
0.5403587443946188 0.2737081203861442
0.5397536394176932 0.2737081203861442
0.540268456375839 0.27427597955706984
0.5407821229050279 0.27484383872799545
0.5401785714285714 0.27484383872799545
0.5395763656633222 0.27484383872799545
0.5400890868596881 0.27541169789892106
0.5406006674082313 0.27597955706984667
0.5411111111111111 0.2765474162407723
0.5405105438401776 0.2765474162407723
0.541019955654102 0.2771152754116979
0.5415282392026578 0.2776831345826235
0.5420353982300885 0.2782509937535491
0.5414364640883977 0.2782509937535491
0.5408388520971302 0.2782509937535491
0.5413450937155457 0.2788188529244747
0.5407488986784141 0.2788188529244747
0.5412541254125413 0.27938671209540034
0.5417582417582417 0.27995457126632595
0.5422612513721186 0.28052243043725156
0.5427631578947368 0.28109028960817717
0.5432639649507119 0.2816581487791028
0.5426695842450766 0.2816581487791028
0.5420765027322404 0.2816581487791028
0.5425764192139738 0.2822260079500284
0.5430752453653217 0.282793867120954
0.5424836601307189 0.282793867120954
0.5418933623503809 0.282793867120954
0.5423913043478261 0.2833617262918796
0.5428881650380022 0.2839295854628052
0.5433839479392625 0.28449744463373083
0.542795232936078 0.28449744463373083
0.5422077922077922 0.28449744463373083
0.5416216216216216 0.28449744463373083
0.541036717062635 0.28449744463373083
0.540453074433657 0.28449744463373083
0.5398706896551724 0.28449744463373083
0.5392895586652314 0.28449744463373083
0.5387096774193548 0.28449744463373083
0.5381310418904404 0.28449744463373083
0.5375536480686696 0.28449744463373083
0.5369774919614148 0.28449744463373083
0.5374732334047109 0.28506530380465644
0.5368983957219251 0.28506530380465644
0.5363247863247863 0.28506530380465644
0.5368196371398078 0.28563316297558206
0.5362473347547975 0.28563316297558206
0.5356762513312034 0.28563316297558206
0.5351063829787234 0.28563316297558206
0.5345377258235919 0.28563316297558206
0.5339702760084926 0.28563316297558206
0.5334040296924708 0.28563316297558206
0.5338983050847458 0.28620102214650767
0.5343915343915344 0.2867688813174333
0.5338266384778013 0.2867688813174333
0.5332629355860612 0.2867688813174333
0.5327004219409283 0.2867688813174333
0.5331928345626976 0.2873367404883589
0.5336842105263158 0.2879045996592845
0.5341745531019979 0.2884724588302101
0.5346638655462185 0.2890403180011357
0.5351521511017838 0.28960817717206133
0.5345911949685535 0.28960817717206133
0.5340314136125655 0.28960817717206133
0.5334728033472803 0.28960817717206133
0.5329153605015674 0.28960817717206133
0.5323590814196242 0.28960817717206133
0.5318039624608968 0.28960817717206133
0.53125 0.28960817717206133
0.5306971904266389 0.28960817717206133
0.5311850311850311 0.29017603634298694
0.5306334371754933 0.29017603634298694
0.5300829875518672 0.29017603634298694
0.5295336787564767 0.29017603634298694
0.5300207039337475 0.29074389551391255
0.5294725956566702 0.29074389551391255
0.5289256198347108 0.29074389551391255
0.5294117647058824 0.29131175468483816
0.5298969072164949 0.2918796138557638
0.529351184346035 0.2918796138557638
0.5288065843621399 0.2918796138557638
0.5282631038026722 0.2918796138557638
0.5277207392197125 0.2918796138557638
0.5282051282051282 0.2924474730266894
0.5276639344262295 0.2924474730266894
0.5271238485158649 0.2924474730266894
0.5265848670756647 0.2924474730266894
0.526046986721144 0.2924474730266894
0.5255102040816326 0.2924474730266894
0.5259938837920489 0.293015332197615
0.5254582484725051 0.293015332197615
0.5249237029501526 0.293015332197615
0.5254065040650406 0.2935831913685406
0.5248730964467005 0.2935831913685406
0.5253549695740365 0.2941510505394662
0.5258358662613982 0.29471890971039183
0.5253036437246964 0.29471890971039183
0.5247724974721941 0.29471890971039183
0.5242424242424243 0.29471890971039183
0.5237134207870837 0.29471890971039183
0.5241935483870968 0.29528676888131744
0.5246727089627392 0.29585462805224305
0.5241448692152918 0.29585462805224305
0.5236180904522613 0.29585462805224305
0.5230923694779116 0.29585462805224305
0.5235707121364093 0.29642248722316866
0.5230460921843687 0.29642248722316866
0.5225225225225225 0.29642248722316866
0.522 0.29642248722316866
0.5224775224775224 0.2969903463940943
0.5219560878243513 0.2969903463940943
0.5214356929212363 0.2969903463940943
0.5209163346613546 0.2969903463940943
0.5213930348258706 0.2975582055650199
0.5208747514910537 0.2975582055650199
0.5203574975173784 0.2975582055650199
0.5198412698412699 0.2975582055650199
0.5193260654112983 0.2975582055650199
0.5188118811881188 0.2975582055650199
0.5192878338278932 0.2981260647359455
0.5187747035573123 0.2981260647359455
0.5182625863770978 0.2981260647359455
0.5187376725838264 0.2986939239068711
0.5182266009852217 0.2986939239068711
0.5177165354330708 0.2986939239068711
0.5172074729596854 0.2986939239068711
0.5166994106090373 0.2986939239068711
0.5161923454367027 0.2986939239068711
0.515686274509804 0.2986939239068711
0.5161606268364348 0.2992617830777967
0.5156555772994129 0.2992617830777967
0.5151515151515151 0.2992617830777967
0.5146484375 0.2992617830777967
0.5141463414634146 0.2992617830777967
0.51364522417154 0.2992617830777967
0.5131450827653359 0.2992617830777967
0.5126459143968871 0.2992617830777967
0.5131195335276968 0.29982964224872233
0.512621359223301 0.29982964224872233
0.5121241513094084 0.29982964224872233
0.5116279069767442 0.29982964224872233
0.5111326234269119 0.29982964224872233
0.5106382978723404 0.29982964224872233
0.5111111111111111 0.30039750141964794
0.5106177606177607 0.30039750141964794
0.5101253616200578 0.30039750141964794
0.5096339113680154 0.30039750141964794
0.5091434071222329 0.30039750141964794
0.5086538461538461 0.30039750141964794
0.5081652257444764 0.30039750141964794
0.5076775431861804 0.30039750141964794
0.5081495685522531 0.30096536059057355
0.5076628352490421 0.30096536059057355
0.508133971291866 0.30153321976149916
0.5076481835564054 0.30153321976149916
0.5071633237822349 0.30153321976149916
0.5076335877862596 0.30210107893242477
0.5071496663489037 0.30210107893242477
0.5066666666666667 0.30210107893242477
0.5071360608943863 0.3026689381033504
0.5076045627376425 0.303236797274276
0.5071225071225072 0.303236797274276
0.5066413662239089 0.303236797274276
0.5061611374407583 0.303236797274276
0.5056818181818182 0.303236797274276
0.5061494796594135 0.3038046564452016
0.505671077504726 0.3038046564452016
0.506137865911237 0.3043725156161272
0.5066037735849057 0.3049403747870528
0.5070688030160226 0.30550823395797844
0.5065913370998116 0.30550823395797844
0.5070555032925682 0.30607609312890405
0.5075187969924813 0.30664395229982966
0.507981220657277 0.30721181147075527
0.5075046904315197 0.30721181147075527
0.5079662605435802 0.3077796706416809
0.5074906367041199 0.3077796706416809
0.5079513564078578 0.3083475298126065
0.508411214953271 0.3089153889835321
0.5079365079365079 0.3089153889835321
0.5083955223880597 0.3094832481544577
0.5088536812674743 0.3100511073253833
0.5093109869646183 0.31061896649630893
0.5097674418604651 0.31118682566723455
0.5102230483271375 0.31175468483816016
0.510677808727948 0.31232254400908577
0.5102040816326531 0.31232254400908577
0.5106580166821131 0.3128904031800114
0.5101851851851852 0.3128904031800114
0.509713228492137 0.3128904031800114
0.5092421441774492 0.3128904031800114
0.5087719298245614 0.3128904031800114
0.5083025830258303 0.3128904031800114
0.5087557603686635 0.313458262350937
0.5082872928176796 0.313458262350937
0.5078196872125115 0.313458262350937
0.5073529411764706 0.313458262350937
0.5068870523415978 0.313458262350937
0.5064220183486239 0.313458262350937
0.5059578368469294 0.313458262350937
0.5054945054945055 0.313458262350937
0.505032021957914 0.313458262350937
0.5045703839122486 0.313458262350937
0.5050228310502283 0.3140261215218626
0.5045620437956204 0.3140261215218626
0.504102096627165 0.3140261215218626
0.5036429872495446 0.3140261215218626
0.5031847133757962 0.3140261215218626
0.5027272727272727 0.3140261215218626
0.5031789282470481 0.3145939806927882
0.5036297640653358 0.3151618398637138
0.5031731640979148 0.3151618398637138
0.5036231884057971 0.31572969903463943
0.5040723981900452 0.31629755820556504
0.5036166365280289 0.31629755820556504
0.5031616982836495 0.31629755820556504
0.5027075812274369 0.31629755820556504
0.503155996393147 0.31686541737649065
0.5036036036036036 0.31743327654741627
0.504050405040504 0.3180011357183419
0.5044964028776978 0.3185689948892675
0.5040431266846361 0.3185689948892675
0.5044883303411131 0.3191368540601931
0.5040358744394619 0.3191368540601931
0.503584229390681 0.3191368540601931
0.5031333930170099 0.3191368540601931
0.5026833631484794 0.3191368540601931
0.5022341376228776 0.3191368540601931
0.5017857142857143 0.3191368540601931
0.5013380909901873 0.3191368540601931
0.5008912655971479 0.3191368540601931
0.5004452359750667 0.3191368540601931
0.5008896797153025 0.3197047132311187
0.5004444444444445 0.3197047132311187
0.5 0.3197047132311187
0.49955634427684115 0.3197047132311187
0.499113475177305 0.3197047132311187
0.49867139061116034 0.3197047132311187
0.49911504424778763 0.3202725724020443
0.4986737400530504 0.3202725724020443
0.49823321554770317 0.3202725724020443
0.49867608120035306 0.32084043157296993
0.4991181657848324 0.32140829074389554
0.4986784140969163 0.32140829074389554
0.49911971830985913 0.3219761499148211
0.4995602462620932 0.3225440090857467
0.5 0.3231118682566723
0.5004389815627743 0.32367972742759793
0.5008771929824561 0.32424758659852354
0.5004382120946538 0.32424758659852354
0.500875656742557 0.32481544576944915
0.5004374453193351 0.32481544576944915
0.5 0.32481544576944915
0.4995633187772926 0.32481544576944915
0.49912739965095987 0.32481544576944915
0.4986922406277245 0.32481544576944915
0.4991289198606272 0.32538330494037476
0.49869451697127937 0.32538330494037476
0.49826086956521737 0.32538330494037476
0.49869678540399653 0.3259511641113004
0.4991319444444444 0.326519023282226
0.4986990459670425 0.326519023282226
0.4982668977469671 0.326519023282226
0.49783549783549785 0.326519023282226
0.49740484429065746 0.326519023282226
0.4978392394122731 0.3270868824531516
0.49827288428324695 0.3276547416240772
0.49784296807592754 0.3276547416240772
0.4974137931034483 0.3276547416240772
0.49698535745047373 0.3276547416240772
0.4965576592082616 0.3276547416240772
0.49699054170249357 0.3282226007950028
0.49742268041237114 0.3287904599659284
0.49699570815450644 0.3287904599659284
0.4974271012006861 0.32935831913685404
0.49700085689802914 0.32935831913685404
0.4965753424657534 0.32935831913685404
0.49700598802395207 0.32992617830777965
0.4965811965811966 0.32992617830777965
0.4961571306575576 0.32992617830777965
0.49573378839590443 0.32992617830777965
0.49531116794543906 0.32992617830777965
0.4957410562180579 0.33049403747870526
0.49531914893617024 0.33049403747870526
0.49489795918367346 0.33049403747870526
0.4953271028037383 0.33106189664963087
0.49490662139219016 0.33106189664963087
0.4953350296861747 0.3316297558205565
0.4957627118644068 0.3321976149914821
0.4961896697713802 0.3327654741624077
0.4966159052453469 0.3333333333333333
0.4970414201183432 0.3339011925042589
0.4966216216216216 0.3339011925042589
0.4962025316455696 0.3339011925042589
0.4957841483979764 0.3339011925042589
0.4953664700926706 0.3339011925042589
0.494949494949495 0.3339011925042589
0.4945332211942809 0.3339011925042589
0.49411764705882355 0.3339011925042589
0.49370277078085645 0.3339011925042589
0.49328859060402686 0.3339011925042589
0.49371332774518023 0.33446905167518454
0.49413735343383586 0.33503691084611015
0.49456066945606697 0.33560477001703576
0.49414715719063546 0.33560477001703576
0.49373433583959897 0.33560477001703576
0.493322203672788 0.33560477001703576
0.49291075896580483 0.33560477001703576
0.4925 0.33560477001703576
0.492089925062448 0.33560477001703576
0.4925124792013311 0.33617262918796137
0.4929343308395677 0.336740488358887
0.49335548172757476 0.3373083475298126
0.49377593360995853 0.3378762067007382
0.49336650082918737 0.3378762067007382
0.49295774647887325 0.3378762067007382
0.4925496688741722 0.3378762067007382
0.49296939619520264 0.3384440658716638
0.4925619834710744 0.3384440658716638
0.4921552436003303 0.3384440658716638
0.49174917491749176 0.3384440658716638
0.49134377576257215 0.3384440658716638
0.49093904448105435 0.3384440658716638
0.4905349794238683 0.3384440658716638
0.4909539473684211 0.3390119250425894
0.4913722267871816 0.33957978421351503
0.4917898193760263 0.34014764338444065
0.4913863822805578 0.34014764338444065
0.49098360655737705 0.34014764338444065
0.4914004914004914 0.34071550255536626
0.4918166939443535 0.34128336172629187
0.4922322158626329 0.3418512208972175
0.4918300653594771 0.3418512208972175
0.4922448979591837 0.3424190800681431
0.49184339314845027 0.3424190800681431
0.49144254278728605 0.3424190800681431
0.49104234527687296 0.3424190800681431
0.4906427990235964 0.3424190800681431
0.4902439024390244 0.3424190800681431
0.48984565393988627 0.3424190800681431
0.48944805194805197 0.3424190800681431
0.48905109489051096 0.3424190800681431
0.4886547811993517 0.3424190800681431
0.4882591093117409 0.3424190800681431
0.4878640776699029 0.3424190800681431
0.4874696847210994 0.3424190800681431
0.48707592891760904 0.3424190800681431
0.48748991121872476 0.3429869392390687
0.4870967741935484 0.3429869392390687
0.48670427074939565 0.3429869392390687
0.4863123993558776 0.3429869392390687
0.48672566371681414 0.3435547984099943
0.48633440514469456 0.3435547984099943
0.4867469879518072 0.3441226575809199
0.48635634028892455 0.3441226575809199
0.4867682437850842 0.34469051675184553
0.4863782051282051 0.34469051675184553
0.4867894315452362 0.34525837592277114
0.4864 0.34525837592277114
0.4860111910471623 0.34525837592277114
0.48642172523961663 0.34582623509369675
0.4860335195530726 0.34582623509369675
0.4864433811802233 0.34639409426462237
0.4860557768924303 0.34639409426462237
0.4856687898089172 0.34639409426462237
0.48528241845664283 0.34639409426462237
0.4848966613672496 0.34639409426462237
0.48451151707704526 0.34639409426462237
0.48412698412698413 0.34639409426462237
0.4837430610626487 0.34639409426462237
0.48335974643423135 0.34639409426462237
0.4829770387965162 0.34639409426462237
0.4825949367088608 0.34639409426462237
0.48221343873517786 0.34639409426462237
0.48183254344391785 0.34639409426462237
0.48145224940805054 0.34639409426462237
0.48186119873817035 0.346961953435548
0.48148148148148145 0.346961953435548
0.4811023622047244 0.346961953435548
0.48072383949645947 0.346961953435548
0.4803459119496855 0.346961953435548
0.4799685781618225 0.346961953435548
0.47959183673469385 0.346961953435548
0.4792156862745098 0.346961953435548
0.4788401253918495 0.346961953435548
0.4792482380579483 0.3475298126064736
0.4788732394366197 0.3475298126064736
0.4792806880375293 0.3480976717773992
0.47890625 0.3480976717773992
0.4785323965651834 0.3480976717773992
0.4789391575663027 0.3486655309483248
0.47856586126266565 0.3486655309483248
0.47897196261682246 0.3492333901192504
0.4785992217898833 0.3492333901192504
0.4782270606531882 0.3492333901192504
0.47785547785547783 0.3492333901192504
0.4782608695652174 0.34980124929017603
0.4778898370830101 0.34980124929017603
0.47751937984496123 0.34980124929017603
0.47714949651433 0.34980124929017603
0.4775541795665635 0.35036910846110164
0.477184841453983 0.35036910846110164
0.4768160741885626 0.35036910846110164
0.47644787644787645 0.35036910846110164
0.47685185185185186 0.35093696763202725
0.4772552043176561 0.35150482680295286
0.4768875192604006 0.35150482680295286
0.47729022324865283 0.3520726859738785
0.4776923076923077 0.3526405451448041
0.47732513451191394 0.3526405451448041
0.4769585253456221 0.3526405451448041
0.476592478894858 0.3526405451448041
0.47699386503067487 0.3532084043157297
0.47662835249042146 0.3532084043157297
0.4762633996937213 0.3532084043157297
0.47666411629686306 0.3537762634866553
0.47629969418960244 0.3537762634866553
0.47593582887700536 0.3537762634866553
0.47557251908396947 0.3537762634866553
0.475209763539283 0.3537762634866553
0.47484756097560976 0.3537762634866553
0.4752475247524752 0.3543441226575809
0.4748858447488584 0.3543441226575809
0.47452471482889735 0.3543441226575809
0.4749240121580547 0.35491198182850653
0.4745634016704632 0.35491198182850653
0.47420333839150225 0.35491198182850653
0.47384382107657314 0.35491198182850653
0.4734848484848485 0.35491198182850653
0.47312641937925815 0.35491198182850653
0.47276853252647505 0.35491198182850653
0.47241118669690096 0.35491198182850653
0.47205438066465255 0.35491198182850653
0.4716981132075472 0.35491198182850653
0.471342383107089 0.35491198182850653
0.47098718914845517 0.35491198182850653
0.4713855421686747 0.35547984099943214
0.4710308502633559 0.35547984099943214
0.4706766917293233 0.35547984099943214
0.47032306536438767 0.35547984099943214
0.46996996996997 0.35547984099943214
0.4696174043510878 0.35547984099943214
0.46926536731634183 0.35547984099943214
0.4689138576779026 0.35547984099943214
0.469311377245509 0.35604770017035775
0.46970830216903514 0.35661555934128336
0.4693572496263079 0.35661555934128336
0.4690067214339059 0.35661555934128336
0.46865671641791046 0.35661555934128336
0.46830723340790453 0.35661555934128336
0.46795827123695977 0.35661555934128336
0.46835443037974683 0.35718341851220897
0.46875 0.3577512776831346
0.4684014869888476 0.3577512776831346
0.46805349182763745 0.3577512776831346
0.46770601336302897 0.3577512776831346
0.46735905044510384 0.3577512776831346
0.4670126019273536 0.3577512776831346
0.4674074074074074 0.3583191368540602
0.4670614359733531 0.3583191368540602
0.46671597633136097 0.3583191368540602
0.4663710273466371 0.3583191368540602
0.46602658788774004 0.3583191368540602
0.4664206642066421 0.3588869960249858
0.46607669616519176 0.3588869960249858
0.4664701547531319 0.3594548551959114
0.46612665684830634 0.3594548551959114
0.46578366445916114 0.3594548551959114
0.46544117647058825 0.3594548551959114
0.46583394562821456 0.360022714366837
0.4654919236417034 0.360022714366837
0.4658840792369773 0.36059057353776264
0.4655425219941349 0.36059057353776264
0.46593406593406594 0.36115843270868825
0.465592972181552 0.36115843270868825
0.46598390636430137 0.36172629187961386
0.4656432748538012 0.36172629187961386
0.4660336011687363 0.36229415105053947
0.4656934306569343 0.36229415105053947
0.4653537563822028 0.36229415105053947
0.4650145772594752 0.36229415105053947
0.4646758922068463 0.36229415105053947
0.4650655021834061 0.3628620102214651
0.46545454545454545 0.3634298693923907
0.46511627906976744 0.3634298693923907
0.46550472040668117 0.3639977285633163
0.465166908563135 0.3639977285633163
0.4648295866569978 0.3639977285633163
0.4644927536231884 0.3639977285633163
0.46415640839971034 0.3639977285633163
0.4645441389290883 0.3645655877342419
0.46493130874909616 0.3651334469051675
0.46459537572254334 0.3651334469051675
0.4642599277978339 0.3651334469051675
0.46464646464646464 0.36570130607609314
0.46431146359048303 0.36570130607609314
0.46397694524495675 0.36570130607609314
0.4636429085673146 0.36570130607609314
0.4633093525179856 0.36570130607609314
0.46369518332135157 0.36626916524701875
0.46336206896551724 0.36626916524701875
0.4637473079684135 0.36683702441794436
0.4634146341463415 0.36683702441794436
0.46308243727598564 0.36683702441794436
0.46275071633237824 0.36683702441794436
0.46241947029348607 0.36683702441794436
0.46208869814020026 0.36683702441794436
0.4624731951393853 0.36740488358886997
0.46214285714285713 0.36740488358886997
0.46181299072091364 0.36740488358886997
0.4614835948644793 0.36740488358886997
0.46115466856735565 0.36740488358886997
0.46082621082621084 0.36740488358886997
0.4604982206405694 0.36740488358886997
0.4601706970128023 0.36740488358886997
0.4605543710021322 0.3679727427597956
0.4609375 0.3685406019307212
0.46061036195883603 0.3685406019307212
0.4602836879432624 0.3685406019307212
0.4606661941885188 0.3691084611016468
0.4603399433427762 0.3691084611016468
0.4607218683651805 0.3696763202725724
0.4611032531824611 0.370244179443498
0.4607773851590106 0.370244179443498
0.4604519774011299 0.370244179443498
0.4601270289343684 0.370244179443498
0.459802538787024 0.370244179443498
0.4594785059901339 0.370244179443498
0.4591549295774648 0.370244179443498
0.4595355383532723 0.37081203861442363
0.45921237693389594 0.37081203861442363
0.45888966971187634 0.37081203861442363
0.4585674157303371 0.37081203861442363
0.45824561403508773 0.37081203861442363
0.4586255259467041 0.37137989778534924
0.4583041345480028 0.37137989778534924
0.4579831932773109 0.37137989778534924
0.4576627011896431 0.37137989778534924
0.458041958041958 0.37194775695627486
0.45772187281621246 0.37194775695627486
0.4581005586592179 0.37251561612720047
0.4577808792742498 0.37251561612720047
0.45746164574616455 0.37251561612720047
0.4578397212543554 0.3730834752981261
0.4575208913649025 0.3730834752981261
0.4572025052192067 0.3730834752981261
0.4575799721835883 0.3736513344690517
0.4572619874913134 0.3736513344690517
0.45694444444444443 0.3736513344690517
0.45662734212352535 0.3736513344690517
0.4563106796116505 0.3736513344690517
0.455994455994456 0.3736513344690517
0.4556786703601108 0.3736513344690517
0.45536332179930794 0.3736513344690517
0.45504840940525587 0.3736513344690517
0.4554250172771251 0.3742191936399773
0.4551104972375691 0.3742191936399773
0.45479641131815046 0.3742191936399773
0.45448275862068965 0.3742191936399773
0.45416953824948314 0.3742191936399773
0.45385674931129477 0.3742191936399773
0.45354439091534754 0.3742191936399773
0.453232462173315 0.3742191936399773
0.4536082474226804 0.3747870528109029
0.4532967032967033 0.3747870528109029
0.4529855868222375 0.3747870528109029
0.45267489711934156 0.3747870528109029
0.453050034270048 0.3753549119818285
0.45273972602739726 0.3753549119818285
0.45242984257357977 0.3753549119818285
0.4528043775649795 0.37592277115275413
0.4524948735475051 0.37592277115275413
0.4521857923497268 0.37592277115275413
0.451877133105802 0.37592277115275413
0.451568894952251 0.37592277115275413
0.4512610770279482 0.37592277115275413
0.45095367847411444 0.37592277115275413
0.45064669843430905 0.37592277115275413
0.45102040816326533 0.37649063032367974
0.451393609789259 0.37705848949460535
0.4517663043478261 0.37762634866553096
0.451459606245757 0.37762634866553096
0.45115332428765265 0.37762634866553096
0.45084745762711864 0.37762634866553096
0.4505420054200542 0.37762634866553096
0.45023696682464454 0.37762634866553096
0.4506089309878214 0.3781942078364566
0.45030425963488846 0.3781942078364566
0.45 0.3781942078364566
0.44969615124915596 0.3781942078364566
0.4493927125506073 0.3781942078364566
0.44908968307484826 0.3781942078364566
0.44878706199460916 0.3781942078364566
0.4484848484848485 0.3781942078364566
0.44818304172274565 0.3781942078364566
0.44788164088769333 0.3781942078364566
0.448252688172043 0.3787620670073822
0.44795164539959703 0.3787620670073822
0.4476510067114094 0.3787620670073822
0.4473507712944333 0.3787620670073822
0.44705093833780163 0.3787620670073822
0.4474212993971869 0.3793299261783078
0.44712182061579653 0.3793299261783078
0.44749163879598663 0.3798977853492334
0.44719251336898397 0.3798977853492334
0.447561790247161 0.380465644520159
0.4472630173564753 0.380465644520159
0.4469646430953969 0.380465644520159
0.44733333333333336 0.38103350369108463
0.44770153231179216 0.38160136286201024
0.4474034620505992 0.38160136286201024
0.4471057884231537 0.38160136286201024
0.44680851063829785 0.38160136286201024
0.44651162790697674 0.38160136286201024
0.44621513944223107 0.38160136286201024
0.44591904445919045 0.38160136286201024
0.44562334217506633 0.38160136286201024
0.44532803180914515 0.38160136286201024
0.44503311258278144 0.38160136286201024
0.4447385837193911 0.38160136286201024
0.4444444444444444 0.38160136286201024
0.44415069398545937 0.38160136286201024
0.44451783355350066 0.38216922203293585
0.44422442244224425 0.38216922203293585
0.44393139841688656 0.38216922203293585
0.4436387607119314 0.38216922203293585
0.44334650856389984 0.38216922203293585
0.44305464121132326 0.38216922203293585
0.44276315789473686 0.38216922203293585
0.44247205785667326 0.38216922203293585
0.44218134034165574 0.38216922203293585
0.44189100459619174 0.38216922203293585
0.442257217847769 0.38273708120386146
0.4419672131147541 0.38273708120386146
0.44233289646133683 0.3833049403747871
0.44204322200392926 0.3833049403747871
0.44175392670157065 0.3833049403747871
0.44146500981033354 0.3833049403747871
0.4411764705882353 0.3833049403747871
0.4408883082952319 0.3833049403747871
0.4406005221932115 0.3833049403747871
0.44031311154598823 0.3833049403747871
0.44002607561929596 0.3833049403747871
0.43973941368078173 0.3833049403747871
0.439453125 0.3833049403747871
0.439167208848406 0.3833049403747871
0.4388816644993498 0.3833049403747871
0.4392462638076673 0.3838727995457127
0.43896103896103894 0.3838727995457127
0.43932511356262166 0.3844406587166383
0.4396887159533074 0.3850085178875639
0.4394037589112119 0.3850085178875639
0.43911917098445596 0.3850085178875639
0.4394822006472492 0.3855763770584895
0.4398447606727037 0.3861442362294151
0.43956043956043955 0.3861442362294151
0.43992248062015504 0.38671209540034074
0.4396384764364106 0.38671209540034074
0.4393548387096774 0.38671209540034074
0.4397163120567376 0.38727995457126635
0.43943298969072164 0.38727995457126635
0.43915003219575016 0.38727995457126635
0.43886743886743884 0.38727995457126635
0.43858520900321546 0.38727995457126635
0.4383033419023136 0.38727995457126635
0.4380218368657675 0.38727995457126635
0.43774069319640563 0.38727995457126635
0.4374599101988454 0.38727995457126635
0.4371794871794872 0.38727995457126635
0.4368994234465087 0.38727995457126635
0.43661971830985913 0.38727995457126635
0.436340371081254 0.38727995457126635
0.4360613810741688 0.38727995457126635
0.4364217252396166 0.38784781374219196
0.43614303959131545 0.38784781374219196
0.4358647096362476 0.38784781374219196
0.4362244897959184 0.38841567291311757
0.4359464627151052 0.38841567291311757
0.4356687898089172 0.38841567291311757
0.43539147040101844 0.38841567291311757
0.4351145038167939 0.38841567291311757
0.43483788938334395 0.38841567291311757
0.43456162642947904 0.38841567291311757
0.43492063492063493 0.3889835320840432
0.4346446700507614 0.3889835320840432
0.4343690551680406 0.3889835320840432
0.4340937896070976 0.3889835320840432
0.4344521849271691 0.3895513912549688
0.4341772151898734 0.3895513912549688
0.43390259329538267 0.3895513912549688
0.4336283185840708 0.3895513912549688
0.4333543903979785 0.3895513912549688
0.4337121212121212 0.3901192504258944
0.4334384858044164 0.3901192504258944
0.43316519546027743 0.3901192504258944
0.43289224952741023 0.3901192504258944
0.43261964735516373 0.3901192504258944
0.43234738829452485 0.3901192504258944
0.4320754716981132 0.3901192504258944
0.43243243243243246 0.39068710959682
0.4321608040201005 0.39068710959682
0.43188951663527936 0.39068710959682
0.4316185696361355 0.39068710959682
0.43134796238244516 0.39068710959682
0.4317042606516291 0.3912549687677456
0.4314339386349405 0.3912549687677456
0.4311639549436796 0.3912549687677456
0.43151969981238275 0.39182282793867124
0.431875 0.39239068710959685
0.4316052467207995 0.39239068710959685
0.4313358302122347 0.39239068710959685
0.43169058016219586 0.3929585462805224
0.4314214463840399 0.3929585462805224
0.4311526479750779 0.3929585462805224
0.43088418430884184 0.3929585462805224
0.43061605476042314 0.3929585462805224
0.43097014925373134 0.393526405451448
0.43070229956494716 0.393526405451448
0.43043478260869567 0.393526405451448
0.4301675977653631 0.393526405451448
0.4299007444168734 0.393526405451448
0.4302541847489151 0.3940942646223736
0.42998760842627015 0.3940942646223736
0.4297213622291022 0.3940942646223736
0.42945544554455445 0.3940942646223736
0.4291898577612863 0.3940942646223736
0.4295426452410383 0.39466212379329924
0.42927733168622606 0.39466212379329924
0.42901234567901236 0.39466212379329924
0.42874768661320173 0.39466212379329924
0.4284833538840937 0.39466212379329924
0.4282193468884781 0.39466212379329924
0.42857142857142855 0.39522998296422485
0.42830769230769233 0.39522998296422485
0.42865928659286595 0.39579784213515046
0.4283958205285802 0.39579784213515046
0.42813267813267813 0.39579784213515046
0.4284837323511357 0.39636570130607607
0.4288343558282209 0.3969335604770017
0.42857142857142855 0.3969335604770017
0.42830882352941174 0.3969335604770017
0.4280465401102266 0.3969335604770017
0.4283965728274174 0.3975014196479273
0.42874617737003057 0.3980692788188529
0.4284841075794621 0.3980692788188529
0.42822235797189984 0.3980692788188529
0.42796092796092794 0.3980692788188529
0.42769981696156195 0.3980692788188529
0.4274390243902439 0.3980692788188529
0.42717854966483854 0.3980692788188529
0.4269183922046285 0.3980692788188529
0.4266585514303104 0.3980692788188529
0.4263990267639903 0.3980692788188529
0.42613981762917935 0.3980692788188529
0.4258809234507898 0.3980692788188529
0.4256223436551305 0.3980692788188529
0.4253640776699029 0.3980692788188529
0.42510612492419647 0.3980692788188529
0.42484848484848486 0.3980692788188529
0.42459115687462146 0.3980692788188529
0.42433414043583534 0.3980692788188529
0.4240774349667272 0.3980692788188529
0.4238210399032648 0.3980692788188529
0.4241691842900302 0.3986371379897785
0.42391304347826086 0.3986371379897785
0.42365721182860594 0.3986371379897785
0.4234016887816647 0.3986371379897785
0.4231464737793852 0.3986371379897785
0.4234939759036145 0.3992049971607041
0.423841059602649 0.39977285633162973
0.42358604091456076 0.39977285633162973
0.423331328923632 0.39977285633162973
0.42367788461538464 0.40034071550255534
0.42342342342342343 0.40034071550255534
0.4237695078031212 0.40090857467348096
0.4241151769646071 0.40147643384440657
0.4244604316546763 0.4020442930153322
0.4242061114439784 0.4020442930153322
0.4239520958083832 0.4020442930153322
0.4236983842010772 0.4020442930153322
0.423444976076555 0.4020442930153322
0.42319187089061566 0.4020442930153322
0.4229390681003584 0.4020442930153322
0.42268656716417913 0.4020442930153322
0.4224343675417661 0.4020442930153322
0.4221824686940966 0.4020442930153322
0.42193087008343266 0.4020442930153322
0.42167957117331745 0.4020442930153322
0.42142857142857143 0.4020442930153322
0.421772754312909 0.4026121521862578
0.4215219976218787 0.4026121521862578
0.42127153891859775 0.4026121521862578
0.42102137767220904 0.4026121521862578
0.42077151335311574 0.4026121521862578
0.42052194543297744 0.4026121521862578
0.4202726733847066 0.4026121521862578
0.4206161137440758 0.4031800113571834
0.42095914742451157 0.403747870528109
0.42071005917159765 0.403747870528109
0.42105263157894735 0.4043157296990346
0.42080378250591016 0.4043157296990346
0.4205552274069699 0.4043157296990346
0.4203069657615112 0.4043157296990346
0.4200589970501475 0.4043157296990346
0.419811320754717 0.4043157296990346
0.4195639363582793 0.4043157296990346
0.4193168433451119 0.4043157296990346
0.4190700412007063 0.4043157296990346
0.4188235294117647 0.4043157296990346
0.41857730746619637 0.4043157296990346
0.418331374853114 0.4043157296990346
0.4180857310628303 0.4043157296990346
0.4184272300469484 0.40488358886996023
0.41818181818181815 0.40488358886996023
0.417936694021102 0.40488358886996023
0.4182776801405975 0.40545144804088584
0.4180327868852459 0.40545144804088584
0.41778818022235226 0.40545144804088584
0.41812865497076024 0.40601930721181145
0.4178842781998831 0.40601930721181145
0.4182242990654206 0.40658716638273706
0.417980151780502 0.40658716638273706
0.41831971995332556 0.4071550255536627
0.4180758017492711 0.4071550255536627
0.4184149184149184 0.4077228847245883
0.4181712288875946 0.4077228847245883
0.4179278230500582 0.4077228847245883
0.41826643397324026 0.4082907438955139
0.4180232558139535 0.4082907438955139
0.4177803602556653 0.4082907438955139
0.4175377468060395 0.4082907438955139
0.4172954149738828 0.4082907438955139
0.4170533642691415 0.4082907438955139
0.41739130434782606 0.4088586030664395
0.4171494785631518 0.4088586030664395
0.417486971627099 0.4094264622373651
0.41724537037037035 0.4094264622373651
0.4175824175824176 0.40999432140829073
0.41734104046242776 0.40999432140829073
0.4170999422299249 0.40999432140829073
0.4168591224018476 0.40999432140829073
0.4166185804962493 0.40999432140829073
0.41637831603229525 0.40999432140829073
0.4161383285302594 0.40999432140829073
0.41589861751152074 0.40999432140829073
0.41565918249856076 0.40999432140829073
0.4154200230149597 0.40999432140829073
0.4151811385853939 0.40999432140829073
0.4149425287356322 0.40999432140829073
0.414704192992533 0.40999432140829073
0.41446613088404133 0.40999432140829073
0.4142283419391853 0.40999432140829073
0.4139908256880734 0.40999432140829073
0.41375358166189113 0.40999432140829073
0.413516609392898 0.40999432140829073
0.41385231825987406 0.41056218057921634
0.41361556064073224 0.41056218057921634
0.41395082904516867 0.41113003975014195
0.4142857142857143 0.41169789892106756
0.4140491147915477 0.41169789892106756
0.4138127853881279 0.41169789892106756
0.41357672561323444 0.41169789892106756
0.41391106043329534 0.4122657580919932
0.41367521367521365 0.4122657580919932
0.4134396355353075 0.4122657580919932
0.4137734775184974 0.4128336172629188
0.41353811149032993 0.4128336172629188
0.4133030130756111 0.4128336172629188
0.41306818181818183 0.4128336172629188
0.4128336172629188 0.4128336172629188
0.4125993189557321 0.4128336172629188
0.41236528644356213 0.4128336172629188
0.4121315192743764 0.4128336172629188
0.41189801699716716 0.4128336172629188
0.4116647791619479 0.4128336172629188
0.411431805319751 0.4128336172629188
0.4111990950226244 0.4128336172629188
0.4109666478236292 0.4128336172629188
0.41073446327683616 0.4128336172629188
0.41106719367588934 0.4134014764338444
0.4108352144469526 0.4134014764338444
0.41060349689791314 0.4134014764338444
0.41037204058624577 0.4134014764338444
0.41014084507042253 0.4134014764338444
0.4099099099099099 0.4134014764338444
0.40967923466516604 0.4134014764338444
0.4094488188976378 0.4134014764338444
0.4092186621697583 0.4134014764338444
0.40898876404494383 0.4134014764338444
0.40875912408759124 0.4134014764338444
0.40852974186307517 0.4134014764338444
0.4083006169377454 0.4134014764338444
0.4080717488789238 0.4134014764338444
0.40784313725490196 0.4134014764338444
0.4076147816349384 0.4134014764338444
0.40738668158925573 0.4134014764338444
0.407158836689038 0.4134014764338444
0.4074902179988821 0.41396933560477
0.40782122905027934 0.4145371947756956
0.40815187046342827 0.4151050539466212
0.40792410714285715 0.4151050539466212
0.40769659788064694 0.4151050539466212
0.40746934225195097 0.4151050539466212
0.40724233983286906 0.4151050539466212
0.4070155902004454 0.4151050539466212
0.4073455759599332 0.41567291311754684
0.407119021134594 0.41567291311754684
0.4074485825458588 0.41624077228847245
0.4077777777777778 0.41680863145939806
0.40755136035535816 0.41680863145939806
0.40732519422863483 0.41680863145939806
0.40765391014975044 0.41737649063032367
0.4079822616407982 0.4179443498012493
0.40775623268698064 0.4179443498012493
0.40753045404208194 0.4179443498012493
0.4073049252905368 0.4179443498012493
0.40763274336283184 0.4185122089721749
0.4074074074074074 0.4185122089721749
0.40718232044198893 0.4185122089721749
0.40695748205411375 0.4185122089721749
0.4067328918322296 0.4185122089721749
0.4065085493656922 0.4185122089721749
0.40628445424476295 0.4185122089721749
0.40606060606060607 0.4185122089721749
0.40583700440528636 0.4185122089721749
0.40561364887176665 0.4185122089721749
0.4053905390539054 0.4185122089721749
0.4051676745464541 0.4185122089721749
0.40494505494505495 0.4185122089721749
0.40472267984623833 0.4185122089721749
0.4045005488474204 0.4185122089721749
0.40427866154690073 0.4185122089721749
0.40405701754385964 0.4185122089721749
0.40383561643835614 0.4185122089721749
0.4036144578313253 0.4185122089721749
0.40339354132457583 0.4185122089721749
0.4037199124726477 0.4190800681431005
0.40404592673592127 0.4196479273140261
0.40382513661202185 0.4196479273140261
0.403604587657018 0.4196479273140261
0.40338427947598254 0.4196479273140261
0.40316421167484995 0.4196479273140261
0.40294438386041437 0.4196479273140261
0.402724795640327 0.4196479273140261
0.4025054466230937 0.4196479273140261
0.40228633641807293 0.4196479273140261
0.4020674646354733 0.4196479273140261
0.40184883088635126 0.4196479273140261
0.4016304347826087 0.4196479273140261
0.40141227593699075 0.4196479273140261
0.4011943539630836 0.4196479273140261
0.400976668475312 0.4196479273140261
0.4007592190889371 0.4196479273140261
0.4005420054200542 0.4196479273140261
0.4003250270855905 0.4196479273140261
0.40010828370330265 0.4196479273140261
0.3998917748917749 0.4196479273140261
0.39967550027041643 0.4196479273140261
0.3994594594594595 0.4196479273140261
0.39924365207995677 0.4196479273140261
0.39956803455723544 0.4202157864849517
0.39935240151106316 0.4202157864849517
0.39967637540453077 0.42078364565587734
0.3994609164420485 0.42078364565587734
0.39924568965517243 0.42078364565587734
0.3990306946688207 0.42078364565587734
0.39881593110871905 0.42078364565587734
0.3986013986013986 0.42078364565587734
0.39838709677419354 0.42078364565587734
0.3981730252552391 0.42078364565587734
0.3979591836734694 0.42078364565587734
0.3977455716586151 0.42078364565587734
0.39753218884120173 0.42078364565587734
0.39785522788203753 0.42135150482680295
0.39764201500535906 0.42135150482680295
0.39742903053026246 0.42135150482680295
0.39721627408993576 0.42135150482680295
0.39753879079721777 0.42191936399772856
0.39732620320855616 0.42191936399772856
0.3971138428647782 0.42191936399772856
0.3969017094017094 0.42191936399772856
0.39668980245595303 0.42191936399772856
0.39701173959445035 0.42248722316865417
0.3973333333333333 0.4230550823395798
0.39712153518123666 0.4230550823395798
0.39690996270644646 0.4230550823395798
0.3966986155484558 0.4230550823395798
0.39648749334752525 0.4230550823395798
0.3962765957446808 0.4230550823395798
0.39606592238171184 0.4230550823395798
0.39585547290116896 0.4230550823395798
0.39564524694636216 0.4230550823395798
0.39543524416135883 0.4230550823395798
0.3952254641909814 0.4230550823395798
0.39501590668080594 0.4230550823395798
0.3948065712771595 0.4230550823395798
0.3945974576271186 0.4230550823395798
0.39438856537850714 0.4230550823395798
0.39470899470899473 0.4236229415105054
0.3945002644103649 0.4236229415105054
0.39429175475687106 0.4236229415105054
0.39461172741679873 0.424190800681431
0.39440337909186907 0.424190800681431
0.39472295514511874 0.4247586598523566
0.39451476793248946 0.4247586598523566
0.3948339483394834 0.4253265190232822
0.3946259220231823 0.4253265190232822
0.3949447077409163 0.42589437819420783
0.3952631578947368 0.42646223736513345
0.39505523408732246 0.42646223736513345
0.39484752891692954 0.42646223736513345
0.394640042038886 0.42646223736513345
0.3944327731092437 0.42646223736513345
0.3942257217847769 0.42646223736513345
0.39401888772298005 0.42646223736513345
0.3938122705820661 0.42646223736513345
0.39360587002096437 0.42646223736513345
0.393399685699319 0.42646223736513345
0.3931937172774869 0.42646223736513345
0.39298796441653583 0.42646223736513345
0.39278242677824265 0.42646223736513345
0.3925771040250915 0.42646223736513345
0.39237199582027166 0.42646223736513345
0.3921671018276762 0.42646223736513345
0.3924843423799583 0.42703009653605906
0.3922796035472092 0.42703009653605906
0.3920750782064651 0.42703009653605906
0.392391870766024 0.42759795570698467
0.3927083333333333 0.4281658148779103
0.3925039042165539 0.4281658148779103
0.3922996878251821 0.4281658148779103
0.3926157046281851 0.4287336740488359
0.3924116424116424 0.4287336740488359
0.3927272727272727 0.4293015332197615
0.3925233644859813 0.4293015332197615
0.39231966787752987 0.4293015332197615
0.3921161825726141 0.4293015332197615
0.39191290824261277 0.4293015332197615
0.3917098445595855 0.4293015332197615
0.39150699119627136 0.4293015332197615
0.391304347826087 0.4293015332197615
0.39110191412312467 0.4293015332197615
0.39141675284384697 0.4298693923906871
0.3912144702842377 0.4298693923906871
0.3910123966942149 0.4298693923906871
0.3908105317501291 0.4298693923906871
0.39060887512899894 0.4298693923906871
0.3904074265085095 0.4298693923906871
0.3902061855670103 0.4298693923906871
0.3905203503348789 0.4304372515616127
0.3903192584963955 0.4304372515616127
0.3901183736489964 0.4304372515616127
0.389917695473251 0.4304372515616127
0.3902313624678663 0.43100511073253833
0.39003083247687564 0.43100511073253833
0.3898305084745763 0.43100511073253833
0.3896303901437372 0.43100511073253833
0.38943047716777834 0.43100511073253833
0.3892307692307692 0.43100511073253833
0.38903126601742694 0.43100511073253833
0.38883196721311475 0.43100511073253833
0.38863287250384027 0.43100511073253833
0.38843398157625386 0.43100511073253833
0.3887468030690537 0.43157296990346394
0.3890593047034765 0.43214082907438955
0.3893714869698518 0.43270868824531517
0.3896833503575077 0.4332765474162408
0.3894844308320572 0.4332765474162408
0.3892857142857143 0.4332765474162408
0.38908720040795514 0.4332765474162408
0.3888888888888889 0.4332765474162408
0.3886907794192562 0.4332765474162408
0.3884928716904277 0.4332765474162408
0.388295165394402 0.4332765474162408
0.38809766022380465 0.4332765474162408
0.3879003558718861 0.4332765474162408
0.3877032520325203 0.4332765474162408
0.38750634840020315 0.4332765474162408
0.38730964467005075 0.4332765474162408
0.38711314053779805 0.4332765474162408
0.3869168356997972 0.4332765474162408
0.3867207298530157 0.4332765474162408
0.38652482269503546 0.4332765474162408
0.3863291139240506 0.4332765474162408
0.3861336032388664 0.4332765474162408
0.3859382903388973 0.4332765474162408
0.3857431749241658 0.4332765474162408
0.3855482566953007 0.4332765474162408
0.38535353535353534 0.4332765474162408
0.38515901060070673 0.4332765474162408
0.3849646821392533 0.4332765474162408
0.3847705496722138 0.4332765474162408
0.3845766129032258 0.4332765474162408
0.3848866498740554 0.4338444065871664
0.3851963746223565 0.434412265758092
0.3855057876195269 0.4349801249290176
0.3853118712273642 0.4349801249290176
0.38562091503267976 0.4355479840999432
0.385427135678392 0.4355479840999432
0.3852335509794073 0.4355479840999432
0.3850401606425703 0.4355479840999432
0.38484696437531357 0.4355479840999432
0.384653961885657 0.4355479840999432
0.3844611528822055 0.4355479840999432
0.3842685370741483 0.4355479840999432
0.38407611417125687 0.4355479840999432
0.3838838838838839 0.4355479840999432
0.38369184592296146 0.4355479840999432
0.3835 0.4355479840999432
0.38330834582708645 0.4355479840999432
0.38311688311688313 0.4355479840999432
0.38292561158262606 0.4355479840999432
0.38323353293413176 0.43611584327086883
0.3830423940149626 0.43611584327086883
0.382851445663011 0.43611584327086883
0.38266068759342303 0.43611584327086883
0.38247011952191234 0.43611584327086883
0.3822797411647586 0.43611584327086883
0.382089552238806 0.43611584327086883
0.38189955246146196 0.43611584327086883
0.3817097415506958 0.43611584327086883
0.38152011922503726 0.43611584327086883
0.38182720953326715 0.43668370244179444
0.3816377171215881 0.43668370244179444
0.3814484126984127 0.43668370244179444
0.3817550818046604 0.43725156161272005
0.3815659068384539 0.43725156161272005
0.3813769192669638 0.43725156161272005
0.3811881188118812 0.43725156161272005
0.3809995051954478 0.43725156161272005
0.380811078140455 0.43725156161272005
0.3806228373702422 0.43725156161272005
0.38092885375494073 0.43781942078364566
0.38123456790123456 0.4383872799545713
0.38153998025666336 0.4389551391254969
0.38135175135668475 0.4389551391254969
0.381163708086785 0.4389551391254969
0.38097585017249874 0.4389551391254969
0.3807881773399015 0.4389551391254969
0.3806006893156081 0.4389551391254969
0.38041338582677164 0.4389551391254969
0.38022626660108216 0.4389551391254969
0.3805309734513274 0.4395229982964225
0.38034398034398037 0.4395229982964225
0.3801571709233792 0.4395229982964225
0.3804614629356897 0.4400908574673481
0.3802747791952895 0.4400908574673481
0.38008827856792543 0.4400908574673481
0.3799019607843137 0.4400908574673481
0.37971582557569816 0.4400908574673481
0.3795298726738492 0.4400908574673481
0.37934410181106215 0.4400908574673481
0.37915851272015655 0.4400908574673481
0.37897310513447435 0.4400908574673481
0.3787878787878788 0.4400908574673481
0.3790913531998046 0.4406587166382737
0.37890625 0.4406587166382737
0.37872132747681797 0.4406587166382737
0.37902439024390244 0.44122657580919933
0.378839590443686 0.44122657580919933
0.3786549707602339 0.44122657580919933
0.3784705309303458 0.44122657580919933
0.37877312560856863 0.44179443498012494
0.3785888077858881 0.44179443498012494
0.3784046692607004 0.44179443498012494
0.3782207097715119 0.44179443498012494
0.3780369290573372 0.44179443498012494
0.3778533268576979 0.44179443498012494
0.37766990291262137 0.44179443498012494
0.3774866569626395 0.44179443498012494
0.3773035887487876 0.44179443498012494
0.377120698012603 0.44179443498012494
0.37742248062015504 0.44236229415105055
0.37723970944309926 0.44236229415105055
0.3770571151984511 0.44236229415105055
0.3768746976294146 0.44236229415105055
0.3766924564796905 0.44236229415105055
0.3765103914934751 0.44236229415105055
0.37681159420289856 0.44293015332197616
0.3766296475132786 0.44293015332197616
0.3764478764478765 0.44293015332197616
0.376748673420164 0.44349801249290177
0.37656702025072325 0.44349801249290177
0.3763855421686747 0.44349801249290177
0.3762042389210019 0.44349801249290177
0.3760231102551757 0.44349801249290177
0.37584215591915304 0.44349801249290177
0.37566137566137564 0.44349801249290177
0.37548076923076923 0.44349801249290177
0.3753003363767419 0.44349801249290177
0.3756003842459174 0.4440658716638274
0.3754200672107537 0.4440658716638274
0.3752399232245681 0.4440658716638274
0.3750599520383693 0.4440658716638274
0.37488015340364333 0.4440658716638274
0.3747005270723527 0.4440658716638274
0.37452107279693486 0.4440658716638274
0.37434179033030157 0.4440658716638274
0.3741626794258373 0.4440658716638274
0.37398373983739835 0.4440658716638274
0.3738049713193117 0.4440658716638274
0.37362637362637363 0.4440658716638274
0.3734479465138491 0.4440658716638274
0.37326968973747016 0.4440658716638274
0.3735687022900763 0.444633730834753
0.37339055793991416 0.444633730834753
0.3732125834127741 0.444633730834753
0.37303477846593613 0.444633730834753
0.37285714285714283 0.444633730834753
0.3726796763445978 0.444633730834753
0.3725023786869648 0.444633730834753
0.3723252496433666 0.444633730834753
0.37214828897338403 0.444633730834753
0.3719714964370546 0.444633730834753
0.3717948717948718 0.444633730834753
0.37209302325581395 0.4452015900056786
0.3719165085388994 0.4452015900056786
0.3717401612138454 0.4452015900056786
0.37156398104265403 0.4452015900056786
0.37138796778777833 0.4452015900056786
0.3712121212121212 0.4452015900056786
0.37103644107903455 0.4452015900056786
0.3708609271523179 0.4452015900056786
0.3706855791962175 0.4452015900056786
0.3709829867674858 0.4457694491766042
0.37080774681152573 0.4457694491766042
0.37063267233238906 0.4457694491766042
0.3704577630957999 0.4457694491766042
0.37075471698113205 0.4463373083475298
0.37057991513437055 0.4463373083475298
0.3704052780395853 0.4463373083475298
0.3702308054639661 0.4463373083475298
0.3700564971751412 0.4463373083475298
0.3698823529411765 0.4463373083475298
0.36970837253057387 0.4463373083475298
0.3695345557122708 0.4463373083475298
0.3693609022556391 0.4463373083475298
0.36965711601690937 0.44690516751845544
0.3694835680751174 0.44690516751845544
0.3693101830126701 0.44690516751845544
0.3691369606003752 0.44690516751845544
0.3689639006094702 0.44690516751845544
0.36879100281162136 0.44690516751845544
0.3686182669789227 0.44690516751845544
0.3684456928838951 0.44690516751845544
0.36827328029948525 0.44690516751845544
0.36810102899906455 0.44690516751845544
0.36792893875642824 0.44690516751845544
0.3677570093457944 0.44690516751845544
0.3675852405418029 0.44690516751845544
0.3678804855275444 0.44747302668938105
0.3677088194120392 0.44747302668938105
0.3675373134328358 0.44747302668938105
0.3678321678321678 0.44804088586030666
0.3681267474370923 0.44860874503123227
0.367955286446204 0.44860874503123227
0.36778398510242083 0.44860874503123227
0.36807817589576547 0.4491766042021579
0.36790697674418604 0.4491766042021579
0.3677359367735937 0.4491766042021579
0.36756505576208176 0.4491766042021579
0.3673943334881561 0.4491766042021579
0.3672237697307335 0.4491766042021579
0.36705336426914154 0.4491766042021579
0.36688311688311687 0.4491766042021579
0.3667130273528048 0.4491766042021579
0.36654309545875813 0.4491766042021579
0.3663733209819361 0.4491766042021579
0.3662037037037037 0.4491766042021579
0.36603424340583063 0.4491766042021579
0.3658649398704903 0.4491766042021579
0.36615811373092927 0.4497444633730835
0.3659889094269871 0.4497444633730835
0.3658198614318707 0.4497444633730835
0.3656509695290859 0.4497444633730835
0.36548223350253806 0.4497444633730835
0.36531365313653136 0.4497444633730835
0.3651452282157676 0.4497444633730835
0.3654377880184332 0.4503123225440091
0.3652694610778443 0.4503123225440091
0.3651012891344383 0.4503123225440091
0.3649332719742292 0.4503123225440091
0.36522539098436063 0.4508801817149347
0.3650574712643678 0.4508801817149347
0.3648897058823529 0.4508801817149347
0.3647220946256316 0.4508801817149347
0.36455463728191 0.4508801817149347
0.36438733363928405 0.4508801817149347
0.3642201834862385 0.4508801817149347
0.36405318661164604 0.4508801817149347
0.3638863428047663 0.4508801817149347
0.3637196518552451 0.4508801817149347
0.36355311355311354 0.4508801817149347
0.36338672768878716 0.4508801817149347
0.3636779505946935 0.4514480408858603
0.3639689071787837 0.45201590005678594
0.36380255941499084 0.45201590005678594
0.36363636363636365 0.45201590005678594
0.3639269406392694 0.45258375922771155
0.36376083979917845 0.45258375922771155
0.3635948905109489 0.45258375922771155
0.36342909256725947 0.45258375922771155
0.3637192342752963 0.45315161839863716
0.3640091116173121 0.45371947756956277
0.3638433515482696 0.45371947756956277
0.36413290851160673 0.4542873367404884
0.36442220200181985 0.454855195911414
0.36425648021828105 0.454855195911414
0.36454545454545456 0.4554230550823396
0.364379827351204 0.4554230550823396
0.3642143505903724 0.4554230550823396
0.3640490240581026 0.4554230550823396
0.36388384754990927 0.4554230550823396
0.363718820861678 0.4554230550823396
0.36355394378966455 0.4554230550823396
0.3633892161304939 0.4554230550823396
0.3632246376811594 0.4554230550823396
0.3630602082390222 0.4554230550823396
0.36334841628959275 0.4559909142532652
0.36363636363636365 0.4565587734241908
0.36347197106690776 0.4565587734241908
0.36330772706732944 0.4565587734241908
0.36314363143631434 0.4565587734241908
0.36297968397291197 0.4565587734241908
0.3628158844765343 0.4565587734241908
0.36265223274695535 0.4565587734241908
0.3624887285843102 0.4565587734241908
0.3627760252365931 0.45712663259511643
0.36261261261261263 0.45712663259511643
0.3624493471409275 0.45712663259511643
0.3622862286228623 0.45712663259511643
0.36212325686009894 0.45712663259511643
0.36241007194244607 0.45769449176604204
0.36269662921348317 0.45826235093696766
0.36298292902066487 0.45883021010789327
0.3628199371351594 0.45883021010789327
0.362657091561939 0.45883021010789327
0.36294302377747867 0.4593980692788189
0.36278026905829597 0.4593980692788189
0.36261766024204395 0.4593980692788189
0.3629032258064516 0.4599659284497445
0.3627407075682938 0.4599659284497445
0.3630259623992838 0.4605337876206701
0.3628635346756152 0.4605337876206701
0.3631484794275492 0.4611016467915957
0.36298614215467145 0.4611016467915957
0.36282394995531725 0.4611016467915957
0.36266190263510495 0.4611016467915957
0.36294642857142856 0.4616695059625213
0.36323070058009815 0.46223736513344693
0.36306868867082964 0.46223736513344693
0.36290682122157825 0.46223736513344693
0.3627450980392157 0.46223736513344693
0.3625835189309577 0.46223736513344693
0.3624220837043633 0.46223736513344693
0.3622607921673342 0.46223736513344693
0.3620996441281139 0.46223736513344693
0.3619386393952868 0.46223736513344693
0.36177777777777775 0.46223736513344693
0.3616170590848512 0.46223736513344693
0.36190053285968027 0.46280522430437254
0.361739902352419 0.46280522430437254
0.3615794143744454 0.46280522430437254
0.3614190687361419 0.46280522430437254
0.3612588652482269 0.46280522430437254
0.36109880372175457 0.46280522430437254
0.36093888396811336 0.46280522430437254
0.3607791057990261 0.46280522430437254
0.3606194690265487 0.46280522430437254
0.36045997346306946 0.46280522430437254
0.3603006189213086 0.46280522430437254
0.36014140521431726 0.46280522430437254
0.35998233215547704 0.46280522430437254
0.3598233995584989 0.46280522430437254
0.36010591350397175 0.46337308347529815
0.3599470666078518 0.46337308347529815
0.35978835978835977 0.46337308347529815
0.3596297928602909 0.46337308347529815
0.3594713656387665 0.46337308347529815
0.35931307793923384 0.46337308347529815
0.3591549295774648 0.46337308347529815
0.35899692036955566 0.46337308347529815
0.35883905013192613 0.46337308347529815
0.3586813186813187 0.46337308347529815
0.3585237258347979 0.46337308347529815
0.3583662714097497 0.46337308347529815
0.3582089552238806 0.46337308347529815
0.3580517770952172 0.46337308347529815
0.35789473684210527 0.46337308347529815
0.3577378342832091 0.46337308347529815
0.35758106923751093 0.46337308347529815
0.35742444152431013 0.46337308347529815
0.3577057793345009 0.46394094264622376
0.3575492341356674 0.46394094264622376
0.357830271216098 0.4645088018171493
0.35767380848272845 0.4645088018171493
0.3575174825174825 0.4645088018171493
0.35736129314110965 0.4645088018171493
0.3572052401746725 0.4645088018171493
0.35704932343954604 0.4645088018171493
0.3568935427574171 0.4645088018171493
0.3567378979502835 0.4645088018171493
0.35658238884045335 0.4645088018171493
0.35642701525054465 0.4645088018171493
0.3567073170731707 0.46507666098807493
0.3565520243796256 0.46507666098807493
0.3563968668407311 0.46507666098807493
0.3562418442801218 0.46507666098807493
0.3560869565217391 0.46507666098807493
