38630 48 0.9914011359214783
75270 48 0.9890850186347961
62872 48 0.9884167313575745
54225 48 0.9880487322807312
54278 48 0.9866234660148621
11635 48 0.9864206314086914
54292 48 0.9862013459205627
54260 48 0.9856011271476746
11609 48 0.9848871827125549
11692 48 0.9825499057769775
61478 48 0.9825321435928345
11578 48 0.981613278388977
37016 48 0.9809860587120056
11594 48 0.98068767786026
54236 48 0.98052978515625
37015 48 0.9796035885810852
54227 48 0.9783345460891724
48903 48 0.9781861901283264
50560 48 0.9781787991523743
22278 48 0.9775726795196533
31066 48 0.9767499566078186
75131 48 0.9750202298164368
31100 48 0.9741054177284241
29414 48 0.97386234998703
62857 48 0.9736634492874146
54711 48 0.9736301898956299
54112 48 0.9732834100723267
11815 48 0.9730284810066223
11334 48 0.9721944332122803
77038 48 0.9708398580551147
30874 48 0.970758318901062
50813 48 0.9707461595535278
37799 48 0.9706196784973145
11324 48 0.9701110124588013
11368 48 0.9697045087814331
80518 48 0.9693976640701294
62788 48 0.9688123464584351
94712 48 0.9685612320899963
79826 48 0.9683379530906677
11330 48 0.9674832224845886
1645 48 0.9674143195152283
29622 48 0.9662685394287109
75323 48 0.9656078219413757
59771 48 0.9651622176170349
11557 48 0.9647288918495178
59520 48 0.9643787145614624
30842 48 0.9638766646385193
76551 48 0.9633588194847107
54215 48 0.9630009531974792
65399 48 0.9626224637031555
1667 48 0.9621512293815613
75627 48 0.9607219696044922
37754 48 0.9597991108894348
54302 48 0.9583051204681396
65480 48 0.9577062129974365
11564 48 0.957488477230072
85949 48 0.957366943359375
51897 48 0.9571966528892517
58227 48 0.9564327001571655
15603 48 0.956159234046936
5574 48 0.9557008743286133
66614 48 0.9556393623352051
60181 48 0.9556098580360413
59226 48 0.9550749063491821
15419 48 0.9545589685440063
37195 48 0.9543579816818237
60322 48 0.9542871713638306
81183 48 0.9539752006530762
37185 48 0.9529995322227478
59387 48 0.9527665972709656
74162 48 0.9526413083076477
94778 48 0.9525161981582642
37595 48 0.9524090886116028
50559 48 0.9523200392723083
49353 48 0.9521000385284424
84840 48 0.9509410858154297
7689 48 0.9498111605644226
54283 48 0.9496996998786926
37796 48 0.9496912956237793
1644 48 0.9470183253288269
74171 48 0.9462868571281433
51923 48 0.9450498223304749
20385 48 0.943609893321991
37218 48 0.9426978230476379
59508 48 0.9426059722900391
11341 48 0.9424769282341003
38633 48 0.9417856335639954
37605 48 0.9415794014930725
37719 48 0.9410607218742371
61484 48 0.9407898187637329
74280 48 0.9396857023239136
59682 48 0.9381149411201477
59828 48 0.9375729560852051
36998 48 0.9360435605049133
37723 48 0.9354104995727539
52369 48 0.9353207945823669
81360 29 0.9350523352622986
59658 48 0.9348223805427551
37712 48 0.9346416592597961
37738 48 0.9346380233764648
82400 48 0.934410035610199
21633 48 0.93439781665802
48907 48 0.9342031478881836
74281 48 0.9335581660270691
3932 48 0.9334801435470581
54261 48 0.9331715106964111
30855 48 0.9330465197563171
52885 48 0.9326916337013245
11808 48 0.9325823187828064
11660 48 0.9317364692687988
22087 48 0.9311071634292603
11473 48 0.931087851524353
59728 48 0.9303843975067139
74296 48 0.9301379323005676
79770 48 0.9300896525382996
30936 48 0.9289655089378357
11457 48 0.9274329543113708
26205 29 0.9264864921569824
54249 48 0.9251666069030762
29399 48 0.9236235022544861
31098 48 0.9223462343215942
79582 48 0.921307384967804
84317 48 0.9212771654129028
58244 48 0.920699954032898
58206 48 0.9206637144088745
38360 48 0.9203915596008301
74196 48 0.9202017784118652
48924 48 0.9201047420501709
58034 48 0.9191667437553406
37173 48 0.9189280271530151
22252 48 0.918648362159729
22178 48 0.9184389710426331
65377 48 0.9182190895080566
66674 48 0.9171569347381592
32681 29 0.9165563583374023
77039 48 0.9165507555007935
87639 48 0.916520893573761
79644 48 0.9154061675071716
59272 48 0.9149588346481323
62842 48 0.9147607088088989
65410 48 0.9144411683082581
38612 48 0.9141489863395691
24948 48 0.9122418761253357
54156 48 0.9117711186408997
44507 48 0.9116420149803162
48854 48 0.9112616181373596
55250 48 0.9110714197158813
50496 48 0.9077176451683044
38141 48 0.9075459837913513
37238 48 0.9071851968765259
82589 1 0.9065090417861938
42942 48 0.9060919880867004
59649 48 0.9052782654762268
53403 48 0.9044108986854553
42453 48 0.9043306112289429
15445 48 0.9039635062217712
5553 48 0.9018682241439819
37207 48 0.9008387923240662
76409 48 0.9001813530921936
56749 48 0.8986077904701233
50843 48 0.8973978757858276
22241 48 0.8973596692085266
80555 48 0.8951371908187866
84506 48 0.8949924111366272
44556 29 0.8935499787330627
84829 48 0.8931534290313721
37080 48 0.893123209476471
87625 48 0.8927347660064697
22193 48 0.892520546913147
59294 48 0.891482412815094
73747 48 0.8902055621147156
22145 48 0.8897209167480469
29648 48 0.8889083862304688
11596 48 0.8888726830482483
15473 48 0.8883748054504395
71634 48 0.8881388306617737
48088 48 0.8873416185379028
58344 48 0.8872676491737366
37266 48 0.8870859146118164
69330 29 0.8865854144096375
66227 48 0.8864575624465942
36996 48 0.8863440155982971
15577 48 0.8852934837341309
75602 48 0.8845670223236084
87495 48 0.8845564723014832
52863 48 0.8844537734985352
59391 48 0.884233832359314
29577 48 0.8831433057785034
15574 48 0.8829588294029236
52439 48 0.8821181058883667
52870 48 0.8807050585746765
11664 48 0.8804463744163513
54743 48 0.8803122639656067
65952 48 0.8800907731056213
38177 48 0.8796831369400024
37666 48 0.8784105181694031
11450 48 0.8783734440803528
54131 48 0.8777332305908203
62607 28 0.8775490522384644
79678 48 0.8770819306373596
65457 48 0.8750126361846924
11724 48 0.8748676180839539
16706 48 0.8748172521591187
60250 48 0.8744677305221558
79765 48 0.8742762207984924
65361 48 0.874072253704071
54169 48 0.8739792108535767
38440 28 0.8728222250938416
11622 48 0.8727450370788574
29422 48 0.8720692992210388
11278 48 0.8716819882392883
49364 48 0.8716003894805908
77008 48 0.8713625073432922
94426 48 0.8708404898643494
67100 28 0.8706972599029541
55432 48 0.8689712882041931
58136 48 0.8686507344245911
65371 48 0.8676120042800903
84789 48 0.8671471476554871
65307 48 0.866289496421814
67879 29 0.8660956025123596
15609 48 0.865967333316803
7562 48 0.8658585548400879
51895 48 0.8658419251441956
79636 48 0.8653940558433533
15580 48 0.8647289276123047
54810 48 0.86387038230896
79436 48 0.8637104630470276
50386 29 0.8625946640968323
7698 48 0.8619699478149414
75635 48 0.8609488010406494
37431 48 0.8597825169563293
85969 48 0.8597790598869324
83895 48 0.8592966794967651
58047 48 0.8585058450698853
15551 48 0.8580262064933777
11577 48 0.8579829931259155
16590 48 0.857877790927887
16292 28 0.8578301668167114
85908 48 0.857641339302063
79760 48 0.8574950098991394
66204 48 0.857215404510498
90131 48 0.8570459485054016
66284 48 0.8557048439979553
12980 48 0.8554053902626038
79642 48 0.8542592525482178
94683 48 0.8538884520530701
79838 48 0.8536494374275208
53862 48 0.8531809449195862
94779 48 0.8526989817619324
12228 48 0.8525031805038452
3284 48 0.8522675633430481
25843 48 0.8518204092979431
69911 29 0.8512718081474304
10507 48 0.8501518964767456
37722 48 0.8495997190475464
65430 48 0.8474944233894348
79450 48 0.8468987345695496
94768 48 0.8462073802947998
63363 48 0.8460484743118286
52207 48 0.8457427024841309
76495 48 0.8440621495246887
84753 48 0.8435624241828918
66301 48 0.8435335755348206
71590 48 0.8431796431541443
11348 48 0.8431057333946228
79508 48 0.8430866003036499
74243 48 0.8430461883544922
37351 48 0.8428522348403931
11424 48 0.8425613045692444
68402 48 0.8424587845802307
22065 48 0.8420348763465881
75141 48 0.8417526483535767
52482 48 0.8414533138275146
60903 48 0.8409621715545654
17293 28 0.8404165506362915
17486 29 0.8398725390434265
79841 48 0.8384256362915039
7723 48 0.8383871912956238
64567 48 0.8383428454399109
11213 48 0.8381338715553284
93716 48 0.8371598720550537
37002 48 0.8370072245597839
75286 48 0.8365780115127563
47057 24 0.8365517258644104
79767 48 0.8364937901496887
15558 48 0.8355422616004944
37810 48 0.8352906107902527
37599 48 0.8351852297782898
12200 48 0.8348811864852905
51938 48 0.8343307971954346
54814 48 0.8342671394348145
21994 48 0.8332141041755676
47066 48 0.8331581950187683
79776 48 0.8330478668212891
75095 48 0.8329359889030457
3674 48 0.8321964740753174
66592 48 0.8316310048103333
94707 48 0.8315767049789429
79821 48 0.8314850330352783
79699 48 0.8307449221611023
93505 48 0.8299046158790588
52588 48 0.8298699855804443
75336 48 0.8297709226608276
37438 48 0.8284059762954712
29354 48 0.8278632164001465
3305 48 0.8273727297782898
54182 48 0.82720547914505
65997 48 0.8261899948120117
65921 48 0.8261429071426392
5586 48 0.8249948024749756
65401 48 0.8235505819320679
93358 48 0.8224608302116394
65805 48 0.8224179744720459
22194 48 0.8221430778503418
38586 48 0.8220522999763489
13000 48 0.821514904499054
58163 48 0.8209488391876221
15450 48 0.8193314075469971
78631 48 0.8190759420394897
89267 48 0.8177538514137268
27116 29 0.817717969417572
37444 48 0.8177154064178467
63294 48 0.8176092505455017
6335 48 0.8169168829917908
79659 48 0.8165245056152344
66411 48 0.8156717419624329
59839 48 0.814607560634613
88209 48 0.8146023750305176
85914 48 0.8132057189941406
11809 48 0.8130937218666077
75592 48 0.8127509355545044
31072 48 0.8118995428085327
16616 48 0.811413586139679
29504 48 0.811376690864563
84966 48 0.8110905885696411
3344 48 0.8104718327522278
65910 48 0.8102851510047913
49100 48 0.8101847171783447
80612 48 0.8099081516265869
55936 48 0.8098540902137756
37927 48 0.8085757493972778
42652 48 0.8049857020378113
30867 48 0.8049076199531555
16473 48 0.8048075437545776
75460 48 0.8040719628334045
65781 48 0.8036239743232727
50482 48 0.8027771711349487
15520 48 0.8027577996253967
53911 48 0.802558183670044
59305 48 0.801997184753418
65509 28 0.8019897937774658
75135 48 0.8007278442382812
16653 48 0.8005328178405762
65374 48 0.7997829914093018
47455 48 0.7997546195983887
29506 48 0.7996699213981628
84925 48 0.799333393573761
52382 48 0.799150288105011
52898 48 0.7981514930725098
11362 48 0.797008752822876
20963 28 0.7955119013786316
37141 48 0.7949715256690979
60299 48 0.7947121262550354
37167 48 0.7936270236968994
11643 48 0.7928009033203125
34427 28 0.7921544313430786
10995 28 0.79157954454422
86019 29 0.7912549376487732
76133 29 0.7898076772689819
77007 48 0.7890613079071045
84538 48 0.78896564245224
21952 48 0.7879956960678101
53345 48 0.785373330116272
31116 48 0.7847747802734375
73076 28 0.7840343713760376
29624 48 0.7836686372756958
25758 29 0.7834871411323547
65491 48 0.7830464243888855
1640 48 0.7828397750854492
54704 48 0.782065749168396
50825 48 0.7819002270698547
64583 48 0.7815685272216797
7137 48 0.7812768220901489
70445 48 0.7811408042907715
65473 48 0.7796446084976196
71653 48 0.7783749103546143
11513 48 0.7783629894256592
76534 48 0.7783521413803101
37733 48 0.7778573632240295
22339 48 0.7778052091598511
15495 48 0.777378261089325
11281 48 0.7772757411003113
37138 48 0.7766582369804382
53328 48 0.7753438353538513
66174 48 0.7753435969352722
45885 28 0.7752272486686707
65358 48 0.7752085328102112
10737 48 0.7744186520576477
30790 48 0.7740370035171509
75253 48 0.7731614708900452
66625 48 0.7730981111526489
6129 48 0.7730929255485535
15620 48 0.7729807496070862
48031 48 0.7727712392807007
31002 48 0.7723031044006348
48050 48 0.7720693349838257
11492 48 0.7714061141014099
89390 48 0.7711678147315979
67089 48 0.770604133605957
3290 48 0.77011638879776
44232 48 0.7694615721702576
72285 28 0.7693693041801453
58203 48 0.7687578201293945
58450 48 0.7685560584068298
17136 48 0.7685405015945435
11179 48 0.7679218649864197
59857 48 0.7657909989356995
73710 48 0.7649051547050476
37019 48 0.7648828029632568
84283 48 0.7639490365982056
54756 48 0.7636973261833191
65961 48 0.763623833656311
49908 48 0.7635824680328369
38350 48 0.7624446153640747
30795 48 0.7618420720100403
67979 28 0.7616831660270691
76434 48 0.7614829540252686
66652 48 0.7610912322998047
20534 29 0.7607637643814087
62913 48 0.7607274651527405
79824 48 0.7600840926170349
2386 48 0.7599173784255981
37164 48 0.759280800819397
84934 48 0.7590168714523315
59311 48 0.7584187984466553
37176 48 0.7574043869972229
93466 1 0.7569839954376221
76881 48 0.7559577226638794
12399 48 0.7550801038742065
61500 48 0.7549756169319153
37946 48 0.7548978328704834
79421 48 0.7534857988357544
52747 28 0.7533650398254395
51940 48 0.7531512379646301
72618 24 0.7528984546661377
95292 48 0.7526842951774597
49386 48 0.7525636553764343
11327 48 0.7506100535392761
34615 28 0.7499110102653503
38557 48 0.7494399547576904
54121 48 0.7489726543426514
76509 48 0.7487571835517883
61155 48 0.7482780814170837
33355 28 0.7479932308197021
91991 48 0.7465932369232178
35311 48 0.7461612224578857
15414 48 0.7460801601409912
58176 48 0.7440171837806702
55442 48 0.7436250448226929
31897 48 0.7433647513389587
28462 48 0.74155592918396
14832 48 0.7414095997810364
65482 48 0.7406039834022522
66323 48 0.740480899810791
59347 48 0.7404111623764038
71766 48 0.7402112483978271
22217 48 0.7398107051849365
32692 29 0.7389335632324219
22189 48 0.7389262914657593
22411 48 0.7384657859802246
31542 48 0.7382625341415405
71594 48 0.7367160320281982
58111 48 0.7352002859115601
58019 48 0.7343201041221619
71613 48 0.7342865467071533
55402 48 0.7340536713600159
95402 48 0.7334450483322144
51984 48 0.7333167195320129
1938 48 0.7330011129379272
35428 48 0.7325916290283203
30263 24 0.7324658632278442
78787 48 0.7320307493209839
91856 28 0.7315905690193176
75524 48 0.7314234972000122
11318 48 0.7306249737739563
61067 28 0.7298245429992676
37166 48 0.7297890186309814
57640 48 0.7297561764717102
11582 48 0.7292665243148804
66624 48 0.7280405759811401
58107 48 0.7274044156074524
21969 48 0.7264591455459595
77028 48 0.7263239026069641
48036 48 0.72613525390625
49429 48 0.7260960936546326
22061 48 0.7260636687278748
17573 28 0.7259091734886169
59384 48 0.7246703505516052
2327 28 0.7242251634597778
7007 48 0.7238465547561646
50469 48 0.7238093018531799
65311 48 0.7235665321350098
77017 48 0.7233728766441345
32524 28 0.723236083984375
66626 48 0.7231886386871338
11648 48 0.7226430773735046
15578 48 0.7223987579345703
75537 48 0.7215906977653503
11601 48 0.7215843200683594
7724 48 0.7214718461036682
545 1 0.7213956713676453
60706 48 0.7192859649658203
58130 48 0.7189934849739075
65340 48 0.7184248566627502
66431 48 0.7178063988685608
65141 48 0.717565655708313
21384 29 0.71719890832901
54748 48 0.7170146703720093
61517 48 0.7164307236671448
19149 28 0.7157366275787354
37457 48 0.7138614654541016
90251 48 0.7137511372566223
11268 48 0.7135344743728638
48018 48 0.7131107449531555
38503 48 0.7130667567253113
67130 48 0.7123837471008301
62711 48 0.7119461894035339
7591 48 0.7115606665611267
12960 48 0.7114517688751221
16624 48 0.7107929587364197
49312 48 0.710304856300354
12398 48 0.7102893590927124
93693 48 0.7102048993110657
12494 48 0.7101418972015381
71816 48 0.7097373008728027
95033 48 0.7089052200317383
78326 48 0.7081595659255981
65979 48 0.7075896263122559
84472 48 0.7074326872825623
93228 48 0.707004964351654
36979 48 0.7062458395957947
67375 48 0.7062262296676636
66670 48 0.7061384916305542
66650 48 0.7059544920921326
84785 48 0.7059052586555481
60199 48 0.7055832743644714
3864 48 0.7048320770263672
37069 48 0.7046708464622498
65673 48 0.7041586637496948
67670 28 0.7037162184715271
93141 48 0.7031748294830322
75658 48 0.7029815316200256
37192 48 0.702218770980835
91408 28 0.7015169262886047
58200 48 0.7014902234077454
11591 48 0.7013471722602844
71751 48 0.7012506127357483
58223 48 0.7011464834213257
52828 48 0.7010363340377808
21964 48 0.7007949352264404
94726 48 0.7006925344467163
55543 48 0.6995819807052612
61540 48 0.6993549466133118
11816 48 0.6988003253936768
61507 48 0.6986861228942871
65393 48 0.6985756754875183
76767 48 0.6983301639556885
83995 48 0.697605550289154
29647 48 0.697088897228241
71396 29 0.6967477202415466
55446 48 0.696739673614502
58204 48 0.6957651972770691
3424 48 0.6949394345283508
3340 48 0.6943156123161316
94693 48 0.6941800713539124
11593 48 0.6935911178588867
21974 48 0.6928954124450684
11725 48 0.6924548149108887
1428 48 0.6921995282173157
22987 48 0.6918282508850098
48915 48 0.6916370391845703
21949 48 0.6910257339477539
58086 48 0.6908612251281738
15617 48 0.6906638145446777
31018 48 0.6901289820671082
11680 48 0.6892518997192383
80633 48 0.6890187859535217
2370 48 0.688410222530365
6241 48 0.6880126595497131
11356 48 0.687995433807373
38188 48 0.6875067353248596
49131 48 0.6874847412109375
51548 48 0.687326967716217
24993 29 0.6873111128807068
51932 48 0.6872034072875977
15532 48 0.6865259408950806
79800 48 0.6862061619758606
58181 48 0.6861448884010315
58387 48 0.6857116222381592
46959 48 0.685692548751831
89597 48 0.6856458187103271
22328 48 0.6848946213722229
37515 48 0.6843031644821167
49316 48 0.6838259100914001
9380 48 0.6833925843238831
15397 48 0.6833910942077637
51979 48 0.6832514405250549
11342 48 0.6831540465354919
47562 48 0.6830322742462158
32449 28 0.6828504800796509
77155 48 0.6816099882125854
17075 48 0.6812183856964111
11145 48 0.6810550689697266
37445 48 0.6809678673744202
80704 48 0.6807038187980652
23010 48 0.6806566119194031
71625 48 0.6805667877197266
49369 48 0.6801083087921143
38026 48 0.6800450086593628
11156 48 0.6797793507575989
61523 48 0.6796369552612305
74743 28 0.6790255904197693
54714 48 0.6774677038192749
75137 48 0.6770049929618835
24468 29 0.6759727597236633
30843 48 0.6755428314208984
30883 48 0.6749087572097778
74254 48 0.6748578548431396
54115 48 0.6747255325317383
36997 48 0.6742295622825623
24228 48 0.6740188002586365
51941 48 0.6739494204521179
2589 48 0.6737107634544373
55735 48 0.6737059354782104
64116 28 0.6729432344436646
32513 48 0.6723443865776062
70697 48 0.6711904406547546
30969 48 0.6706436276435852
22413 48 0.669630765914917
87634 48 0.6694450974464417
48144 29 0.6691911220550537
86007 48 0.6687875986099243
49155 48 0.6673606634140015
87382 48 0.6669836044311523
65167 29 0.6669368743896484
67835 48 0.6667344570159912
2427 48 0.6666198372840881
85295 48 0.6665286421775818
66219 48 0.6665259003639221
62950 48 0.6663245558738708
22077 48 0.6662617921829224
22324 48 0.6662006378173828
48072 48 0.6658368706703186
476 48 0.6656427979469299
64143 48 0.665642261505127
11533 48 0.6655676364898682
37354 48 0.6651983261108398
75093 48 0.6650668382644653
80632 48 0.6643444299697876
15406 48 0.6641955375671387
81312 48 0.6640550494194031
7327 48 0.6635098457336426
76922 48 0.6632916927337646
37397 48 0.6621381640434265
64610 48 0.661883533000946
30363 29 0.6609667539596558
1493 24 0.66024249792099
22419 48 0.6600430011749268
46704 28 0.6594850420951843
71732 48 0.659382700920105
79588 48 0.659227728843689
74329 48 0.6589776873588562
80760 48 0.6587048172950745
38538 48 0.6586026549339294
93599 48 0.6585996150970459
74314 48 0.6583560109138489
75128 48 0.6578387022018433
86765 48 0.6576998829841614
19315 48 0.6576302647590637
66230 48 0.6571710705757141
16659 48 0.6571117043495178
20693 28 0.657017171382904
7168 48 0.6569008231163025
64544 24 0.6567582488059998
66224 48 0.6567451357841492
15303 48 0.656667172908783
11325 48 0.6559679508209229
48797 48 0.6556650400161743
58023 48 0.6555452942848206
51635 48 0.6554313898086548
34594 29 0.6553694605827332
59496 48 0.6552143692970276
85735 48 0.6551013588905334
74094 28 0.6549808382987976
85880 48 0.654924213886261
77020 48 0.6538313031196594
77468 28 0.6537668704986572
79683 48 0.6535899043083191
37058 48 0.6534993052482605
52669 28 0.6531655192375183
53826 48 0.6528345346450806
63876 29 0.6510834097862244
75497 48 0.6501702666282654
78273 48 0.6489583849906921
37224 48 0.6487754583358765
4895 48 0.6485992670059204
65476 48 0.6484857797622681
24540 28 0.6469541192054749
37895 48 0.6468063592910767
37191 48 0.6463152766227722
27390 48 0.6459152698516846
52825 48 0.6458916664123535
58089 28 0.6448134779930115
83812 48 0.6447499990463257
75256 48 0.6447420120239258
7447 48 0.6446738243103027
9303 36 0.6446066498756409
76588 48 0.6443114280700684
27683 29 0.6434861421585083
29355 48 0.6432527899742126
45682 48 0.642396092414856
21972 48 0.6420808434486389
50777 48 0.6418647170066833
37045 48 0.6415589451789856
2850 28 0.6413998603820801
48019 48 0.6408570408821106
92092 48 0.6406465768814087
31531 48 0.6402751803398132
30362 29 0.6399824023246765
66596 48 0.6399801969528198
66561 48 0.6394199728965759
37458 48 0.6389250755310059
58193 48 0.6389047503471375
62719 48 0.638730525970459
80290 28 0.6383581161499023
60650 48 0.6383113265037537
62821 48 0.638259768486023
10180 48 0.6375826597213745
37434 48 0.6367989778518677
79459 48 0.6365160942077637
22379 48 0.6357046365737915
7501 48 0.6349791884422302
64615 48 0.6345913410186768
76933 48 0.6334791779518127
25391 48 0.6334581971168518
83766 28 0.6325117349624634
77029 48 0.632259726524353
15388 48 0.6317201256752014
21996 48 0.6314358711242676
79451 48 0.6314124464988708
8198 48 0.6311869025230408
94701 48 0.6310367584228516
58216 48 0.6307021975517273
71649 48 0.6298680305480957
87116 28 0.6292990446090698
37078 48 0.6290728449821472
37433 48 0.6276313662528992
6160 48 0.6275310516357422
29656 48 0.627456545829773
25723 28 0.6263593435287476
38588 48 0.6259565353393555
73044 48 0.6257297396659851
37062 48 0.6256675124168396
6143 48 0.6256135702133179
5995 48 0.625533938407898
95381 48 0.625497043132782
15543 48 0.6251609921455383
76777 48 0.6249324083328247
30991 48 0.6245187520980835
48091 48 0.6241309642791748
1662 48 0.6240806579589844
84923 48 0.6239007115364075
10085 28 0.6238516569137573
11589 48 0.6236257553100586
63407 48 0.6231451630592346
55474 48 0.6230512857437134
76393 48 0.6228534579277039
71657 48 0.6228100657463074
1661 48 0.6227526068687439
65312 48 0.6224606037139893
9138 48 0.6223701238632202
7455 48 0.6221902370452881
55889 48 0.6217458248138428
72347 28 0.6216515898704529
6081 48 0.6210098266601562
5911 48 0.6207460761070251
37715 48 0.6202526092529297
80225 48 0.6195353865623474
51521 48 0.6195032596588135
29573 48 0.6194036602973938
29554 48 0.6188560724258423
61470 48 0.6185195446014404
16696 48 0.6177049279212952
22356 48 0.6176448464393616
37688 48 0.616802990436554
56157 28 0.6158157587051392
74274 48 0.6156581044197083
11427 48 0.6156282424926758
62914 48 0.6155920624732971
22028 48 0.6153174638748169
67138 48 0.6147483587265015
54343 48 0.6145978569984436
79906 48 0.6143466234207153
37265 48 0.6136875748634338
7436 48 0.6136253476142883
21825 24 0.6132922172546387
37220 48 0.612170398235321
30865 48 0.6121678948402405
5622 48 0.6120423078536987
37154 48 0.6111854910850525
58268 48 0.6110851764678955
60613 48 0.6105835437774658
8655 48 0.6101930737495422
52783 28 0.6094738245010376
88069 24 0.6094461679458618
79580 48 0.6093606352806091
11784 48 0.6084117889404297
37111 48 0.6082006096839905
31056 48 0.6078631281852722
42455 48 0.6075522899627686
16585 28 0.6074792742729187
32308 48 0.6070190072059631
87732 28 0.606919527053833
30981 48 0.6068394184112549
30993 48 0.6064820289611816
48008 48 0.6062294840812683
29498 48 0.6062177419662476
38017 48 0.6048808693885803
79617 48 0.6047059297561646
48043 48 0.6034530401229858
66602 48 0.6034034490585327
79739 48 0.6033963561058044
78545 48 0.6029723286628723
74231 48 0.6028257012367249
75500 48 0.6027560234069824
20899 28 0.602687418460846
79834 48 0.6026583909988403
7028 28 0.602544903755188
85978 48 0.6024863123893738
5608 48 0.6023573279380798
37678 48 0.6016806960105896
75103 48 0.6015947461128235
86762 48 0.6013752818107605
37001 48 0.6012128591537476
66755 48 0.600985050201416
26316 29 0.6009570956230164
41332 48 0.6003153324127197
58202 48 0.5994513034820557
7490 48 0.5987023711204529
41298 24 0.5985462069511414
65802 48 0.5984928607940674
84949 48 0.5983216762542725
6293 48 0.5982950925827026
60583 28 0.5980514287948608
78562 48 0.5980120301246643
95054 48 0.5977987051010132
54245 48 0.597775399684906
36920 48 0.5976244211196899
66683 48 0.5976153016090393
33358 36 0.5974991321563721
30914 28 0.596774160861969
68811 48 0.5965349674224854
59868 48 0.5961132645606995
37184 48 0.596088171005249
80388 48 0.5953623056411743
93748 48 0.5952728986740112
66971 48 0.5952130556106567
58338 48 0.5950520634651184
54798 48 0.5948213338851929
66615 48 0.5947272181510925
52861 48 0.594512403011322
76917 48 0.5944317579269409
11485 48 0.5940274000167847
37829 48 0.593969464302063
74264 48 0.5939554572105408
27781 28 0.593772828578949
74330 48 0.5934898257255554
66607 48 0.5930076837539673
38208 48 0.5926433205604553
13406 36 0.5923583507537842
76414 48 0.5923109650611877
19686 28 0.5917848944664001
60720 48 0.5915200710296631
11632 48 0.5912766456604004
14675 48 0.5912671685218811
65439 48 0.5910483002662659
58150 48 0.5909337401390076
31065 48 0.5904208421707153
47062 48 0.5902887582778931
75600 48 0.5901812314987183
48835 48 0.5894026160240173
65525 28 0.5891555547714233
65487 48 0.589142918586731
65477 48 0.5886967778205872
1711 48 0.5880568623542786
94721 48 0.587705135345459
57534 28 0.5876070857048035
49347 48 0.5873371958732605
58153 48 0.5873220562934875
11494 48 0.5872455835342407
94957 48 0.5871375799179077
11798 48 0.5870080590248108
37998 48 0.5867995619773865
75595 48 0.5867959856987
39410 28 0.5867881774902344
62829 48 0.5867202877998352
64976 29 0.586622953414917
7660 48 0.5865923762321472
83973 48 0.5858302116394043
11408 48 0.5850342512130737
60910 48 0.5846837759017944
80699 48 0.5841013789176941
7704 48 0.5838984251022339
81164 48 0.5834460258483887
93927 48 0.5832766890525818
12071 48 0.5827381014823914
36964 48 0.5820468664169312
78451 48 0.5816986560821533
52889 48 0.5815282464027405
94414 48 0.5811192393302917
7526 48 0.5808781385421753
70001 28 0.5808113813400269
71565 48 0.5805834531784058
66599 48 0.5803486108779907
52952 28 0.5801663398742676
54720 48 0.5800330638885498
30518 28 0.5790959596633911
39869 48 0.5786109566688538
16713 48 0.5783378481864929
7504 48 0.5782262086868286
5926 48 0.5781687498092651
29199 28 0.5778858065605164
75628 48 0.5776046514511108
3799 28 0.5773903131484985
7492 48 0.577094316482544
94429 48 0.5769508481025696
52374 48 0.576524019241333
6017 48 0.5760918259620667
79247 28 0.5758224725723267
38293 48 0.5755242705345154
85017 48 0.5752238035202026
54568 48 0.5751537680625916
68579 24 0.5751526355743408
3887 48 0.5750348567962646
77689 28 0.5748746991157532
6104 48 0.5748466849327087
11476 48 0.5744864344596863
66622 48 0.5739049911499023
11694 48 0.573544442653656
49879 48 0.5723934173583984
69622 48 0.572165846824646
59414 48 0.5721157193183899
56621 29 0.5719180703163147
15432 48 0.5712704062461853
30986 48 0.5711401104927063
71631 48 0.5710221529006958
80512 48 0.5707717537879944
16432 48 0.5706512928009033
87460 48 0.5701165199279785
83329 24 0.569871723651886
74325 48 0.5689877271652222
57092 28 0.568869948387146
85574 24 0.5688266754150391
37414 48 0.5687824487686157
30359 29 0.5687687993049622
65812 48 0.5687176585197449
73658 28 0.5681078433990479
37896 48 0.5671746134757996
35054 28 0.5665476322174072
11672 48 0.5664462447166443
94776 48 0.5663623213768005
37304 48 0.5656655430793762
49402 48 0.5651002526283264
36931 48 0.5649106502532959
62820 48 0.5647652745246887
37443 48 0.5646084547042847
75461 48 0.5644392967224121
8983 48 0.5631071329116821
85879 48 0.5628337264060974
65024 48 0.5627915859222412
9865 48 0.5626376271247864
38544 48 0.5625019073486328
11369 48 0.5621773600578308
22758 24 0.5619468092918396
52195 48 0.5618687868118286
84920 48 0.5616227388381958
46966 48 0.5614023208618164
59670 48 0.5613715648651123
55692 48 0.5613587498664856
68306 48 0.561147928237915
84819 48 0.561082661151886
25951 48 0.5605347156524658
21367 28 0.5605115294456482
49147 48 0.5602660179138184
89200 48 0.5601916313171387
49328 48 0.5594289302825928
75649 48 0.5592818260192871
63621 28 0.5590277910232544
2707 24 0.5587732791900635
35881 24 0.5586231350898743
74570 48 0.5583313703536987
75316 48 0.5582988858222961
38016 48 0.5575068593025208
2264 48 0.5572806000709534
60516 28 0.5569790005683899
28014 48 0.5561305284500122
29687 48 0.5557087063789368
37122 48 0.5550434589385986
16709 48 0.5549463033676147
12401 48 0.5546970367431641
66703 48 0.5546951293945312
54183 48 0.5538001656532288
12073 28 0.5537554025650024
48859 48 0.5534939169883728
49416 48 0.5525115728378296
41849 28 0.5523272752761841
29532 48 0.5522652864456177
47381 48 0.5521520972251892
11782 48 0.551947295665741
54818 48 0.5518664717674255
24173 48 0.5516724586486816
11743 48 0.5514852404594421
71824 48 0.551455557346344
38618 48 0.5514317154884338
59363 48 0.5513877868652344
46945 48 0.5510913729667664
49372 48 0.5505827069282532
37918 48 0.5500255823135376
58343 48 0.5499983429908752
29092 48 0.5497692227363586
55726 48 0.549608051776886
22318 48 0.5495226383209229
61511 48 0.5494680404663086
11526 48 0.5490232110023499
10657 48 0.5483705401420593
17389 28 0.5483062267303467
61178 48 0.5482082366943359
76828 48 0.5477653741836548
90063 48 0.5474286675453186
33041 36 0.5473368763923645
10419 48 0.5468679666519165
79833 48 0.5458703637123108
6264 48 0.5455921292304993
48879 48 0.5455155372619629
59843 48 0.54523104429245
51745 48 0.5451129078865051
63178 48 0.5447964072227478
79212 48 0.5437163710594177
65649 48 0.5432665348052979
30911 48 0.5432167053222656
75495 48 0.5431241393089294
15411 48 0.5430969595909119
38182 48 0.5427664518356323
68438 48 0.5420122146606445
11587 48 0.5417725443840027
11208 48 0.5414576530456543
59349 48 0.5412502884864807
81040 48 0.5407016277313232
85005 48 0.5404890179634094
72316 29 0.5401555299758911
59376 48 0.5401362180709839
37044 48 0.5399631857872009
12952 48 0.5398391485214233
65449 48 0.5398150086402893
83653 1 0.5389255881309509
66141 48 0.5386815667152405
22134 48 0.5386057496070862
95700 48 0.5384646654129028
15562 48 0.5382711887359619
73499 28 0.5382444262504578
22015 48 0.5376850962638855
48274 28 0.5372385382652283
47958 28 0.537007749080658
66632 48 0.5369676947593689
37077 48 0.5366867780685425
74328 48 0.5366840362548828
11612 48 0.5365532040596008
59822 48 0.5364140272140503
11676 48 0.5363118052482605
94761 48 0.5362483263015747
54741 48 0.5362015962600708
65136 48 0.5356674790382385
84289 48 0.5354315638542175
73861 48 0.5347038507461548
46996 48 0.5339915156364441
56325 28 0.5333991646766663
22461 48 0.5333169102668762
49403 48 0.5329418778419495
31174 28 0.5328912138938904
22049 48 0.53285151720047
62884 48 0.5326429009437561
6052 48 0.5318509340286255
56751 48 0.5313364267349243
21957 48 0.5312442183494568
66611 48 0.5308893322944641
37524 48 0.5306362509727478
16684 48 0.5306001901626587
21948 48 0.5304515957832336
76962 48 0.5303236246109009
55345 48 0.5298017263412476
75080 28 0.5292274951934814
22300 48 0.5291811227798462
65723 48 0.5291491150856018
54144 48 0.5290977358818054
22075 48 0.5289913415908813
29597 48 0.5287250280380249
58032 48 0.5286834836006165
49105 48 0.5285198092460632
20858 48 0.5284773707389832
61856 48 0.5284532308578491
57395 28 0.5283828377723694
52841 48 0.5281417369842529
33887 48 0.5280163288116455
50446 48 0.5276479125022888
56527 48 0.527505099773407
16785 29 0.527415931224823
29547 48 0.5270723104476929
89622 48 0.5267829895019531
52814 48 0.5266024470329285
79219 28 0.5264618992805481
79803 48 0.5257647633552551
36557 28 0.5256447792053223
55425 48 0.5252743363380432
10794 48 0.5249865055084229
88882 48 0.5247198343276978
37992 48 0.5246239304542542
46990 48 0.5245845317840576
24864 28 0.5244883894920349
22281 48 0.5243956446647644
83552 28 0.5236911773681641
78066 24 0.5229869484901428
80640 28 0.5226444005966187
34380 48 0.5223881006240845
84948 48 0.5219674706459045
15483 48 0.5218796730041504
56255 48 0.5216813087463379
83927 48 0.5216443538665771
2469 48 0.5210649967193604
18483 28 0.5207387208938599
30992 48 0.5207067131996155
91760 48 0.5206762552261353
29340 48 0.5204756259918213
87129 48 0.5201094746589661
11300 48 0.5199138522148132
63724 29 0.5196254849433899
89102 48 0.5191906094551086
17966 24 0.5191782116889954
92225 48 0.5183348059654236
52508 48 0.5180498957633972
74333 48 0.5179515480995178
70646 48 0.5176831483840942
48807 48 0.5172786116600037
71586 48 0.5167334675788879
67953 28 0.5166740417480469
95623 48 0.5164642930030823
77032 48 0.5164070129394531
51749 24 0.5163660645484924
61200 28 0.5163472294807434
36406 28 0.5160670876502991
85013 48 0.5159688591957092
7608 48 0.5157058835029602
71630 48 0.5154252648353577
73234 36 0.5150458812713623
81200 48 0.5147126317024231
31671 48 0.514165997505188
3281 48 0.5136839747428894
67838 48 0.5135895609855652
59354 48 0.5135642886161804
60755 48 0.5135313868522644
13744 48 0.5132414102554321
31704 36 0.5130998492240906
26454 48 0.5127989053726196
37525 48 0.512685239315033
50688 28 0.5124012231826782
18537 28 0.51234370470047
38205 48 0.5122455358505249
75109 48 0.5114550590515137
12208 48 0.5113563537597656
29605 48 0.5112886428833008
89620 48 0.5112725496292114
18424 48 0.5112173557281494
59381 48 0.5110840797424316
86374 48 0.5107138752937317
58118 48 0.5105976462364197
18777 48 0.5103845596313477
77732 24 0.5102431178092957
5908 48 0.5100463032722473
50456 48 0.5098322629928589
14266 28 0.5096411108970642
74302 48 0.509453296661377
54718 48 0.5090368986129761
65534 28 0.5087729096412659
16655 48 0.5087114572525024
37633 48 0.5084505081176758
36952 48 0.5082998871803284
44226 48 0.5081778764724731
35765 48 0.5081414580345154
37208 48 0.5080046057701111
76871 48 0.5078848600387573
22377 48 0.5078301429748535
37535 48 0.5070591568946838
75411 48 0.5065935254096985
77042 48 0.5059835314750671
79735 48 0.5059829950332642
38566 48 0.5058438181877136
37425 48 0.505757749080658
62355 48 0.5056184530258179
79530 48 0.5050200819969177
11351 48 0.5048954486846924
5448 48 0.5046690702438354
37007 48 0.5046054720878601
28046 36 0.5042524933815002
39537 29 0.5042436122894287
29651 48 0.5040405988693237
73029 28 0.5035650134086609
31210 48 0.5035133361816406
15399 48 0.5034653544425964
37939 48 0.5032216310501099
21438 28 0.5030444264411926
7421 28 0.5027793645858765
76793 48 0.5025657415390015
75196 36 0.5024271011352539
60635 28 0.5022062063217163
74013 36 0.502159059047699
80748 48 0.5016045570373535
38244 48 0.5016031265258789
84969 48 0.5014609694480896
38150 48 0.5011727809906006
49318 48 0.5011464953422546
37822 48 0.5010627508163452
30354 28 0.500964343547821
11277 48 0.500826358795166
79350 29 0.5006921887397766
59817 48 0.5003023743629456
10183 48 0.49987277388572693
7798 48 0.499403178691864
29393 48 0.4993912875652313
58114 48 0.49922680854797363
32889 28 0.49903562664985657
36503 48 0.49897322058677673
39097 28 0.4988272488117218
84476 48 0.49876856803894043
19223 29 0.49867239594459534
26802 28 0.49787014722824097
3083 48 0.4978073239326477
24482 24 0.4968978762626648
74425 36 0.4967539310455322
92910 48 0.4967140257358551
38116 48 0.49653321504592896
22889 48 0.49643948674201965
16105 24 0.49639007449150085
22321 48 0.4960315525531769
47547 48 0.4959891438484192
37200 48 0.49596652388572693
12558 28 0.49546417593955994
62012 28 0.49534547328948975
18120 36 0.49520084261894226
37498 48 0.4947187900543213
58235 48 0.49441513419151306
42029 36 0.4943329691886902
30915 48 0.49417147040367126
37873 48 0.49187400937080383
87922 48 0.491704523563385
74204 48 0.4913119971752167
32816 29 0.49068188667297363
67150 28 0.4905358850955963
82939 48 0.4894949495792389
75564 48 0.488403856754303
30985 48 0.4867940843105316
58429 48 0.48639896512031555
38676 28 0.4863000512123108
71731 48 0.4858441948890686
29023 29 0.4857724905014038
60776 48 0.4836278259754181
18117 36 0.483239084482193
39764 24 0.48282480239868164
84877 48 0.4827097952365875
86363 24 0.48197150230407715
1399 24 0.4819194972515106
69365 28 0.4811026155948639
52851 48 0.479572057723999
55883 48 0.4780734181404114
64249 36 0.4779500961303711
77670 28 0.4768076241016388
20948 28 0.4766421914100647
8628 36 0.4751894176006317
1687 48 0.4743718206882477
60921 48 0.4709586501121521
59852 48 0.46875688433647156
50189 48 0.46144434809684753
72440 28 0.45740407705307007
17473 28 0.45633867383003235
6648 28 0.45614853501319885
86548 28 0.4542185366153717
64381 24 0.45187002420425415
88136 36 0.4455484449863434
12376 48 0.44487154483795166
42030 36 0.44287046790122986
37500 48 0.4420667290687561
31060 48 0.4396823048591614
79430 48 0.4380796253681183
75580 48 0.43413010239601135
77652 36 0.43260449171066284
71181 36 0.4204981327056885
86386 24 0.4191014766693115
47110 48 0.41074028611183167
69631 48 0.4030250906944275
79693 48 0.40097758173942566
77347 9 0.39016053080558777
31273 36 0.3726244866847992
76226 9 0.3715563416481018
59468 48 0.3715296983718872
53676 36 0.3707960844039917
62507 36 0.36863842606544495
17950 36 0.36427682638168335
58115 48 0.3543318510055542
37125 48 0.3485487699508667
31137 36 0.3467005491256714
27009 36 0.335837721824646
79658 49 0.3288433849811554
29030 1 0.3034265339374542
16134 1 0.2744867503643036
