50386 29 0.9918721318244934
67879 29 0.9910154938697815
61067 28 0.9896064400672913
62842 48 0.9881646633148193
32681 29 0.9881423115730286
73076 28 0.988080620765686
57534 28 0.9879229664802551
34615 28 0.9867413640022278
32692 29 0.9864047765731812
63621 28 0.985545814037323
51923 48 0.9841656684875488
75131 48 0.9840006828308105
77038 48 0.9837015867233276
20963 28 0.982815682888031
17293 28 0.982525110244751
44556 29 0.9821802377700806
35054 28 0.9820215702056885
76133 29 0.9808266162872314
58299 28 0.9804161190986633
15419 48 0.9802699089050293
11594 48 0.978611409664154
65952 48 0.978358805179596
84317 48 0.9779694080352783
77008 48 0.9769202470779419
21633 48 0.97601318359375
27116 29 0.9753183722496033
67953 28 0.9746740460395813
52747 28 0.9745916724205017
54225 48 0.9737086296081543
11635 48 0.9736549258232117
54260 48 0.9735766649246216
65311 48 0.9730835556983948
79247 28 0.9729939699172974
80290 28 0.9729668498039246
62857 48 0.972849428653717
11473 48 0.9725958108901978
80518 48 0.9719355702400208
29414 48 0.9719289541244507
64116 28 0.9713003039360046
71396 29 0.9708716869354248
62872 48 0.9705796241760254
29399 48 0.9699451923370361
11664 48 0.9699265956878662
51897 48 0.969531238079071
47066 48 0.9694828987121582
11324 48 0.968913197517395
26205 29 0.9684734344482422
29577 48 0.9684450626373291
15603 48 0.9681988954544067
54156 48 0.9675929546356201
11815 48 0.9674792289733887
34427 28 0.9673255085945129
67979 28 0.9668902158737183
19223 29 0.9664849638938904
13000 48 0.965343713760376
18537 28 0.9651783108711243
15577 48 0.9644623398780823
38630 48 0.9644115567207336
77029 48 0.9643155336380005
27683 29 0.9642173647880554
62012 28 0.9639697074890137
81360 29 0.963778555393219
77039 48 0.963340163230896
16292 28 0.9628722071647644
89390 48 0.9627675414085388
37595 48 0.9620197415351868
22252 48 0.9609642028808594
11368 48 0.9603623747825623
37722 48 0.9601376056671143
74743 28 0.959725558757782
34594 29 0.9596967101097107
48144 29 0.959457278251648
54182 48 0.9588251709938049
29648 48 0.9579973220825195
11808 48 0.9579670429229736
64038 28 0.9578677415847778
22441 29 0.9572137594223022
11692 48 0.9570109844207764
65491 48 0.9569738507270813
11609 48 0.9564781785011292
29622 48 0.9564521908760071
48907 48 0.9564303755760193
54292 48 0.956405520439148
59226 48 0.95609050989151
62788 48 0.9558804631233215
46704 28 0.9553245902061462
54169 48 0.9544991254806519
2469 48 0.9542648196220398
60583 28 0.9540092349052429
11578 48 0.9538889527320862
54112 48 0.9532251358032227
75095 48 0.9529720544815063
54814 48 0.9529058337211609
65979 48 0.9524356126785278
30914 28 0.950789213180542
36790 28 0.9505401253700256
11724 48 0.9502564072608948
66614 48 0.950171172618866
37719 48 0.9499826431274414
27781 28 0.9499734044075012
37605 48 0.9495753049850464
79219 28 0.9485716223716736
94426 48 0.9484092593193054
15432 48 0.9482859969139099
65377 48 0.9480950832366943
38897 29 0.9478288888931274
11660 48 0.9477882981300354
11557 48 0.9468090534210205
25843 48 0.946803092956543
48998 28 0.9468019008636475
11341 48 0.9465948343276978
51895 48 0.9464503526687622
45885 28 0.946199893951416
52669 28 0.9459471106529236
19686 28 0.9454888701438904
41849 28 0.9453810453414917
26802 28 0.9448224306106567
37738 48 0.9438902139663696
11809 48 0.9438748955726624
50843 48 0.9427648782730103
54278 48 0.942026674747467
37712 48 0.9419581294059753
26316 29 0.9417177438735962
76264 28 0.9407157897949219
16585 28 0.9399592280387878
21367 28 0.9399040341377258
77468 28 0.9394058585166931
76509 48 0.9383953809738159
73029 28 0.9380929470062256
1645 48 0.9378473162651062
85908 48 0.9372296929359436
65430 48 0.9370765686035156
69911 29 0.9364333152770996
31542 48 0.9364001750946045
29656 48 0.9359269142150879
61478 48 0.9350897669792175
69230 28 0.9333419799804688
11743 48 0.9327069520950317
36406 28 0.9319011569023132
51279 28 0.9314213395118713
75270 48 0.9311208128929138
22278 48 0.9307976365089417
20948 28 0.9301085472106934
30469 28 0.9297179579734802
11680 48 0.9295672178268433
48072 48 0.9289668798446655
37666 48 0.9283185005187988
65393 48 0.9277700185775757
16785 29 0.9277278780937195
37015 48 0.927720844745636
38141 48 0.9277122616767883
54236 48 0.9268349409103394
26200 28 0.9266936779022217
69860 28 0.9256793260574341
37016 48 0.9252373576164246
11356 48 0.9250924587249756
48315 29 0.9250758290290833
17486 29 0.9242808818817139
57395 28 0.9240420460700989
29542 48 0.9240133166313171
16706 48 0.9228464961051941
65399 48 0.9228452444076538
65480 48 0.9227319955825806
66561 48 0.9222220182418823
1644 48 0.9214037656784058
51280 28 0.9211108684539795
11513 48 0.9206091165542603
30874 48 0.9203791618347168
21920 48 0.9202342629432678
65534 28 0.9200755953788757
56325 28 0.9190067052841187
11300 48 0.9185202717781067
3284 48 0.917000949382782
38880 29 0.9167428612709045
80135 28 0.9167261719703674
11564 48 0.9165974259376526
70001 28 0.916555643081665
56534 28 0.9163432121276855
18978 28 0.9156688451766968
50560 48 0.9156281352043152
36998 48 0.9154722690582275
15558 48 0.9152860045433044
11622 48 0.9152580499649048
63615 28 0.9149324893951416
1667 48 0.9149265885353088
50813 48 0.9146537780761719
50559 48 0.9145210385322571
11457 48 0.9140217304229736
33746 28 0.9139108657836914
80632 48 0.9138826131820679
29493 48 0.9138117432594299
43685 48 0.9133374691009521
85914 48 0.9132184982299805
46996 48 0.9130316376686096
79582 48 0.9128968119621277
49418 28 0.9118292927742004
22075 48 0.9111328721046448
10995 28 0.9110891222953796
75080 28 0.9108109474182129
50825 48 0.9105978012084961
64976 29 0.9103090167045593
23010 48 0.9101625680923462
65525 28 0.9100046157836914
25295 28 0.9097143411636353
94778 48 0.9086982607841492
22987 48 0.9080750942230225
26350 28 0.9077455997467041
65509 28 0.9075657725334167
76409 48 0.9071205258369446
84949 48 0.9065548777580261
4068 28 0.9062557816505432
84618 28 0.9052472710609436
83766 28 0.9051253199577332
79826 48 0.905113160610199
91815 28 0.9050556421279907
48903 48 0.9044644832611084
59520 48 0.9042873382568359
50837 48 0.9039438366889954
54261 48 0.9036538600921631
29380 48 0.9027791023254395
11278 48 0.9026824235916138
75627 48 0.9024268388748169
72316 29 0.9022632241249084
59508 48 0.9016966819763184
77028 48 0.9010854363441467
54131 48 0.9008748531341553
37351 48 0.8998828530311584
48915 48 0.8998553156852722
75135 48 0.8992791175842285
31116 48 0.8990552425384521
6881 28 0.8985422253608704
53911 48 0.8984665870666504
30790 48 0.8981207013130188
59682 48 0.8978785276412964
15620 48 0.8978090286254883
22241 48 0.895704448223114
54249 48 0.8955270648002625
36996 48 0.8954507112503052
37167 48 0.8952687382698059
4895 48 0.8948637843132019
16742 28 0.8947712182998657
86762 48 0.8947158455848694
61726 48 0.8940858244895935
59272 48 0.8936878442764282
39410 28 0.8928793668746948
23878 28 0.8924351334571838
17389 28 0.8921445608139038
18483 28 0.8912720680236816
22145 48 0.8906712532043457
58089 28 0.8902785778045654
59728 48 0.890265166759491
72049 28 0.8901249766349792
19221 28 0.8901207447052002
11330 48 0.8898739814758301
2327 28 0.889640212059021
87639 48 0.8896159529685974
13926 28 0.8894451260566711
53328 48 0.889392614364624
37799 48 0.8885917067527771
10085 28 0.8882861137390137
37080 48 0.88763827085495
545 1 0.8875117301940918
52885 48 0.8871081471443176
84789 48 0.8866179585456848
81183 48 0.8857018351554871
92327 48 0.8850691318511963
79642 48 0.8844838738441467
86019 29 0.884059488773346
71594 48 0.8840571641921997
37218 48 0.8833863735198975
11179 48 0.8831669092178345
5574 48 0.8830603361129761
11450 48 0.8828492164611816
54283 48 0.8826857805252075
38440 28 0.8823586106300354
32816 29 0.8822576403617859
37796 48 0.8820667862892151
86765 48 0.8817524313926697
29701 48 0.8816680908203125
24993 29 0.8814793825149536
72624 28 0.8814438581466675
24228 48 0.88103848695755
77689 28 0.8809847235679626
14494 28 0.8809298872947693
74196 48 0.8801568746566772
48526 28 0.8797836899757385
27362 28 0.8793982267379761
11424 48 0.8789539337158203
11348 48 0.8782565593719482
65417 48 0.8780753016471863
29504 48 0.8780512809753418
19153 28 0.8767985701560974
29354 48 0.8765703439712524
54165 48 0.8754190802574158
16616 48 0.8748837113380432
7109 48 0.8746837973594666
10239 28 0.8745588660240173
37173 48 0.8740314841270447
54329 28 0.8739667534828186
37835 28 0.8733454346656799
52870 48 0.8732283711433411
30362 29 0.8725610971450806
53403 48 0.871123194694519
72285 28 0.8702346086502075
74281 48 0.8698826432228088
39481 28 0.869807779788971
11268 48 0.8696050047874451
47958 28 0.8692213892936707
28058 28 0.8683529496192932
37185 48 0.86760014295578
82589 1 0.8672515749931335
65371 48 0.867235541343689
75635 48 0.8672167062759399
54115 48 0.8662528395652771
82817 28 0.8660603761672974
65358 48 0.865618884563446
55936 48 0.8655545115470886
11643 48 0.8651885986328125
24468 29 0.8651872277259827
82802 29 0.8645553588867188
54227 48 0.8645132184028625
24171 48 0.8644791841506958
56749 48 0.8637133836746216
15834 28 0.8628028035163879
32449 28 0.8626831769943237
64143 48 0.8626363277435303
75137 48 0.8621301054954529
59857 48 0.8617140650749207
94414 48 0.8611814975738525
29651 48 0.8609359860420227
31100 48 0.8607751131057739
15388 48 0.8603261709213257
66204 48 0.8599140048027039
11334 48 0.859531044960022
15551 48 0.8592826128005981
3932 48 0.8577631711959839
18686 48 0.857582151889801
77662 29 0.8574668765068054
51984 48 0.8574573993682861
65673 48 0.8570156693458557
94683 48 0.8569381833076477
11375 48 0.8564831018447876
47455 48 0.8558931350708008
49147 48 0.8558703660964966
76588 48 0.8549000024795532
84921 48 0.8547208309173584
58206 48 0.8546288013458252
37723 48 0.8545178771018982
57092 28 0.8540877103805542
75103 48 0.8529175519943237
56157 28 0.852426290512085
75460 48 0.8524250984191895
11145 48 0.8507471084594727
37195 48 0.8507135510444641
11256 48 0.8506229519844055
39516 28 0.850189745426178
7137 48 0.8500155806541443
48018 48 0.8499561548233032
32889 28 0.8497719764709473
85598 28 0.8491003513336182
66596 48 0.8490442633628845
2458 48 0.8488020300865173
20899 28 0.8487088680267334
15450 48 0.8485586643218994
31072 28 0.8481652736663818
62607 28 0.8481446504592896
93228 48 0.8480468392372131
37431 48 0.847981333732605
74296 48 0.847937822341919
47970 28 0.847834050655365
60755 48 0.8476452231407166
65781 48 0.8475075960159302
31098 48 0.8472686409950256
79367 28 0.8471366763114929
29624 48 0.8460983037948608
73416 28 0.8456805348396301
13744 48 0.8456579446792603
18777 48 0.8455271124839783
60322 48 0.8446113467216492
31897 48 0.8440850973129272
37204 28 0.8438331484794617
51979 48 0.8422894477844238
84840 48 0.8421144485473633
82400 48 0.8418945670127869
93358 48 0.8412539958953857
59771 48 0.8411203622817993
36997 48 0.840852677822113
30936 48 0.8404998779296875
37200 48 0.8400874733924866
57188 28 0.8400266170501709
65961 48 0.8394483923912048
20962 8 0.8384406566619873
53862 48 0.8376063108444214
93530 28 0.8372162580490112
29614 48 0.8369307518005371
11606 48 0.8368474245071411
34563 28 0.8368341326713562
55432 48 0.836649477481842
58227 48 0.8353795409202576
47060 48 0.835301399230957
35734 28 0.8352649807929993
37132 48 0.8346514701843262
37266 48 0.8344475030899048
11596 48 0.8340450525283813
85279 28 0.8335583806037903
87625 48 0.8335471153259277
38360 48 0.8327965140342712
11577 48 0.8324841260910034
80553 48 0.8319211006164551
15414 48 0.8318773508071899
54121 48 0.831382155418396
66338 48 0.8313691020011902
84906 48 0.8313583135604858
54302 48 0.8312619924545288
66284 48 0.831246554851532
11369 48 0.830598771572113
12980 48 0.8299387693405151
59387 48 0.8296874165534973
84934 48 0.829447865486145
60428 28 0.8278874158859253
75109 48 0.8278466463088989
88882 48 0.8274856805801392
22379 48 0.8268489241600037
73685 28 0.826716423034668
37438 48 0.8266737461090088
63294 48 0.8262271285057068
23226 28 0.8261423110961914
14832 48 0.8258538246154785
20534 29 0.8258350491523743
66323 48 0.8256703615188599
52863 48 0.8251515030860901
92259 48 0.8248369097709656
48797 48 0.8241930603981018
37621 48 0.8235947489738464
16713 48 0.8228803277015686
61540 48 0.8227028250694275
30472 28 0.8224881887435913
67223 28 0.8224313259124756
11694 48 0.8223791718482971
29605 48 0.822287917137146
73044 48 0.8222118616104126
54031 28 0.8220986127853394
69330 29 0.8218784928321838
79225 28 0.8218470811843872
67670 28 0.8209949731826782
80704 48 0.8209918141365051
48879 48 0.8206643462181091
61704 29 0.8201449513435364
47125 28 0.8200891017913818
24948 48 0.8198909163475037
68402 48 0.8197345733642578
73528 28 0.8196982741355896
78066 28 0.8192155361175537
37946 48 0.8190895915031433
29506 48 0.8189787864685059
11131 48 0.8188988566398621
24540 28 0.8187353014945984
91408 28 0.817916750907898
48145 28 0.8169761300086975
61470 48 0.8162594437599182
75141 48 0.81609046459198
55425 48 0.816044270992279
59170 28 0.8159980773925781
14266 28 0.8155972957611084
7490 48 0.815363347530365
16696 48 0.8150859475135803
48203 28 0.8149088621139526
42942 48 0.8149077296257019
77042 48 0.8144490718841553
48074 48 0.8144273161888123
19149 28 0.8140094876289368
2667 48 0.8136656284332275
37058 48 0.8135311603546143
20858 48 0.8125163316726685
61351 28 0.8124954104423523
31066 48 0.8122167587280273
24864 28 0.81198650598526
54117 48 0.8114902973175049
48091 48 0.8114550709724426
95273 48 0.8112863302230835
92727 1 0.8108932375907898
48519 29 0.8108147382736206
53392 29 0.8101418614387512
65307 48 0.8098608255386353
6129 48 0.8094696998596191
93505 48 0.8093546628952026
80748 48 0.8091147541999817
3478 28 0.8089985847473145
69175 28 0.8088579177856445
77649 28 0.8087772727012634
59658 48 0.8086887001991272
11355 48 0.8085249662399292
87732 28 0.8077042698860168
37238 48 0.8076937794685364
51938 48 0.8074725866317749
11591 48 0.8071883320808411
50955 48 0.8066033720970154
44507 48 0.8064661026000977
93716 48 0.8061139583587646
77007 48 0.8048129677772522
71816 48 0.804750382900238
49347 48 0.8038991689682007
28197 28 0.8038442134857178
79659 48 0.8038250207901001
85969 48 0.8035727739334106
59129 28 0.8034942746162415
30354 28 0.8034474849700928
28296 29 0.803182065486908
48910 48 0.8027040362358093
65649 48 0.8023434281349182
21994 48 0.8023012280464172
1270 48 0.8020326495170593
82788 28 0.801898181438446
49369 48 0.8014897108078003
86669 28 0.8013662099838257
48821 48 0.8012691140174866
29327 48 0.8009665012359619
69724 28 0.8007367849349976
65312 48 0.80051189661026
59120 29 0.8002268671989441
28472 28 0.7999101877212524
50469 48 0.7995336055755615
1938 48 0.7994323372840881
37633 48 0.7988414168357849
37754 48 0.7986713647842407
87634 48 0.7977563738822937
29344 48 0.7976716756820679
77383 28 0.7972951531410217
74280 48 0.7969408631324768
87495 48 0.7962989211082458
30298 28 0.7962128520011902
94822 48 0.7961324453353882
54744 48 0.7957717776298523
31091 28 0.7956894040107727
11213 48 0.7955548763275146
49353 48 0.7951412200927734
65401 48 0.7949303388595581
84247 48 0.7948752045631409
86548 28 0.7946521043777466
22758 24 0.7946046590805054
66227 48 0.7943440675735474
73499 28 0.7942264676094055
11492 48 0.7941543459892273
89200 48 0.7940016388893127
11366 48 0.7939838171005249
7689 48 0.7937787175178528
52439 48 0.793720006942749
33355 28 0.7934793829917908
77882 28 0.7931297421455383
74171 48 0.7928298711776733
29617 48 0.7925310134887695
48924 48 0.7917382121086121
30842 48 0.7915524244308472
27314 28 0.7912495136260986
44232 48 0.790324866771698
10507 48 0.7898576855659485
18555 28 0.7889921069145203
71476 28 0.7889822125434875
8918 28 0.7884473204612732
11318 48 0.7879979014396667
75602 48 0.7873213887214661
7028 28 0.7871483564376831
18755 48 0.7868871688842773
76551 48 0.7863488793373108
59294 48 0.7858487963676453
11470 48 0.785821259021759
70445 48 0.7855374217033386
29687 48 0.7850295305252075
29554 48 0.7849498987197876
61528 48 0.7847574353218079
78541 48 0.7835829257965088
34473 28 0.7833718061447144
38208 48 0.7831886410713196
63595 28 0.782691478729248
50688 28 0.7821586728096008
59819 48 0.7814350128173828
1493 24 0.7811411023139954
51521 48 0.7807739973068237
60516 28 0.7806875109672546
29498 48 0.7806624174118042
84925 48 0.7806106209754944
11816 48 0.7800111174583435
37599 48 0.7799350023269653
36503 48 0.7782263159751892
18509 29 0.778106689453125
56086 29 0.7767910957336426
22411 48 0.7765423655509949
79644 48 0.7764695286750793
37688 48 0.7760980725288391
83895 48 0.7756979465484619
16708 48 0.7753575444221497
6415 48 0.7749688625335693
65723 48 0.7742956280708313
48854 48 0.7738927602767944
50409 48 0.7737892866134644
42453 48 0.7735763788223267
88965 48 0.7735370397567749
15406 48 0.7734498977661133
16432 48 0.7733819484710693
5622 48 0.7730903029441833
22178 48 0.772782564163208
58344 48 0.7724870443344116
15476 48 0.7724357843399048
2689 48 0.772428035736084
22194 48 0.7721772789955139
60635 28 0.7713521122932434
26539 28 0.7712465524673462
18024 8 0.7710502743721008
15468 48 0.7709925770759583
62242 8 0.770817756652832
39533 28 0.7707021236419678
73747 48 0.7702744007110596
76793 48 0.7701871395111084
68825 28 0.7699705958366394
84582 48 0.7699475884437561
70697 48 0.7690299153327942
22339 48 0.7688957452774048
77297 28 0.7688096761703491
76434 48 0.7684829831123352
15411 48 0.767609179019928
25134 28 0.7675395607948303
69080 28 0.767042338848114
50354 28 0.7666721343994141
24463 29 0.7665115594863892
10071 28 0.7664708495140076
11437 48 0.7662519216537476
84402 28 0.7659108638763428
25758 29 0.7658810019493103
11582 48 0.7655574679374695
52369 48 0.7655411958694458
29326 48 0.7652507424354553
28941 28 0.7652100324630737
37444 48 0.764094352722168
47057 24 0.7639087438583374
53449 28 0.7638934254646301
56022 28 0.7638658285140991
37122 48 0.7629808783531189
6143 48 0.7628493905067444
79212 48 0.7625091671943665
78453 48 0.7623630166053772
64966 28 0.7615990042686462
60299 48 0.7615659236907959
94703 48 0.7607828974723816
15473 48 0.7607426047325134
84269 48 0.7604824900627136
37220 28 0.7603563666343689
93813 48 0.7603031396865845
94768 48 0.7599971890449524
50400 48 0.7597337961196899
75028 24 0.759466826915741
83995 48 0.7589175701141357
1988 28 0.7585935592651367
62065 28 0.758077085018158
2099 48 0.757670521736145
84923 48 0.7576618790626526
59828 48 0.7575107216835022
55632 48 0.757213294506073
11676 48 0.7570207715034485
78203 28 0.7567875385284424
21384 29 0.7565374374389648
77635 28 0.7558500170707703
87922 48 0.7556788921356201
26097 28 0.7556255459785461
85949 48 0.7553500533103943
11950 28 0.7548940777778625
22419 48 0.7544629573822021
87261 29 0.7542886734008789
31806 28 0.7533678412437439
79350 29 0.7526166439056396
50927 29 0.7523593306541443
80633 48 0.75210040807724
44276 48 0.7517474293708801
29092 48 0.7515608072280884
29499 48 0.751053512096405
49364 48 0.7509130239486694
19315 48 0.7503629922866821
15612 48 0.7501347661018372
46994 48 0.7497364282608032
11556 48 0.7491337656974792
85295 48 0.748939037322998
93891 28 0.7489348649978638
29512 48 0.7487004995346069
29422 48 0.7481651306152344
79421 48 0.7479778528213501
61547 48 0.7478540539741516
11362 48 0.747560441493988
48050 48 0.7464869618415833
75101 48 0.7464351654052734
49907 48 0.7460159659385681
15412 48 0.7458999156951904
83289 28 0.7456246018409729
15507 48 0.7456027865409851
65264 48 0.7447760105133057
58136 48 0.744374692440033
80519 48 0.7443523406982422
26816 28 0.7439798712730408
16500 28 0.7438238859176636
17209 28 0.743739902973175
29355 48 0.7431827783584595
11818 48 0.742761492729187
22104 48 0.7423840165138245
49877 48 0.7407616376876831
11672 48 0.7405904531478882
49386 48 0.7399351000785828
26149 48 0.7395310997962952
83302 48 0.7394437789916992
5589 48 0.7388288974761963
56174 29 0.7387559413909912
31601 48 0.7386612892150879
52828 48 0.7385344505310059
65423 48 0.7381913065910339
24923 29 0.7381089925765991
84948 48 0.73802250623703
67100 28 0.737852156162262
88209 48 0.7376973032951355
65805 48 0.7364258170127869
75128 48 0.7359992861747742
32650 28 0.7357989549636841
77718 48 0.7356953024864197
2386 48 0.735637903213501
74360 48 0.7349498271942139
36107 28 0.7348423004150391
3496 28 0.7342909574508667
68811 48 0.7337020039558411
65309 48 0.7335500121116638
5390 48 0.7324533462524414
72347 28 0.7323886156082153
55376 8 0.7323044538497925
87060 28 0.7322769165039062
67268 48 0.7322139739990234
50777 48 0.7316774725914001
33700 28 0.7312925457954407
15562 48 0.7308499217033386
63724 29 0.7300402522087097
17573 28 0.7297258377075195
75108 48 0.7296264171600342
36217 28 0.7291936278343201
79821 48 0.729098916053772
30359 29 0.7282599210739136
68579 24 0.7280226945877075
64610 48 0.7275752425193787
93477 48 0.727526843547821
1673 48 0.7270780205726624
11494 48 0.7269258499145508
94779 48 0.726771891117096
11476 48 0.7259842157363892
65361 48 0.7259369492530823
94718 48 0.7257664203643799
28545 48 0.7256863117218018
14007 28 0.7255051136016846
31174 28 0.7248138189315796
25309 28 0.7246638536453247
29684 48 0.7243697643280029
11762 48 0.7240222692489624
74162 48 0.7235562801361084
72440 28 0.7235442399978638
27464 28 0.7233367562294006
54711 48 0.7224766612052917
79596 28 0.7224206924438477
49535 48 0.7222809791564941
78500 48 0.7222530841827393
49227 28 0.7221198081970215
41669 28 0.7221072912216187
79776 48 0.7220062017440796
7798 48 0.7210712432861328
48220 8 0.7210606932640076
65492 48 0.7209709286689758
84331 48 0.72086101770401
80555 48 0.7204306125640869
18593 48 0.7199392914772034
95700 48 0.7199092507362366
26411 28 0.7198193669319153
49316 48 0.7193858027458191
73249 28 0.7193613648414612
48043 48 0.7193543314933777
91858 48 0.7191570997238159
63865 28 0.719117283821106
32320 48 0.7186129093170166
22077 48 0.7185289263725281
60181 48 0.718453586101532
39097 28 0.7179224491119385
11584 48 0.7176424860954285
11156 48 0.7176334261894226
3674 48 0.7174649834632874
32524 28 0.7170659899711609
39784 28 0.7170054912567139
7591 48 0.7169506549835205
2850 28 0.716113805770874
16590 48 0.715853214263916
59177 28 0.7155607342720032
50496 48 0.7154349684715271
61200 28 0.7145916819572449
60250 48 0.7145159840583801
11427 48 0.7140987515449524
50102 28 0.7140823006629944
57640 48 0.7138718366622925
55715 48 0.7136883735656738
66331 48 0.7135156989097595
87116 28 0.7133936882019043
15397 48 0.7131777405738831
19102 1 0.7130559682846069
17406 28 0.7126444578170776
15574 48 0.7124493718147278
19728 29 0.7122714519500732
69455 28 0.7121295928955078
17950 8 0.7117123603820801
65441 48 0.711407482624054
11408 48 0.7113548517227173
2707 24 0.7113135457038879
84966 48 0.7107624411582947
52911 29 0.7102368474006653
85013 48 0.7096043229103088
29679 48 0.7092570066452026
67375 48 0.7091564536094666
72782 28 0.7090710401535034
62606 28 0.7086852192878723
49105 48 0.7085548043251038
90838 48 0.708390474319458
61523 48 0.7070551514625549
64037 28 0.7068479657173157
11239 48 0.7063893675804138
62605 28 0.7063069343566895
62865 48 0.7061891555786133
30190 48 0.7052165269851685
11516 48 0.7052142024040222
82862 28 0.7048882246017456
77020 48 0.7045650482177734
65515 28 0.7042316198348999
42652 48 0.7033173441886902
15578 48 0.7032520174980164
79436 48 0.7028727531433105
65826 48 0.7025577425956726
21527 8 0.702023446559906
71181 8 0.7020034193992615
10238 28 0.7019824981689453
84283 48 0.7019375562667847
6205 48 0.7018532156944275
11737 48 0.7016485929489136
62821 48 0.7015016674995422
77155 48 0.7013399004936218
37265 48 0.701312780380249
65476 48 0.7012478113174438
22193 48 0.7011775374412537
84829 48 0.6995126605033875
90251 48 0.6995112895965576
39964 28 0.6991391777992249
20675 28 0.6989033222198486
67150 28 0.6988846659660339
29461 48 0.6987205147743225
49372 48 0.6981773376464844
95572 28 0.6981146335601807
26032 8 0.6980898976325989
11485 48 0.6978322267532349
39471 28 0.6978145241737366
11552 48 0.6972360610961914
65997 48 0.6970599889755249
34555 28 0.6968458294868469
38180 48 0.6967782974243164
55038 28 0.6967148184776306
11533 48 0.6966937780380249
15609 48 0.6966937184333801
2427 48 0.6964502930641174
69696 28 0.6963824033737183
79841 48 0.6961632966995239
16709 48 0.6960219144821167
12561 28 0.6958611011505127
51771 28 0.69577556848526
68305 48 0.6946390867233276
18797 48 0.6945002675056458
68022 28 0.6944517493247986
46075 28 0.6944154500961304
15881 36 0.6942582726478577
47062 48 0.6938841938972473
87129 48 0.6937826871871948
48036 48 0.6937087774276733
51934 48 0.6933990120887756
75323 48 0.6930970549583435
22087 48 0.6929476857185364
20859 48 0.6927916407585144
1640 48 0.6923840641975403
75253 48 0.6918990612030029
22028 48 0.6918551325798035
79770 48 0.6918517351150513
64615 48 0.6907305121421814
28524 48 0.6906175017356873
50724 28 0.6899717450141907
85569 48 0.6887311339378357
42444 48 0.6884956955909729
81040 48 0.6882925629615784
49402 48 0.6882474422454834
59391 48 0.6881551742553711
90188 24 0.6881505250930786
11712 48 0.6881139278411865
30363 29 0.6871456503868103
57588 8 0.6870064735412598
52474 36 0.6866949796676636
11593 48 0.6863744854927063
40905 28 0.6862925291061401
65921 48 0.6862213015556335
2628 48 0.6855834126472473
64114 28 0.6853399872779846
31704 36 0.6847755908966064
75512 48 0.6840981841087341
7698 48 0.6840821504592896
73861 48 0.6838356256484985
64106 29 0.683387815952301
32549 29 0.6831406950950623
50098 28 0.6830807328224182
11601 48 0.6828122735023499
37534 48 0.6827458143234253
29465 48 0.6825096607208252
29646 48 0.6824436187744141
31531 48 0.6823962926864624
71766 48 0.6819552183151245
57344 28 0.6818100810050964
22065 48 0.6817393898963928
71820 48 0.6814406514167786
12399 48 0.680388867855072
36957 48 0.680173933506012
48083 48 0.6801564693450928
84291 48 0.6798040270805359
59986 8 0.6795547008514404
38633 48 0.6795544624328613
11786 48 0.6795386075973511
48031 48 0.6794571876525879
29474 48 0.6794217228889465
62794 48 0.6792150735855103
61194 48 0.6784543395042419
8980 48 0.6782921552658081
11648 48 0.6774540543556213
94782 48 0.6773607730865479
38564 48 0.6762682795524597
29821 29 0.6761485934257507
64546 48 0.6759817004203796
59275 48 0.6751086115837097
52802 28 0.6745355129241943
63253 28 0.6740400195121765
65410 48 0.6738201379776001
60903 48 0.6735589504241943
56621 29 0.6734516620635986
76962 48 0.6734095811843872
48019 48 0.6733455061912537
62238 8 0.6732085943222046
30263 28 0.6729269027709961
54748 48 0.6728419661521912
7421 28 0.672600507736206
75537 48 0.6722346544265747
44226 48 0.6722232103347778
64544 24 0.6719155311584473
6520 28 0.6715111136436462
11333 48 0.67115718126297
11624 48 0.6709258556365967
32990 28 0.6708961129188538
78631 48 0.6707367897033691
16473 48 0.6706146597862244
59649 48 0.6706063151359558
62829 48 0.6705946326255798
54530 28 0.6704359650611877
14683 48 0.6703723073005676
20693 28 0.670360803604126
55250 48 0.6703495383262634
69973 29 0.6702642440795898
16258 28 0.6694806218147278
37176 48 0.6694528460502625
29699 48 0.6692501306533813
19244 28 0.6690904498100281
57443 8 0.6687597036361694
35860 28 0.6686651110649109
11856 28 0.6685876846313477
66011 48 0.6681850552558899
22401 48 0.6680312156677246
41332 48 0.6678777933120728
66625 48 0.6674021482467651
11281 48 0.6667026877403259
38205 48 0.6667025089263916
37715 48 0.6663917303085327
30375 29 0.6663482189178467
19627 28 0.6663434505462646
58113 28 0.6663048267364502
15580 48 0.6662238240242004
72623 28 0.6658555865287781
12528 28 0.6658345460891724
44915 28 0.6658039093017578
37458 48 0.6655197143554688
46741 6 0.6654764413833618
79765 48 0.6654079556465149
1785 48 0.665406346321106
23877 28 0.6650769114494324
62080 28 0.664516270160675
88136 8 0.6640024781227112
59868 48 0.6638852953910828
33358 36 0.6637598872184753
36952 48 0.6634415984153748
534 28 0.6634373068809509
38374 48 0.6634005308151245
30855 48 0.6633687019348145
87044 48 0.6632638573646545
69447 8 0.6632251739501953
47607 28 0.6630350351333618
11342 48 0.6629568934440613
84522 48 0.6627201437950134
70072 8 0.6626383662223816
44501 48 0.6626219749450684
86506 48 0.6625569462776184
75437 48 0.6622507572174072
79339 28 0.6620413661003113
22956 29 0.6619945168495178
48274 28 0.6619634032249451
30867 48 0.6619488000869751
29532 48 0.6616491079330444
87110 28 0.6615673899650574
1711 48 0.66114342212677
29089 48 0.6605551838874817
85208 29 0.6605383157730103
93599 48 0.6601587533950806
58338 48 0.6600013971328735
38588 48 0.6594353318214417
58118 48 0.6594234108924866
36931 48 0.6587387323379517
49414 48 0.6586353182792664
89267 48 0.6583390235900879
44274 48 0.6582380533218384
18891 8 0.6577509045600891
28445 8 0.657601535320282
69087 48 0.6575771570205688
67224 8 0.6575441956520081
61585 28 0.6570552587509155
15532 48 0.6570337414741516
30358 28 0.6569090485572815
50788 48 0.6567289233207703
81202 48 0.6565239429473877
37354 48 0.6565120220184326
42027 28 0.6564610004425049
25951 48 0.6561532020568848
4485 28 0.6561075448989868
90131 48 0.6559193730354309
65473 48 0.6555831432342529
31094 48 0.6554948091506958
76414 48 0.6553534269332886
29348 48 0.6548163890838623
11319 48 0.6544123888015747
49934 48 0.6539943218231201
15520 48 0.6538742184638977
21571 28 0.6538524031639099
62355 48 0.6535178422927856
12059 48 0.6532845497131348
52482 48 0.6529146432876587
39764 28 0.6529123187065125
70080 48 0.6525959968566895
57639 48 0.6524673700332642
31664 48 0.6515127420425415
29597 48 0.6511058807373047
37453 48 0.6509987711906433
64542 48 0.6509920358657837
65439 48 0.6506885886192322
38566 48 0.6503483057022095
10534 48 0.6503362059593201
48812 48 0.6497451066970825
84289 48 0.6497004628181458
37457 48 0.6492281556129456
14506 28 0.6491027474403381
26009 48 0.6490598917007446
83927 48 0.648800790309906
66273 48 0.6483480930328369
6365 48 0.6482406854629517
29807 28 0.6481381058692932
49908 48 0.6469078660011292
38612 48 0.6465680003166199
36557 28 0.646291196346283
84259 48 0.6460587382316589
65299 48 0.6460190415382385
8736 29 0.6456928253173828
75256 48 0.6454364657402039
89391 48 0.6454294919967651
33887 48 0.6452206373214722
37524 48 0.6451489329338074
31021 48 0.645079493522644
78389 28 0.6449362635612488
48816 48 0.6445016264915466
92084 48 0.6444911956787109
65482 48 0.6443815231323242
30307 28 0.644296407699585
77040 48 0.6441969871520996
11651 48 0.6435533165931702
51598 36 0.643520176410675
11526 48 0.6432953476905823
9026 48 0.6431825160980225
27117 8 0.6431379914283752
65449 48 0.6427630186080933
55536 48 0.6421399712562561
67905 28 0.6421381831169128
83691 48 0.6419902443885803
16134 1 0.6419599652290344
54099 48 0.6419046521186829
65374 48 0.6415902972221375
85017 48 0.6413504481315613
55889 48 0.6413239240646362
29325 48 0.6412493586540222
59221 48 0.6410965323448181
77032 48 0.6400303840637207
95275 48 0.6392707228660583
30865 48 0.6392326354980469
49957 48 0.6391050815582275
84877 48 0.6389647722244263
58629 48 0.6388803720474243
54983 28 0.6388220191001892
11612 48 0.6386149525642395
58047 48 0.6384581327438354
22413 48 0.6379573941230774
26 48 0.6376763582229614
8585 28 0.6376182436943054
79678 48 0.6375462412834167
68608 8 0.6373370289802551
94701 1 0.6370817422866821
31765 48 0.6369225382804871
59575 48 0.6368027925491333
67089 48 0.6367188096046448
3083 48 0.6366584897041321
67029 48 0.6365085244178772
68663 29 0.6364933848381042
58387 48 0.636311411857605
49879 48 0.6360657215118408
74274 48 0.6351884007453918
26404 8 0.6349568367004395
24229 48 0.6346483826637268
66683 48 0.6345511674880981
17002 48 0.6343207955360413
22286 48 0.633979320526123
81312 48 0.6338412761688232
52841 48 0.6337594389915466
11510 48 0.6335265636444092
29370 48 0.6329410672187805
71634 48 0.6328302621841431
32855 8 0.632637083530426
10180 48 0.6322271823883057
60910 28 0.6319778561592102
37443 48 0.6318262219429016
37045 48 0.6317765116691589
27713 28 0.6309852004051208
16942 48 0.6308437585830688
61402 48 0.630746066570282
94712 48 0.6304706931114197
59382 48 0.630127489566803
7082 28 0.6296868324279785
16586 28 0.6296067237854004
27764 29 0.6293566226959229
72434 28 0.6292678713798523
62820 48 0.6292521357536316
11448 48 0.6285915970802307
15483 48 0.6278176307678223
68682 8 0.6276745796203613
33735 28 0.6272884011268616
14504 28 0.6272189021110535
49416 48 0.6271408200263977
87096 28 0.6270514130592346
36674 29 0.6269890069961548
41359 29 0.6267823576927185
66622 48 0.6267040967941284
10408 48 0.6265470385551453
21438 28 0.6263779401779175
11383 48 0.6263465285301208
94200 48 0.6262748837471008
66324 48 0.6255919337272644
46659 28 0.6253483891487122
62913 48 0.625247597694397
75133 48 0.624847948551178
93836 48 0.6248070597648621
94707 48 0.6246303915977478
75461 48 0.6243945360183716
11207 48 0.6243922114372253
67043 6 0.624322235584259
11642 48 0.6239988803863525
75316 48 0.6228898763656616
11671 48 0.6227810382843018
52814 48 0.6225568652153015
65167 29 0.6225398778915405
86763 48 0.6223054528236389
71653 48 0.6222861409187317
13406 36 0.622018575668335
95125 48 0.6218422055244446
59839 48 0.6218289732933044
84506 48 0.6217027306556702
54802 48 0.6215565204620361
12125 8 0.6214268207550049
11445 48 0.6210746169090271
67581 29 0.6210421323776245
87150 28 0.6207395792007446
95402 48 0.6200112104415894
37531 48 0.6190255880355835
65910 48 0.6188380718231201
11325 48 0.6186463832855225
58248 28 0.6185632944107056
75134 48 0.6185622215270996
25983 28 0.6182417273521423
36353 8 0.6177970170974731
4205 28 0.6176779270172119
7032 36 0.6176778674125671
76871 48 0.6173195838928223
96533 48 0.6172186732292175
26027 29 0.617199182510376
528 1 0.6171037554740906
15606 48 0.6170982122421265
51700 8 0.616801917552948
57796 28 0.6167411208152771
15469 48 0.6165808439254761
28462 48 0.6165577173233032
29409 48 0.6163133978843689
79450 48 0.6162871718406677
2668 48 0.6157018542289734
76862 48 0.6155468821525574
29393 48 0.6151542067527771
52382 48 0.6146402955055237
38676 28 0.6145648956298828
34401 29 0.6145569682121277
48859 48 0.6145546436309814
83309 28 0.614443838596344
1618 8 0.6143112778663635
65136 48 0.6141610741615295
41298 28 0.613828182220459
37001 48 0.6137809753417969
50189 48 0.6137036681175232
76118 28 0.6135398745536804
53322 48 0.6134777069091797
38116 48 0.6133677959442139
62850 48 0.6132023334503174
15435 48 0.6127854585647583
75124 48 0.6125062704086304
79887 29 0.6122429966926575
71552 48 0.6120973229408264
62276 8 0.611422061920166
73923 29 0.6113808155059814
62806 48 0.6112735867500305
64958 29 0.6109795570373535
27355 28 0.6107763648033142
6052 48 0.6106752753257751
29647 48 0.6102631092071533
66592 48 0.6100243330001831
68179 8 0.6100112199783325
59363 49 0.6098846793174744
21447 28 0.6095873117446899
94783 48 0.6092231273651123
69201 8 0.6089217662811279
39869 48 0.608867347240448
39537 29 0.6087960600852966
50822 48 0.6087349653244019
38350 48 0.608721137046814
65962 48 0.6085735559463501
80699 48 0.6078826785087585
39863 48 0.6077924966812134
15617 48 0.6075431108474731
36979 48 0.6074751019477844
41594 29 0.6072379946708679
58223 48 0.6071389317512512
28833 28 0.6069287657737732
33181 28 0.606871485710144
54798 48 0.606867790222168
86375 48 0.6068612337112427
65425 48 0.6067864298820496
70069 28 0.6064735054969788
13899 48 0.6060130596160889
68093 8 0.6059859395027161
26972 28 0.6056527495384216
8199 48 0.6056174039840698
36202 6 0.6054897904396057
6335 48 0.6054204702377319
37433 48 0.6053788065910339
11684 48 0.6051861643791199
37733 48 0.6050918698310852
9362 48 0.604617714881897
75136 48 0.6045498251914978
39555 23 0.6043022274971008
25391 48 0.604193389415741
51701 8 0.6039144396781921
22352 48 0.6035668253898621
34542 1 0.6032524704933167
3424 48 0.6031709909439087
11350 48 0.6031208038330078
95292 48 0.6030753254890442
2370 48 0.6030676364898682
45793 48 0.60291588306427
38177 48 0.6028188467025757
50446 48 0.6027560830116272
76495 48 0.6027286648750305
37154 48 0.6026220321655273
66411 48 0.6025026440620422
89241 48 0.6021043658256531
65486 48 0.6019841432571411
80388 48 0.6018482446670532
83707 28 0.6014542579650879
7660 48 0.6008713245391846
74378 48 0.6006894111633301
48317 8 0.6003013849258423
69232 6 0.6000221371650696
29896 8 0.5999962091445923
29196 28 0.599766194820404
51194 28 0.5997189283370972
37019 48 0.5994198322296143
75839 8 0.5994161367416382
3967 48 0.5988893508911133
84848 28 0.5987483859062195
80612 48 0.5987095236778259
76745 28 0.5983834862709045
22356 48 0.5981934666633606
91856 28 0.5981866121292114
71772 28 0.5981780886650085
66378 48 0.5981543064117432
11820 48 0.5980227589607239
7017 48 0.5973469018936157
11561 48 0.5972207188606262
22322 48 0.596887469291687
32383 28 0.5961883068084717
34464 29 0.5960971117019653
18286 28 0.5959588289260864
43925 8 0.5957929491996765
77022 48 0.5957612991333008
11858 28 0.5950455069541931
83812 48 0.5949711203575134
7031 36 0.5944554209709167
19028 29 0.5938540101051331
2333 48 0.5935977697372437
96130 28 0.5927907228469849
82473 29 0.5926153063774109
8275 48 0.5925607681274414
71993 29 0.5923592448234558
87946 28 0.5921106934547424
17268 28 0.5916401147842407
89620 48 0.5915215015411377
66431 48 0.5912232398986816
71625 48 0.5910263061523438
47121 8 0.5908036828041077
65483 48 0.5907492637634277
68322 48 0.5907145738601685
66652 48 0.5907082557678223
1839 28 0.590655505657196
37532 48 0.5904874801635742
31220 48 0.5904477834701538
44686 48 0.5903435349464417
11327 48 0.5900819301605225
28994 8 0.5900099277496338
53826 48 0.5893244743347168
66539 48 0.5893166065216064
26225 28 0.5889549255371094
25373 8 0.588904082775116
15445 48 0.588671088218689
75336 48 0.5886605381965637
66624 48 0.5884045958518982
15446 48 0.5882039070129395
82594 48 0.5878971815109253
27071 28 0.5878518223762512
38254 48 0.5867739915847778
71736 49 0.586741030216217
24327 28 0.5866788029670715
11632 48 0.5860127210617065
67775 6 0.5856611728668213
54549 29 0.5852051973342896
45665 8 0.585074245929718
29199 28 0.5841749310493469
71539 28 0.583965539932251
1738 48 0.5836979746818542
38366 48 0.5836793184280396
59867 48 0.5835043787956238
42421 48 0.5834492444992065
65260 48 0.5832836627960205
16979 28 0.5830100178718567
60033 6 0.5830003023147583
44237 48 0.5828135013580322
29694 48 0.582809567451477
55069 8 0.5825641751289368
93927 48 0.5825596451759338
37125 48 0.582538366317749
36574 28 0.5819430351257324
17473 28 0.5816864371299744
71192 48 0.5814160704612732
54704 48 0.5808297395706177
34121 6 0.5807018876075745
77346 48 0.5803098678588867
61570 28 0.5802750587463379
37191 48 0.5800265669822693
93018 8 0.5795822143554688
50831 48 0.5794680714607239
11504 48 0.5793378949165344
14176 48 0.5792669057846069
87631 48 0.5791544318199158
49415 48 0.5790748000144958
30083 28 0.5790194272994995
35071 28 0.5788843035697937
61142 48 0.5788521766662598
90648 28 0.5785496830940247
66174 48 0.5780709385871887
58034 48 0.5778325796127319
47997 48 0.5774763226509094
35765 48 0.577384352684021
17136 48 0.5772474408149719
80767 8 0.5771770477294922
28776 48 0.5770652294158936
65339 48 0.5770242810249329
82449 8 0.5765200853347778
58115 28 0.5764710307121277
81203 48 0.5764110684394836
15528 48 0.576337993144989
25723 28 0.5763331055641174
65971 48 0.5761318802833557
94673 48 0.5758991837501526
1316 48 0.5757906436920166
89597 48 0.5755773782730103
8396 48 0.5755513906478882
15530 48 0.5754119753837585
16294 48 0.5753582715988159
70862 8 0.5753328204154968
27380 48 0.5749443173408508
80750 48 0.5747947096824646
79693 28 0.5738056898117065
62931 48 0.5737272500991821
37654 48 0.5734202265739441
12398 48 0.5733304619789124
22061 48 0.5731505751609802
38600 48 0.5730224251747131
84928 48 0.5729897022247314
65444 48 0.5728328824043274
49002 28 0.5726460218429565
60801 48 0.5722852349281311
15495 48 0.5721632838249207
77347 8 0.5721555352210999
29335 48 0.5721027255058289
31018 48 0.5716720223426819
65024 48 0.5714994072914124
8969 48 0.5713179111480713
32169 48 0.5709044337272644
21825 28 0.5707991123199463
27019 8 0.5703210234642029
11607 48 0.5700481534004211
49101 48 0.569837212562561
85880 48 0.5697275996208191
49155 48 0.5696756839752197
87717 29 0.5695338845252991
10794 48 0.5693714618682861
27390 48 0.569058895111084
23839 28 0.5685014724731445
11225 48 0.5684347152709961
49884 48 0.5684100389480591
10737 48 0.568207859992981
48566 36 0.5681576728820801
16599 48 0.5679165720939636
76478 48 0.5674487948417664
84991 48 0.5674086213111877
60551 28 0.5673366785049438
24173 48 0.5672937035560608
52032 48 0.567287802696228
87130 48 0.5671927332878113
11758 48 0.567160964012146
38510 8 0.567145586013794
15436 48 0.5669393539428711
22217 48 0.5666781663894653
75580 49 0.5666486620903015
69524 28 0.5664666891098022
68525 28 0.5660539269447327
36827 28 0.5660290122032166
1866 28 0.565997838973999
3857 28 0.5659891366958618
37445 48 0.5655614733695984
11627 48 0.5651437640190125
69536 8 0.5648765563964844
33228 8 0.5646771192550659
64381 24 0.5643879175186157
27676 8 0.5643861889839172
13507 28 0.5643860101699829
2658 48 0.5643526911735535
75068 28 0.5641408562660217
7977 28 0.5641028881072998
17004 28 0.5640390515327454
76886 48 0.5639030933380127
48916 48 0.5635202527046204
56289 48 0.563463032245636
3799 28 0.5630421042442322
75628 48 0.5630056858062744
76521 48 0.5629478693008423
66611 48 0.5629277229309082
860 48 0.5625529289245605
21969 48 0.5621721744537354
5731 28 0.5618076324462891
80512 48 0.5616206526756287
29287 28 0.5615462064743042
68309 48 0.5615141987800598
17184 28 0.5613380074501038
63407 48 0.5610730648040771
8286 48 0.5610679984092712
21972 48 0.5609992742538452
48057 48 0.5608994960784912
61156 48 0.5608908534049988
76110 8 0.5608855485916138
41864 29 0.5605835318565369
37224 48 0.5603132843971252
55081 28 0.560164213180542
76308 48 0.5600290298461914
47995 48 0.5599033236503601
84459 48 0.559897243976593
37393 48 0.55986088514328
68432 48 0.5596863031387329
37397 48 0.5596814155578613
48090 48 0.559466540813446
77652 8 0.559028685092926
30986 28 0.5588660836219788
86101 48 0.5577558875083923
93506 48 0.5577226281166077
75118 48 0.5576104521751404
3290 48 0.5574607253074646
61922 29 0.5569919347763062
65448 48 0.556572675704956
17824 28 0.5565210580825806
49328 48 0.5563972592353821
49533 48 0.5563061833381653
54163 48 0.5561273694038391
65392 48 0.5559259653091431
77645 28 0.5559019446372986
62961 48 0.5558438301086426
12410 48 0.5557568073272705
65165 28 0.5557249784469604
21331 28 0.5555853247642517
21996 48 0.5555684566497803
75093 48 0.5554274916648865
38188 48 0.5550312995910645
37164 48 0.5549601912498474
76138 29 0.5549131631851196
77023 48 0.5549101233482361
84970 48 0.5548115372657776
30338 29 0.5545607805252075
15607 48 0.5542810559272766
78545 48 0.5536518692970276
57257 8 0.5535910129547119
74013 8 0.552903413772583
51208 1 0.5528897643089294
11302 48 0.5527649521827698
28046 36 0.5522777438163757
83329 28 0.5520762205123901
52946 28 0.551898181438446
11748 48 0.5518338680267334
68301 48 0.5516290068626404
13921 28 0.5512473583221436
22577 1 0.5512038469314575
65487 48 0.551086962223053
87163 29 0.5508137345314026
93350 48 0.5507073402404785
51635 48 0.5506260991096497
86374 48 0.5505510568618774
29337 48 0.5502955913543701
38759 29 0.550037145614624
53345 48 0.5496900081634521
41865 29 0.5494318008422852
37410 48 0.5491198301315308
52588 48 0.5488495230674744
44214 48 0.5480149388313293
65835 48 0.5479803085327148
22130 48 0.5478324890136719
29473 48 0.5477948188781738
15464 48 0.5473671555519104
75497 48 0.5472151637077332
54215 48 0.5469906330108643
50013 48 0.5469855666160583
61317 48 0.5465409159660339
34599 28 0.5464116334915161
84572 48 0.546086311340332
15453 48 0.5458351969718933
62804 48 0.545606255531311
29580 48 0.5456053018569946
31051 48 0.5455809831619263
78561 48 0.5455763936042786
54841 28 0.5452983379364014
48162 48 0.5452811121940613
37141 24 0.5451032519340515
11707 48 0.5447689294815063
11267 48 0.5446492433547974
80640 28 0.5444737076759338
37304 48 0.5440589189529419
6828 48 0.5437880158424377
86346 29 0.543750524520874
46411 28 0.5437284111976624
37357 48 0.5436244010925293
2546 48 0.5435869097709656
30956 48 0.5433798432350159
59526 48 0.5432981848716736
11576 48 0.5431036949157715
13067 48 0.5430048704147339
85007 48 0.5429255962371826
1234 28 0.5428372025489807
76760 48 0.5420937538146973
76905 48 0.5419004559516907
21166 36 0.5418161153793335
51927 48 0.541466474533081
30844 48 0.5412679314613342
51519 48 0.5410494804382324
10385 29 0.541037380695343
65340 48 0.5405325889587402
77030 48 0.5404524803161621
63053 48 0.5401701331138611
58429 48 0.5401228070259094
12401 48 0.539943277835846
22818 28 0.5399357676506042
74243 48 0.5394321084022522
52886 48 0.5393489003181458
48932 48 0.5389476418495178
26093 28 0.5387083888053894
61354 28 0.5386013984680176
52195 48 0.5385217070579529
53676 8 0.5385190844535828
58193 48 0.5383549332618713
22420 48 0.538343608379364
11277 48 0.538201630115509
11783 48 0.5381824374198914
83533 28 0.5381534695625305
33077 36 0.5379526019096375
30861 48 0.5378792881965637
81170 48 0.5377903580665588
26439 29 0.5376079082489014
37598 48 0.5374436378479004
51900 48 0.5373467206954956
6942 8 0.5372564792633057
5366 28 0.537009596824646
29604 48 0.5370090007781982
13998 29 0.5368213653564453
30981 48 0.5364074110984802
29427 48 0.5362598896026611
62765 48 0.5362123250961304
11670 48 0.5360624194145203
76693 28 0.5357017517089844
23891 48 0.5356842875480652
5908 48 0.5356032252311707
11589 48 0.5355081558227539
6531 28 0.5352827310562134
72079 8 0.5350838303565979
75500 48 0.5347384214401245
59298 48 0.534555971622467
59817 48 0.5342705249786377
74661 29 0.5342085361480713
70609 8 0.5338695645332336
11740 48 0.5335225462913513
37718 48 0.5334702730178833
58361 48 0.5334022641181946
41160 28 0.5333660840988159
11657 48 0.5332474708557129
54804 48 0.5324999690055847
11452 48 0.5323421955108643
29023 29 0.5320532321929932
8672 28 0.5317416787147522
6822 28 0.5310778021812439
75658 48 0.5310036540031433
79739 48 0.5309958457946777
37033 48 0.5305212736129761
51728 29 0.5303840041160583
56685 28 0.5302835702896118
2591 48 0.5301847457885742
91991 48 0.5299860239028931
11563 48 0.5298839211463928
51274 8 0.5298766493797302
28575 8 0.5297867059707642
62281 29 0.5297038555145264
66674 48 0.5294311046600342
54173 48 0.5291168689727783
33052 36 0.5290325880050659
75115 48 0.5289554595947266
74092 8 0.5287697315216064
18344 36 0.5285550355911255
52207 48 0.5282763838768005
55735 48 0.5279349088668823
34629 8 0.5275606513023376
83552 28 0.5271376967430115
32485 8 0.527134120464325
52825 48 0.5268155336380005
80417 29 0.5266969203948975
54756 48 0.5266250371932983
4809 48 0.5260911583900452
57601 28 0.5253677368164062
58788 28 0.5247483253479004
75649 48 0.5245239734649658
79636 48 0.5243831872940063
30352 28 0.5242153406143188
84794 28 0.5240336656570435
16086 8 0.5240128636360168
58450 48 0.5234014391899109
87630 48 0.523161768913269
84395 28 0.5230589509010315
76540 48 0.5227220058441162
31137 8 0.5226179957389832
2504 48 0.5223849415779114
37152 48 0.5222551822662354
30518 28 0.5220624804496765
47381 48 0.5220577120780945
30103 48 0.521969735622406
41873 36 0.5217865705490112
71499 28 0.5217424631118774
29078 28 0.521670937538147
45668 28 0.5215865969657898
11663 48 0.521562397480011
19219 8 0.5213524699211121
33041 36 0.5212766528129578
73225 36 0.5210092663764954
66301 48 0.5207576751708984
48889 48 0.5206247568130493
75127 48 0.5205166339874268
54568 48 0.5205143094062805
3864 48 0.5203978419303894
36885 28 0.5203890204429626
2589 48 0.5201862454414368
48088 48 0.5199875235557556
21461 28 0.5199459195137024
34420 29 0.5197511911392212
71824 48 0.5195401906967163
69341 28 0.519156813621521
80527 48 0.519018828868866
29869 48 0.518807590007782
13564 28 0.5184659957885742
24547 28 0.5183975696563721
75653 48 0.518221914768219
55187 28 0.5178980827331543
81086 36 0.5172713398933411
10419 48 0.5170825719833374
22949 1 0.5169218182563782
65457 48 0.5168322920799255
15444 48 0.5167575478553772
87596 48 0.516696035861969
52783 28 0.5166546702384949
22889 48 0.5165863037109375
37553 29 0.5164270997047424
23808 28 0.5164072513580322
86770 48 0.5162800550460815
1399 28 0.5162121057510376
67776 8 0.5162098407745361
44504 48 0.5161709189414978
29030 36 0.5161676406860352
29436 48 0.5158075094223022
37023 48 0.5155990719795227
79683 48 0.5149509310722351
30795 48 0.5148632526397705
37077 48 0.5147877931594849
48891 48 0.5144495964050293
22732 29 0.5143568515777588
15624 48 0.5140158534049988
70961 1 0.5139566659927368
74563 8 0.5137880444526672
27266 28 0.5136283040046692
22029 48 0.5135975480079651
66310 48 0.5133615732192993
78457 48 0.5132034420967102
60307 48 0.5130981802940369
79560 28 0.5130300521850586
64567 48 0.5126368403434753
32700 28 0.5123574137687683
75421 48 0.5123078227043152
29406 48 0.5122054815292358
81645 8 0.5120735168457031
63256 8 0.5120359659194946
74269 48 0.5117684602737427
62466 8 0.5116906762123108
72678 28 0.5116440057754517
41620 29 0.5115886330604553
62331 48 0.5114424228668213
22324 48 0.5114227533340454
19929 28 0.5112949013710022
48877 48 0.511259913444519
6304 48 0.5109384059906006
11659 48 0.5105459690093994
52889 48 0.5103005766868591
68306 48 0.5102577805519104
32326 48 0.5099779963493347
51382 8 0.5099513530731201
7007 48 0.5097805261611938
94702 48 0.5097010731697083
24760 1 0.5093502402305603
81200 48 0.5093016028404236
52374 48 0.5090264081954956
12532 28 0.5090094208717346
37533 48 0.5086920857429504
30650 8 0.50863116979599
79422 48 0.5085758566856384
37115 48 0.5084332227706909
74487 8 0.5082758069038391
58655 6 0.5082674622535706
83610 8 0.5082307457923889
4902 8 0.5078422427177429
77034 48 0.5076085925102234
49403 48 0.5075424909591675
36876 28 0.50751793384552
56261 48 0.5073543190956116
66650 48 0.5072968602180481
54816 48 0.5072914958000183
11719 48 0.5072013735771179
91883 48 0.5071162581443787
76565 48 0.5070249438285828
66626 48 0.5069295167922974
26045 48 0.5064850449562073
50855 48 0.5061687231063843
77017 48 0.5061431527137756
11549 48 0.5059744715690613
46775 8 0.5058450698852539
12610 8 0.5057219862937927
22345 48 0.5055118799209595
63753 28 0.5053725242614746
32779 1 0.5049743056297302
69174 29 0.5049223899841309
49282 28 0.5045552849769592
11323 48 0.5044929385185242
75636 48 0.5044229030609131
17971 8 0.5043368339538574
64515 48 0.5041671991348267
75652 48 0.5041652917861938
76933 48 0.5041493773460388
25019 28 0.5040832161903381
15883 8 0.5038734078407288
34760 28 0.5036259889602661
38503 48 0.5023859143257141
22377 48 0.5022651553153992
21505 8 0.5019379258155823
19294 48 0.5018764734268188
62260 28 0.5017571449279785
92300 48 0.5017465353012085
11419 48 0.501742959022522
17528 28 0.5016615986824036
11713 48 0.501563310623169
78787 48 0.5012081265449524
79760 48 0.5011974573135376
78562 48 0.5009520053863525
37078 48 0.5008207559585571
11795 48 0.5006014704704285
79382 8 0.5005687475204468
84123 24 0.5004569888114929
50854 48 0.4998863637447357
10421 48 0.4998723566532135
38590 48 0.4998433589935303
80702 48 0.4996172785758972
36964 48 0.4995741844177246
6325 48 0.4994729459285736
49899 48 0.49935561418533325
55338 48 0.4993320107460022
36299 28 0.49911749362945557
14147 28 0.49899160861968994
59529 48 0.4989088177680969
75822 28 0.49870458245277405
72554 28 0.4985212981700897
30993 48 0.4983282685279846
55077 36 0.4979865849018097
46687 28 0.4972868263721466
66971 48 0.49728304147720337
39323 48 0.4971463084220886
46379 28 0.49679893255233765
47141 28 0.496666818857193
77244 28 0.49645963311195374
67097 8 0.4960736930370331
86386 24 0.4958195388317108
5553 48 0.49581220746040344
20672 28 0.4953804016113281
51749 28 0.49531614780426025
5385 48 0.4950140416622162
19711 8 0.494991272687912
19698 8 0.49495914578437805
86638 28 0.4947676956653595
34380 48 0.49461600184440613
22939 48 0.49434682726860046
4089 28 0.4938843548297882
67130 48 0.4935953617095947
68499 8 0.4934116005897522
15954 28 0.4933134615421295
34422 29 0.4928273856639862
62711 48 0.4924686849117279
62220 36 0.4924558997154236
28385 36 0.49236977100372314
72406 28 0.4922545850276947
27469 8 0.49223563075065613
76646 8 0.4918324649333954
37515 48 0.491618812084198
36368 28 0.49123615026474
18351 36 0.49116602540016174
37927 48 0.4906919300556183
29226 8 0.49038344621658325
79715 48 0.49018096923828125
33744 8 0.4898141324520111
60594 29 0.4897073805332184
2305 36 0.4897002875804901
20470 28 0.48952093720436096
19066 8 0.4893403649330139
58130 48 0.4893363118171692
75451 48 0.4889758825302124
41606 29 0.4887717664241791
91340 28 0.4881303608417511
42171 29 0.4878912568092346
81415 28 0.4877606928348541
66992 8 0.4875158965587616
53674 48 0.48702430725097656
63613 8 0.486882746219635
30991 48 0.48670703172683716
74254 48 0.4864431619644165
59414 48 0.4861070215702057
70002 8 0.48605790734291077
79463 48 0.4859007000923157
59333 48 0.48579686880111694
138 8 0.4848998785018921
60199 48 0.48437607288360596
30915 48 0.4842411279678345
29819 8 0.4841204583644867
24763 8 0.4840085208415985
20518 8 0.4835733473300934
71586 48 0.48352375626564026
74425 36 0.48351359367370605
64981 8 0.4834447205066681
69631 49 0.48302504420280457
18280 36 0.48252537846565247
38471 8 0.48199155926704407
74569 36 0.48169779777526855
26166 29 0.4814207851886749
67505 8 0.481251984834671
79822 48 0.48086312413215637
32576 8 0.48075535893440247
20041 8 0.480631023645401
66990 8 0.48046645522117615
49009 29 0.48042821884155273
55134 8 0.48017609119415283
57442 8 0.4801485538482666
37207 48 0.48005741834640503
75600 48 0.47980690002441406
56970 29 0.4797542691230774
56155 8 0.47938796877861023
31056 48 0.4791982173919678
34548 29 0.47828397154808044
44723 28 0.477582722902298
47687 36 0.4770049452781677
27815 48 0.47587838768959045
11947 36 0.47580668330192566
49605 29 0.4754185974597931
28209 8 0.47530367970466614
39071 28 0.4751832187175751
27345 8 0.4742291569709778
79800 48 0.47335895895957947
82257 29 0.47323787212371826
90847 8 0.4731108248233795
73422 8 0.4728357791900635
79371 36 0.4727158844470978
62458 29 0.47263747453689575
63905 8 0.4721580445766449
26327 8 0.47215309739112854
56713 8 0.4718379080295563
68713 8 0.47163426876068115
38297 48 0.47133874893188477
73424 8 0.47126105427742004
68002 29 0.47105395793914795
27702 8 0.4708496928215027
67731 8 0.47019264101982117
71524 8 0.4701246917247772
7081 29 0.4687727093696594
24585 6 0.46803200244903564
21251 8 0.4676820933818817
60804 48 0.4674137830734253
2843 8 0.4661203622817993
62674 8 0.46468618512153625
67231 6 0.4641875922679901
79459 48 0.46415236592292786
59146 36 0.4641498923301697
74837 8 0.4635829031467438
42024 8 0.46354788541793823
75595 48 0.4628591239452362
18181 36 0.462799996137619
61808 8 0.462726354598999
77732 24 0.4626525640487671
16507 36 0.4621356129646301
12899 8 0.4618830382823944
28818 8 0.46139127016067505
25049 8 0.4610555171966553
34261 8 0.4607633650302887
32690 29 0.45954516530036926
64236 8 0.45949697494506836
78064 8 0.45920297503471375
38408 1 0.4578455686569214
81362 8 0.45716696977615356
59384 48 0.45675113797187805
42030 8 0.45551323890686035
69472 8 0.45503562688827515
21351 36 0.45444872975349426
74277 24 0.4532356560230255
90169 8 0.45300501585006714
18333 36 0.45290911197662354
33359 36 0.45127686858177185
82104 8 0.45124876499176025
53106 36 0.45099204778671265
35484 28 0.4507891535758972
53448 8 0.4500296711921692
27829 8 0.4494415819644928
72041 8 0.4492095708847046
67116 8 0.44879889488220215
62039 8 0.44704094529151917
67048 8 0.4470282793045044
49470 8 0.4453621804714203
35881 24 0.4450584352016449
23227 36 0.44401004910469055
57109 8 0.4438781440258026
53677 48 0.44383639097213745
57420 24 0.4434360861778259
36661 8 0.4432603418827057
67915 8 0.4426225423812866
79375 8 0.4425220787525177
56864 8 0.4418056905269623
32992 8 0.44168969988822937
30087 8 0.4412554204463959
49131 48 0.4394843876361847
63971 8 0.43891847133636475
76119 8 0.4383862316608429
34622 8 0.43827560544013977
19992 28 0.43812990188598633
74009 8 0.43737274408340454
29733 36 0.43711334466934204
33698 8 0.43648460507392883
80802 8 0.4355608820915222
31273 36 0.4352392554283142
68458 1 0.43469059467315674
57943 24 0.43454495072364807
69071 8 0.43439891934394836
81537 8 0.43341967463493347
91318 6 0.4320763349533081
63868 6 0.4320566654205322
74096 6 0.43195298314094543
68601 36 0.43134450912475586
30676 8 0.4300159215927124
37425 48 0.4293452799320221
26022 8 0.4292542636394501
71507 8 0.4290159046649933
71339 1 0.4272088408470154
77988 36 0.4270467758178711
69495 8 0.4269283711910248
79430 48 0.4269123375415802
31815 29 0.42647019028663635
38906 28 0.4262745678424835
36575 8 0.4258021116256714
19059 8 0.42543813586235046
77229 8 0.4253731071949005
77604 24 0.42457517981529236
36732 8 0.4238618016242981
24987 8 0.42325034737586975
76226 8 0.4229349195957184
74762 8 0.42220449447631836
18120 36 0.42211174964904785
18117 36 0.4205836057662964
77004 8 0.41960832476615906
56997 28 0.4195394515991211
14964 8 0.41837209463119507
32662 8 0.41757428646087646
28444 8 0.4173278212547302
32874 8 0.41698503494262695
81384 8 0.4168049395084381
21491 8 0.41629764437675476
21288 8 0.41533365845680237
62507 8 0.41367530822753906
3808 36 0.4133225381374359
73234 8 0.4132274389266968
32783 8 0.411426305770874
59144 8 0.41137731075286865
3795 8 0.4113042652606964
59148 8 0.41061604022979736
85309 48 0.4098925292491913
48120 6 0.40913939476013184
72550 8 0.4087303578853607
71984 36 0.4083056151866913
90190 36 0.40790051221847534
59242 36 0.4070063531398773
19485 8 0.40688464045524597
50109 8 0.40652817487716675
7100 8 0.40547212958335876
27659 8 0.4053646922111511
13245 8 0.4044465720653534
87908 8 0.40397122502326965
80110 8 0.40382012724876404
54940 36 0.40362632274627686
33236 8 0.40327784419059753
38885 8 0.4028578996658325
26664 36 0.40243273973464966
13095 8 0.40171247720718384
76703 8 0.39951851963996887
63250 8 0.39861905574798584
19638 8 0.3985086679458618
2858 28 0.39772579073905945
53207 8 0.3964313864707947
54547 8 0.3958671987056732
27009 36 0.39465662837028503
52209 1 0.3932909369468689
54065 36 0.3931988775730133
39630 8 0.39134976267814636
26223 8 0.3911449611186981
19184 8 0.3909551501274109
42740 8 0.38964956998825073
47859 28 0.38925933837890625
81054 8 0.3889864385128021
47776 9 0.3877907395362854
8687 8 0.38731712102890015
59347 48 0.3863823115825653
19044 8 0.3860277235507965
46703 8 0.38515400886535645
71434 28 0.3847517669200897
20596 36 0.3840700685977936
19930 8 0.3837600350379944
41484 8 0.3829294741153717
76109 8 0.38016876578330994
46716 36 0.379949152469635
32425 8 0.3781965970993042
19060 8 0.3780733048915863
67704 8 0.3766527771949768
5735 36 0.376460462808609
21122 8 0.3753906190395355
13452 8 0.37531906366348267
42029 36 0.37460485100746155
3821 8 0.3738830089569092
73438 8 0.37346550822257996
14086 36 0.3729466497898102
58005 8 0.37134379148483276
58732 36 0.36980605125427246
39209 8 0.3696843981742859
90146 36 0.36894434690475464
30146 8 0.3688535988330841
73310 29 0.3687920868396759
32082 8 0.36827826499938965
19818 36 0.3681946396827698
4462 8 0.36663153767585754
61809 1 0.36197444796562195
83653 8 0.36124387383461
30623 8 0.36078718304634094
36247 8 0.36057162284851074
64543 49 0.3597561717033386
29870 36 0.3580256700515747
32763 36 0.35792607069015503
26756 8 0.3574523329734802
86079 8 0.35721486806869507
2101 8 0.35653433203697205
14012 8 0.3519443869590759
30608 36 0.3513393700122833
54934 36 0.35080716013908386
18872 8 0.34906747937202454
87115 8 0.3463847041130066
1324 28 0.3401201069355011
74747 8 0.3393135368824005
59468 48 0.33815568685531616
71418 8 0.33774664998054504
39099 36 0.33668991923332214
34468 36 0.33635032176971436
48711 1 0.3344518542289734
64300 36 0.3334541320800781
32431 8 0.331599622964859
33817 8 0.33051374554634094
68893 8 0.3294202387332916
27081 8 0.3280780613422394
55865 48 0.32735881209373474
44128 48 0.32604163885116577
7413 8 0.3256109654903412
31984 8 0.32172882556915283
10540 8 0.32082611322402954
62283 8 0.3168052136898041
26349 36 0.31626129150390625
49524 48 0.31337910890579224
74730 36 0.30756014585494995
75422 49 0.3044080138206482
81435 36 0.29484665393829346
46438 36 0.28992536664009094
39306 1 0.2556455433368683
53666 9 0.24734632670879364
