1.0 0.0
1.0 0.0005678591709256105
1.0 0.001135718341851221
1.0 0.0017035775127768314
1.0 0.002271436683702442
1.0 0.0028392958546280523
1.0 0.0034071550255536627
1.0 0.003975014196479273
1.0 0.004542873367404884
1.0 0.005110732538330494
1.0 0.0056785917092561046
1.0 0.006246450880181715
1.0 0.0068143100511073255
0.9230769230769231 0.0068143100511073255
0.9285714285714286 0.0073821692220329355
0.9333333333333333 0.007950028392958546
0.875 0.007950028392958546
0.8823529411764706 0.008517887563884156
0.8333333333333334 0.008517887563884156
0.8421052631578947 0.009085746734809767
0.85 0.009653605905735378
0.8095238095238095 0.009653605905735378
0.8181818181818182 0.010221465076660987
0.8260869565217391 0.010789324247586598
0.8333333333333334 0.011357183418512209
0.8 0.011357183418512209
0.8076923076923077 0.01192504258943782
0.7777777777777778 0.01192504258943782
0.75 0.01192504258943782
0.7586206896551724 0.01249290176036343
0.7333333333333333 0.01249290176036343
0.7419354838709677 0.01306076093128904
0.75 0.013628620102214651
0.7575757575757576 0.014196479273140262
0.7352941176470589 0.014196479273140262
0.7428571428571429 0.014764338444065871
0.75 0.015332197614991482
0.7567567567567568 0.01590005678591709
0.7631578947368421 0.016467915956842702
0.7692307692307693 0.017035775127768313
0.75 0.017035775127768313
0.7317073170731707 0.017035775127768313
0.7380952380952381 0.017603634298693924
0.7209302325581395 0.017603634298693924
0.7045454545454546 0.017603634298693924
0.7111111111111111 0.018171493469619535
0.717391304347826 0.018739352640545145
0.723404255319149 0.019307211811470756
0.7083333333333334 0.019307211811470756
0.6938775510204082 0.019307211811470756
0.7 0.019875070982396367
0.7058823529411765 0.020442930153321975
0.7115384615384616 0.021010789324247586
0.7169811320754716 0.021578648495173196
0.7222222222222222 0.022146507666098807
0.7272727272727273 0.022714366837024418
0.7321428571428571 0.02328222600795003
0.7192982456140351 0.02328222600795003
0.7241379310344828 0.02385008517887564
0.7288135593220338 0.02441794434980125
0.7333333333333333 0.02498580352072686
0.7377049180327869 0.02555366269165247
0.7419354838709677 0.02612152186257808
0.746031746031746 0.02668938103350369
0.734375 0.02668938103350369
0.7230769230769231 0.02668938103350369
0.7121212121212122 0.02668938103350369
0.7164179104477612 0.027257240204429302
0.7205882352941176 0.027825099375354913
0.7246376811594203 0.028392958546280524
0.7142857142857143 0.028392958546280524
0.7183098591549296 0.028960817717206135
0.7222222222222222 0.029528676888131742
0.726027397260274 0.030096536059057353
0.7297297297297297 0.030664395229982964
0.7333333333333333 0.031232254400908575
0.7236842105263158 0.031232254400908575
0.7272727272727273 0.03180011357183418
0.7307692307692307 0.03236797274275979
0.7341772151898734 0.032935831913685404
0.7375 0.033503691084611015
0.7407407407407407 0.034071550255536626
0.7439024390243902 0.034639409426462237
0.7469879518072289 0.03520726859738785
0.7380952380952381 0.03520726859738785
0.7411764705882353 0.03577512776831346
0.7441860465116279 0.03634298693923907
0.7471264367816092 0.03691084611016468
0.75 0.03747870528109029
0.7415730337078652 0.03747870528109029
0.7333333333333333 0.03747870528109029
0.7362637362637363 0.0380465644520159
0.7282608695652174 0.0380465644520159
0.7204301075268817 0.0380465644520159
0.723404255319149 0.03861442362294151
0.7263157894736842 0.039182282793867124
0.71875 0.039182282793867124
0.711340206185567 0.039182282793867124
0.7142857142857143 0.039750141964792735
0.7171717171717171 0.04031800113571834
0.71 0.04031800113571834
0.7128712871287128 0.04088586030664395
0.7156862745098039 0.04145371947756956
0.7184466019417476 0.04202157864849517
0.7211538461538461 0.04258943781942078
0.7238095238095238 0.04315729699034639
0.7264150943396226 0.043725156161272004
0.719626168224299 0.043725156161272004
0.7129629629629629 0.043725156161272004
0.7064220183486238 0.043725156161272004
0.7090909090909091 0.044293015332197615
0.7027027027027027 0.044293015332197615
0.7053571428571429 0.044860874503123226
0.7079646017699115 0.045428733674048836
0.7017543859649122 0.045428733674048836
0.7043478260869566 0.04599659284497445
0.7068965517241379 0.04656445201590006
0.7008547008547008 0.04656445201590006
0.6949152542372882 0.04656445201590006
0.6974789915966386 0.04713231118682567
0.7 0.04770017035775128
0.7024793388429752 0.04826802952867689
0.6967213114754098 0.04826802952867689
0.6910569105691057 0.04826802952867689
0.6854838709677419 0.04826802952867689
0.688 0.0488358886996025
0.6904761904761905 0.049403747870528106
0.6850393700787402 0.049403747870528106
0.6796875 0.049403747870528106
0.6821705426356589 0.04997160704145372
0.6846153846153846 0.05053946621237933
0.6870229007633588 0.05110732538330494
0.6893939393939394 0.05167518455423055
0.6917293233082706 0.05224304372515616
0.6940298507462687 0.05281090289608177
0.6962962962962963 0.05337876206700738
0.6911764705882353 0.05337876206700738
0.6861313868613139 0.05337876206700738
0.6884057971014492 0.05394662123793299
0.6906474820143885 0.054514480408858604
0.6928571428571428 0.055082339579784215
0.6879432624113475 0.055082339579784215
0.6830985915492958 0.055082339579784215
0.6783216783216783 0.055082339579784215
0.6805555555555556 0.055650198750709826
0.6758620689655173 0.055650198750709826
0.678082191780822 0.056218057921635436
0.6802721088435374 0.05678591709256105
0.6756756756756757 0.05678591709256105
0.6778523489932886 0.05735377626348666
0.6733333333333333 0.05735377626348666
0.6754966887417219 0.05792163543441227
0.6776315789473685 0.05848949460533787
0.673202614379085 0.05848949460533787
0.6753246753246753 0.059057353776263484
0.6774193548387096 0.059625212947189095
0.6730769230769231 0.059625212947189095
0.6751592356687898 0.060193072118114706
0.6772151898734177 0.06076093128904032
0.6792452830188679 0.06132879045996593
0.675 0.06132879045996593
0.6770186335403726 0.06189664963089154
0.6790123456790124 0.06246450880181715
0.6748466257668712 0.06246450880181715
0.676829268292683 0.06303236797274275
0.6787878787878788 0.06360022714366836
0.6807228915662651 0.06416808631459398
0.6826347305389222 0.06473594548551959
0.6845238095238095 0.0653038046564452
0.6863905325443787 0.06587166382737081
0.6882352941176471 0.06643952299829642
0.6900584795321637 0.06700738216922203
0.686046511627907 0.06700738216922203
0.6878612716763006 0.06757524134014764
0.6896551724137931 0.06814310051107325
0.6914285714285714 0.06871095968199886
0.6875 0.06871095968199886
0.6836158192090396 0.06871095968199886
0.6797752808988764 0.06871095968199886
0.6759776536312849 0.06871095968199886
0.6777777777777778 0.06927881885292447
0.6795580110497238 0.06984667802385008
0.6813186813186813 0.0704145371947757
0.6830601092896175 0.0709823963657013
0.6793478260869565 0.0709823963657013
0.6756756756756757 0.0709823963657013
0.6774193548387096 0.07155025553662692
0.679144385026738 0.07211811470755253
0.6808510638297872 0.07268597387847814
0.6772486772486772 0.07268597387847814
0.6736842105263158 0.07268597387847814
0.6701570680628273 0.07268597387847814
0.671875 0.07325383304940375
0.6735751295336787 0.07382169222032936
0.6701030927835051 0.07382169222032936
0.6717948717948717 0.07438955139125497
0.673469387755102 0.07495741056218058
0.6751269035532995 0.07552526973310619
0.6767676767676768 0.0760931289040318
0.6733668341708543 0.0760931289040318
0.675 0.07666098807495741
0.6716417910447762 0.07666098807495741
0.6683168316831684 0.07666098807495741
0.6650246305418719 0.07666098807495741
0.6666666666666666 0.07722884724588303
0.6634146341463415 0.07722884724588303
0.6650485436893204 0.07779670641680864
0.6618357487922706 0.07779670641680864
0.6586538461538461 0.07779670641680864
0.6555023923444976 0.07779670641680864
0.6571428571428571 0.07836456558773425
0.6540284360189573 0.07836456558773425
0.6509433962264151 0.07836456558773425
0.6525821596244131 0.07893242475865986
0.6495327102803738 0.07893242475865986
0.6511627906976745 0.07950028392958547
0.6527777777777778 0.08006814310051108
0.6543778801843319 0.08063600227143668
0.6559633027522935 0.08120386144236229
0.6575342465753424 0.0817717206132879
0.6545454545454545 0.0817717206132879
0.6561085972850679 0.08233957978421351
0.6576576576576577 0.08290743895513912
0.6591928251121076 0.08347529812606473
0.6607142857142857 0.08404315729699034
0.6622222222222223 0.08461101646791595
0.6592920353982301 0.08461101646791595
0.6563876651982379 0.08461101646791595
0.6535087719298246 0.08461101646791595
0.6550218340611353 0.08517887563884156
0.6565217391304348 0.08574673480976717
0.658008658008658 0.08631459398069279
0.6594827586206896 0.0868824531516184
0.6609442060085837 0.08745031232254401
0.6623931623931624 0.08801817149346962
0.6638297872340425 0.08858603066439523
0.6652542372881356 0.08915388983532084
0.6624472573839663 0.08915388983532084
0.6638655462184874 0.08972174900624645
0.6610878661087866 0.08972174900624645
0.6625 0.09028960817717206
0.6639004149377593 0.09085746734809767
0.6652892561983471 0.09142532651902328
0.6666666666666666 0.0919931856899489
0.6639344262295082 0.0919931856899489
0.6653061224489796 0.0925610448608745
0.6666666666666666 0.09312890403180012
0.6680161943319838 0.09369676320272573
0.6693548387096774 0.09426462237365134
0.6706827309236948 0.09483248154457695
0.668 0.09483248154457695
0.6693227091633466 0.09540034071550256
0.6706349206349206 0.09596819988642817
0.6679841897233202 0.09596819988642817
0.6692913385826772 0.09653605905735378
0.6666666666666666 0.09653605905735378
0.6640625 0.09653605905735378
0.6614785992217899 0.09653605905735378
0.6589147286821705 0.09653605905735378
0.6602316602316602 0.09710391822827939
0.6615384615384615 0.097671777399205
0.6628352490421456 0.0982396365701306
0.6641221374045801 0.09880749574105621
0.6615969581749049 0.09880749574105621
0.6590909090909091 0.09880749574105621
0.660377358490566 0.09937535491198182
0.6616541353383458 0.09994321408290743
0.6591760299625468 0.09994321408290743
0.6604477611940298 0.10051107325383304
0.6617100371747212 0.10107893242475866
0.662962962962963 0.10164679159568427
0.6642066420664207 0.10221465076660988
0.6654411764705882 0.10278250993753549
0.6666666666666666 0.1033503691084611
0.6642335766423357 0.1033503691084611
0.6654545454545454 0.10391822827938671
0.6666666666666666 0.10448608745031232
0.6678700361010831 0.10505394662123793
0.6654676258992805 0.10505394662123793
0.6666666666666666 0.10562180579216354
0.6678571428571428 0.10618966496308915
0.6690391459074733 0.10675752413401476
0.6702127659574468 0.10732538330494037
0.6713780918727915 0.10789324247586599
0.6690140845070423 0.10789324247586599
0.6701754385964912 0.1084611016467916
0.6713286713286714 0.10902896081771721
0.6689895470383276 0.10902896081771721
0.6666666666666666 0.10902896081771721
0.6678200692041523 0.10959681998864282
0.6689655172413793 0.11016467915956843
0.6701030927835051 0.11073253833049404
0.6678082191780822 0.11073253833049404
0.6655290102389079 0.11073253833049404
0.6632653061224489 0.11073253833049404
0.6610169491525424 0.11073253833049404
0.6621621621621622 0.11130039750141965
0.6599326599326599 0.11130039750141965
0.6577181208053692 0.11130039750141965
0.6555183946488294 0.11130039750141965
0.6533333333333333 0.11130039750141965
0.6511627906976745 0.11130039750141965
0.652317880794702 0.11186825667234526
0.6534653465346535 0.11243611584327087
0.6513157894736842 0.11243611584327087
0.6524590163934426 0.11300397501419648
0.6503267973856209 0.11300397501419648
0.6482084690553745 0.11300397501419648
0.6461038961038961 0.11300397501419648
0.6472491909385113 0.1135718341851221
0.6483870967741936 0.1141396933560477
0.6495176848874598 0.11470755252697332
0.6474358974358975 0.11470755252697332
0.6485623003194888 0.11527541169789893
0.6464968152866242 0.11527541169789893
0.6444444444444445 0.11527541169789893
0.6424050632911392 0.11527541169789893
0.6403785488958991 0.11527541169789893
0.6383647798742138 0.11527541169789893
0.6394984326018809 0.11584327086882454
0.640625 0.11641113003975014
0.6417445482866043 0.11697898921067575
0.639751552795031 0.11697898921067575
0.6408668730650154 0.11754684838160136
0.6419753086419753 0.11811470755252697
0.64 0.11811470755252697
0.6411042944785276 0.11868256672345258
0.6422018348623854 0.11925042589437819
0.6432926829268293 0.1198182850653038
0.6443768996960486 0.12038614423622941
0.6424242424242425 0.12038614423622941
0.6404833836858006 0.12038614423622941
0.641566265060241 0.12095400340715502
0.6426426426426426 0.12152186257808063
0.6437125748502994 0.12208972174900624
0.6417910447761194 0.12208972174900624
0.6428571428571429 0.12265758091993186
0.6439169139465876 0.12322544009085747
0.6449704142011834 0.12379329926178308
0.6460176991150443 0.12436115843270869
0.6441176470588236 0.12436115843270869
0.6451612903225806 0.1249290176036343
0.6461988304093568 0.1254968767745599
0.6472303206997084 0.1260647359454855
0.6453488372093024 0.1260647359454855
0.6434782608695652 0.1260647359454855
0.6416184971098265 0.1260647359454855
0.6426512968299711 0.12663259511641112
0.6408045977011494 0.12663259511641112
0.6389684813753582 0.12663259511641112
0.6371428571428571 0.12663259511641112
0.6353276353276354 0.12663259511641112
0.6363636363636364 0.12720045428733673
0.6373937677053825 0.12776831345826234
0.6384180790960452 0.12833617262918795
0.6394366197183099 0.12890403180011356
0.6404494382022472 0.12947189097103917
0.6386554621848739 0.12947189097103917
0.6368715083798883 0.12947189097103917
0.6350974930362117 0.12947189097103917
0.6361111111111111 0.13003975014196478
0.6371191135734072 0.1306076093128904
0.638121546961326 0.131175468483816
0.6363636363636364 0.131175468483816
0.6346153846153846 0.131175468483816
0.6356164383561644 0.13174332765474162
0.6338797814207651 0.13174332765474162
0.6348773841961853 0.13231118682566723
0.6331521739130435 0.13231118682566723
0.6314363143631436 0.13231118682566723
0.6297297297297297 0.13231118682566723
0.6307277628032345 0.13287904599659284
0.6290322580645161 0.13287904599659284
0.6300268096514745 0.13344690516751845
0.6310160427807486 0.13401476433844406
0.632 0.13458262350936967
0.6303191489361702 0.13458262350936967
0.6286472148541115 0.13458262350936967
0.626984126984127 0.13458262350936967
0.6279683377308707 0.13515048268029528
0.6263157894736842 0.13515048268029528
0.6272965879265092 0.1357183418512209
0.6282722513089005 0.1362862010221465
0.6292428198433421 0.1368540601930721
0.6302083333333334 0.13742191936399772
0.6311688311688312 0.13798977853492334
0.6295336787564767 0.13798977853492334
0.627906976744186 0.13798977853492334
0.6262886597938144 0.13798977853492334
0.6246786632390745 0.13798977853492334
0.6256410256410256 0.13855763770584895
0.6240409207161125 0.13855763770584895
0.625 0.13912549687677456
0.6259541984732825 0.13969335604770017
0.6269035532994924 0.14026121521862578
0.6278481012658228 0.1408290743895514
0.6287878787878788 0.141396933560477
0.6297229219143576 0.1419647927314026
0.6306532663316583 0.14253265190232822
0.6290726817042607 0.14253265190232822
0.6275 0.14253265190232822
0.6259351620947631 0.14253265190232822
0.6268656716417911 0.14310051107325383
0.6253101736972705 0.14310051107325383
0.6237623762376238 0.14310051107325383
0.6222222222222222 0.14310051107325383
0.6231527093596059 0.14366837024417944
0.6240786240786241 0.14423622941510506
0.6225490196078431 0.14423622941510506
0.6210268948655256 0.14423622941510506
0.6219512195121951 0.14480408858603067
0.6204379562043796 0.14480408858603067
0.6213592233009708 0.14537194775695628
0.6222760290556901 0.1459398069278819
0.6231884057971014 0.1465076660988075
0.6240963855421687 0.1470755252697331
0.6225961538461539 0.1470755252697331
0.6235011990407674 0.14764338444065872
0.6220095693779905 0.14764338444065872
0.6229116945107399 0.14821124361158433
0.6238095238095238 0.14877910278250994
0.6223277909738717 0.14877910278250994
0.6232227488151659 0.14934696195343555
0.624113475177305 0.14991482112436116
0.625 0.15048268029528677
0.6258823529411764 0.15105053946621239
0.6244131455399061 0.15105053946621239
0.6252927400468384 0.151618398637138
0.6261682242990654 0.1521862578080636
0.627039627039627 0.15275411697898922
0.6255813953488372 0.15275411697898922
0.6241299303944315 0.15275411697898922
0.625 0.15332197614991483
0.625866050808314 0.15388983532084044
0.6267281105990783 0.15445769449176605
0.6275862068965518 0.15502555366269166
0.6261467889908257 0.15502555366269166
0.6247139588100686 0.15502555366269166
0.6255707762557078 0.15559341283361727
0.6241457858769932 0.15559341283361727
0.6227272727272727 0.15559341283361727
0.6213151927437641 0.15559341283361727
0.6199095022624435 0.15559341283361727
0.6207674943566591 0.15616127200454288
0.6193693693693694 0.15616127200454288
0.6202247191011236 0.1567291311754685
0.6210762331838565 0.1572969903463941
0.6196868008948546 0.1572969903463941
0.6205357142857143 0.15786484951731972
0.621380846325167 0.15843270868824533
0.62 0.15843270868824533
0.6186252771618626 0.15843270868824533
0.6194690265486725 0.15900056785917094
0.6203090507726269 0.15956842703009655
0.6211453744493393 0.16013628620102216
0.6197802197802198 0.16013628620102216
0.618421052631579 0.16013628620102216
0.6192560175054704 0.16070414537194777
0.6179039301310044 0.16070414537194777
0.616557734204793 0.16070414537194777
0.6173913043478261 0.16127200454287335
0.6182212581344902 0.16183986371379896
0.6168831168831169 0.16183986371379896
0.6155507559395248 0.16183986371379896
0.6142241379310345 0.16183986371379896
0.6129032258064516 0.16183986371379896
0.6115879828326181 0.16183986371379896
0.6102783725910065 0.16183986371379896
0.6111111111111112 0.16240772288472458
0.6098081023454158 0.16240772288472458
0.6106382978723405 0.1629755820556502
0.6114649681528662 0.1635434412265758
0.6101694915254238 0.1635434412265758
0.6088794926004228 0.1635434412265758
0.6075949367088608 0.1635434412265758
0.608421052631579 0.1641113003975014
0.6071428571428571 0.1641113003975014
0.6058700209643606 0.1641113003975014
0.604602510460251 0.1641113003975014
0.605427974947808 0.16467915956842702
0.6041666666666666 0.16467915956842702
0.604989604989605 0.16524701873935263
0.6058091286307054 0.16581487791027824
0.6066252587991718 0.16638273708120385
0.6053719008264463 0.16638273708120385
0.6041237113402061 0.16638273708120385
0.602880658436214 0.16638273708120385
0.6016427104722792 0.16638273708120385
0.6024590163934426 0.16695059625212946
0.6012269938650306 0.16695059625212946
0.6020408163265306 0.16751845542305507
0.6028513238289206 0.16808631459398068
0.6036585365853658 0.1686541737649063
0.6044624746450304 0.1692220329358319
0.6032388663967612 0.1692220329358319
0.602020202020202 0.1692220329358319
0.6028225806451613 0.16978989210675752
0.6016096579476862 0.16978989210675752
0.6004016064257028 0.16978989210675752
0.6012024048096193 0.17035775127768313
0.602 0.17092561044860874
0.6007984031936128 0.17092561044860874
0.601593625498008 0.17149346961953435
0.6023856858846919 0.17206132879045996
0.6031746031746031 0.17262918796138557
0.6039603960396039 0.17319704713231118
0.6027667984189723 0.17319704713231118
0.6015779092702169 0.17319704713231118
0.6003937007874016 0.17319704713231118
0.6011787819253438 0.1737649063032368
0.6 0.1737649063032368
0.598825831702544 0.1737649063032368
0.59765625 0.1737649063032368
0.5984405458089669 0.1743327654741624
0.5992217898832685 0.17490062464508802
0.5980582524271845 0.17490062464508802
0.5988372093023255 0.17546848381601363
0.597678916827853 0.17546848381601363
0.5984555984555985 0.17603634298693924
0.5973025048169557 0.17603634298693924
0.5980769230769231 0.17660420215786485
0.5969289827255279 0.17660420215786485
0.5957854406130269 0.17660420215786485
0.5946462715105163 0.17660420215786485
0.5954198473282443 0.17717206132879046
0.5942857142857143 0.17717206132879046
0.5950570342205324 0.17773992049971607
0.5958254269449715 0.17830777967064168
0.5946969696969697 0.17830777967064168
0.5935727788279773 0.17830777967064168
0.5943396226415094 0.1788756388415673
0.5951035781544256 0.1794434980124929
0.5958646616541353 0.1800113571834185
0.5966228893058161 0.18057921635434412
0.5955056179775281 0.18057921635434412
0.5962616822429907 0.18114707552526974
0.5951492537313433 0.18114707552526974
0.595903165735568 0.18171493469619535
0.5947955390334573 0.18171493469619535
0.5955473098330241 0.18228279386712096
0.5962962962962963 0.18285065303804657
0.5970425138632163 0.18341851220897218
0.5959409594095941 0.18341851220897218
0.5966850828729282 0.1839863713798978
0.5955882352941176 0.1839863713798978
0.5944954128440367 0.1839863713798978
0.5934065934065934 0.1839863713798978
0.5923217550274223 0.1839863713798978
0.5912408759124088 0.1839863713798978
0.5919854280510018 0.1845542305508234
0.5909090909090909 0.1845542305508234
0.5898366606170599 0.1845542305508234
0.5905797101449275 0.185122089721749
0.5913200723327305 0.18568994889267462
0.5902527075812274 0.18568994889267462
0.5891891891891892 0.18568994889267462
0.5899280575539568 0.18625780806360023
0.5906642728904847 0.18682566723452584
0.589605734767025 0.18682566723452584
0.590339892665474 0.18739352640545145
0.5910714285714286 0.18796138557637707
0.5918003565062389 0.18852924474730268
0.5907473309608541 0.18852924474730268
0.5914742451154529 0.1890971039182283
0.5921985815602837 0.1896649630891539
0.5911504424778761 0.1896649630891539
0.5901060070671378 0.1896649630891539
0.5890652557319224 0.1896649630891539
0.5880281690140845 0.1896649630891539
0.5887521968365553 0.1902328222600795
0.5877192982456141 0.1902328222600795
0.5866900175131349 0.1902328222600795
0.5856643356643356 0.1902328222600795
0.5846422338568935 0.1902328222600795
0.5836236933797909 0.1902328222600795
0.5826086956521739 0.1902328222600795
0.5815972222222222 0.1902328222600795
0.5805892547660312 0.1902328222600795
0.5795847750865052 0.1902328222600795
0.5803108808290155 0.19080068143100512
0.5810344827586207 0.19136854060193073
0.5817555938037866 0.19193639977285634
0.5807560137457045 0.19193639977285634
0.5797598627787307 0.19193639977285634
0.5804794520547946 0.19250425894378195
0.5794871794871795 0.19250425894378195
0.5784982935153583 0.19250425894378195
0.5775127768313458 0.19250425894378195
0.576530612244898 0.19250425894378195
0.5755517826825127 0.19250425894378195
0.5745762711864407 0.19250425894378195
0.5736040609137056 0.19250425894378195
0.5726351351351351 0.19250425894378195
0.5716694772344013 0.19250425894378195
0.5723905723905723 0.19307211811470756
0.573109243697479 0.19363997728563317
0.5721476510067114 0.19363997728563317
0.5728643216080402 0.19420783645655879
0.5719063545150501 0.19420783645655879
0.5726210350584308 0.1947756956274844
0.5733333333333334 0.19534355479841
0.5723793677204659 0.19534355479841
0.5714285714285714 0.19534355479841
0.5704809286898839 0.19534355479841
0.5695364238410596 0.19534355479841
0.5685950413223141 0.19534355479841
0.5693069306930693 0.19591141396933562
0.5700164744645799 0.1964792731402612
0.569078947368421 0.1964792731402612
0.5697865353037767 0.1970471323111868
0.5688524590163935 0.1970471323111868
0.5679214402618658 0.1970471323111868
0.5686274509803921 0.19761499148211242
0.5693311582381729 0.19818285065303803
0.5700325732899023 0.19875070982396364
0.5691056910569106 0.19875070982396364
0.5681818181818182 0.19875070982396364
0.5672609400324149 0.19875070982396364
0.5663430420711975 0.19875070982396364
0.5654281098546042 0.19875070982396364
0.5645161290322581 0.19875070982396364
0.5636070853462157 0.19875070982396364
0.5627009646302251 0.19875070982396364
0.5634028892455859 0.19931856899488926
0.5625 0.19931856899488926
0.5632 0.19988642816581487
0.5623003194888179 0.19988642816581487
0.5629984051036683 0.20045428733674048
0.5621019108280255 0.20045428733674048
0.5627980922098569 0.2010221465076661
0.5619047619047619 0.2010221465076661
0.5625990491283677 0.2015900056785917
0.5617088607594937 0.2015900056785917
0.5624012638230648 0.2021578648495173
0.5630914826498423 0.20272572402044292
0.5622047244094488 0.20272572402044292
0.5613207547169812 0.20272572402044292
0.5604395604395604 0.20272572402044292
0.5595611285266457 0.20272572402044292
0.5586854460093896 0.20272572402044292
0.5578125 0.20272572402044292
0.5585023400936038 0.20329358319136853
0.559190031152648 0.20386144236229414
0.5583203732503889 0.20386144236229414
0.5574534161490683 0.20386144236229414
0.5565891472868217 0.20386144236229414
0.5572755417956656 0.20442930153321975
0.5564142194744977 0.20442930153321975
0.5555555555555556 0.20442930153321975
0.5562403697996918 0.20499716070414536
0.5553846153846154 0.20499716070414536
0.554531490015361 0.20499716070414536
0.5552147239263804 0.20556501987507098
0.554364471669219 0.20556501987507098
0.5535168195718655 0.20556501987507098
0.5526717557251909 0.20556501987507098
0.551829268292683 0.20556501987507098
0.5509893455098934 0.20556501987507098
0.5501519756838906 0.20556501987507098
0.5508345978755691 0.2061328790459966
0.5515151515151515 0.2067007382169222
0.5521936459909228 0.2072685973878478
0.5513595166163142 0.2072685973878478
0.55052790346908 0.2072685973878478
0.5496987951807228 0.2072685973878478
0.5488721804511278 0.2072685973878478
0.5480480480480481 0.2072685973878478
0.5487256371814093 0.20783645655877342
0.5479041916167665 0.20783645655877342
0.547085201793722 0.20783645655877342
0.5462686567164179 0.20783645655877342
0.5469448584202683 0.20840431572969903
0.5476190476190477 0.20897217490062464
0.5482912332838039 0.20954003407155025
0.5474777448071216 0.20954003407155025
0.5466666666666666 0.20954003407155025
0.5473372781065089 0.21010789324247586
0.5465288035450517 0.21010789324247586
0.5457227138643068 0.21010789324247586
0.5449189985272459 0.21010789324247586
0.5441176470588235 0.21010789324247586
0.5433186490455213 0.21010789324247586
0.5439882697947214 0.21067575241340147
0.5431918008784773 0.21067575241340147
0.543859649122807 0.21124361158432708
0.5430656934306569 0.21124361158432708
0.5422740524781341 0.21124361158432708
0.5414847161572053 0.21124361158432708
0.5406976744186046 0.21124361158432708
0.5413642960812772 0.2118114707552527
0.5420289855072464 0.2123793299261783
0.5426917510853835 0.21294718909710392
0.541907514450867 0.21294718909710392
0.5425685425685426 0.21351504826802953
0.5417867435158501 0.21351504826802953
0.5424460431654676 0.21408290743895514
0.5431034482758621 0.21465076660988075
0.5423242467718795 0.21465076660988075
0.5415472779369628 0.21465076660988075
0.5407725321888412 0.21465076660988075
0.54 0.21465076660988075
0.5392296718972895 0.21465076660988075
0.5384615384615384 0.21465076660988075
0.5391180654338549 0.21521862578080636
0.5383522727272727 0.21521862578080636
0.5390070921985816 0.21578648495173197
0.5382436260623229 0.21578648495173197
0.5374823196605375 0.21578648495173197
0.538135593220339 0.21635434412265758
0.53737658674189 0.21635434412265758
0.5366197183098591 0.21635434412265758
0.5372714486638537 0.2169222032935832
0.5379213483146067 0.2174900624645088
0.5385694249649369 0.21805792163543442
0.5378151260504201 0.21805792163543442
0.5370629370629371 0.21805792163543442
0.5377094972067039 0.21862578080636003
0.5369595536959554 0.21862578080636003
0.5376044568245125 0.21919363997728564
0.5382475660639777 0.21976149914821125
0.5375 0.21976149914821125
0.536754507628294 0.21976149914821125
0.53601108033241 0.21976149914821125
0.5366528354080221 0.22032935831913686
0.5359116022099447 0.22032935831913686
0.5365517241379311 0.22089721749006247
0.5371900826446281 0.22146507666098808
0.5364511691884457 0.22146507666098808
0.5357142857142857 0.22146507666098808
0.5349794238683128 0.22146507666098808
0.5356164383561643 0.2220329358319137
0.5348837209302325 0.2220329358319137
0.5341530054644809 0.2220329358319137
0.5347885402455662 0.2226007950028393
0.5340599455040872 0.2226007950028393
0.5346938775510204 0.2231686541737649
0.5353260869565217 0.22373651334469052
0.5359565807327001 0.22430437251561613
0.5365853658536586 0.22487223168654175
0.5372124492557511 0.22544009085746736
0.5378378378378378 0.22600795002839297
0.5384615384615384 0.22657580919931858
0.5390835579514824 0.2271436683702442
0.5397039030955586 0.2277115275411698
0.5389784946236559 0.2277115275411698
0.538255033557047 0.2277115275411698
0.5375335120643432 0.2277115275411698
0.5381526104417671 0.2282793867120954
0.5374331550802139 0.2282793867120954
0.5367156208277704 0.2282793867120954
0.536 0.2282793867120954
0.5352862849533955 0.2282793867120954
0.5345744680851063 0.2282793867120954
0.5351925630810093 0.22884724588302102
0.5344827586206896 0.22884724588302102
0.5337748344370861 0.22884724588302102
0.533068783068783 0.22884724588302102
0.5323645970937912 0.22884724588302102
0.5316622691292876 0.22884724588302102
0.530961791831357 0.22884724588302102
0.5302631578947369 0.22884724588302102
0.5295663600525624 0.22884724588302102
0.5288713910761155 0.22884724588302102
0.5294888597640891 0.22941510505394663
0.5287958115183246 0.22941510505394663
0.5294117647058824 0.22998296422487224
0.5287206266318538 0.22998296422487224
0.529335071707953 0.23055082339579785
0.5299479166666666 0.23111868256672347
0.5305591677503251 0.23168654173764908
0.5298701298701298 0.23168654173764908
0.5304798962386511 0.23225440090857466
0.5297927461139896 0.23225440090857466
0.5291073738680466 0.23225440090857466
0.5284237726098191 0.23225440090857466
0.5290322580645161 0.23282226007950027
0.529639175257732 0.23339011925042588
0.528957528957529 0.23339011925042588
0.5282776349614395 0.23339011925042588
0.527599486521181 0.23339011925042588
0.5269230769230769 0.23339011925042588
0.5275288092189501 0.2339579784213515
0.5281329923273658 0.2345258375922771
0.5287356321839081 0.23509369676320271
0.5280612244897959 0.23509369676320271
0.5286624203821656 0.23566155593412833
0.5292620865139949 0.23622941510505394
0.5285895806861499 0.23622941510505394
0.5279187817258884 0.23622941510505394
0.5285171102661597 0.23679727427597955
0.529113924050633 0.23736513344690516
0.5297092288242731 0.23793299261783077
0.5290404040404041 0.23793299261783077
0.5296343001261034 0.23850085178875638
0.5289672544080605 0.23850085178875638
0.529559748427673 0.239068710959682
0.5288944723618091 0.239068710959682
0.5294855708908407 0.2396365701306076
0.5288220551378446 0.2396365701306076
0.5281602002503129 0.2396365701306076
0.5275 0.2396365701306076
0.5268414481897628 0.2396365701306076
0.5261845386533666 0.2396365701306076
0.526774595267746 0.2402044293015332
0.527363184079602 0.24077228847245882
0.5267080745341615 0.24077228847245882
0.5260545905707196 0.24077228847245882
0.5266418835192069 0.24134014764338443
0.525990099009901 0.24134014764338443
0.5253399258343634 0.24134014764338443
0.5246913580246914 0.24134014764338443
0.5252774352651048 0.24190800681431004
0.5246305418719212 0.24190800681431004
0.5252152521525215 0.24247586598523566
0.5245700245700246 0.24247586598523566
0.5239263803680981 0.24247586598523566
0.5232843137254902 0.24247586598523566
0.5238678090575275 0.24304372515616127
0.5244498777506112 0.24361158432708688
0.5238095238095238 0.24361158432708688
0.524390243902439 0.2441794434980125
0.5237515225334958 0.2441794434980125
0.5231143552311436 0.2441794434980125
0.5224787363304981 0.2441794434980125
0.5218446601941747 0.2441794434980125
0.5212121212121212 0.2441794434980125
0.5205811138014528 0.2441794434980125
0.5199516324062878 0.2441794434980125
0.5193236714975845 0.2441794434980125
0.5199034981905911 0.2447473026689381
0.519277108433735 0.2447473026689381
0.51985559566787 0.2453151618398637
0.5192307692307693 0.2453151618398637
0.5186074429771909 0.2453151618398637
0.5179856115107914 0.2453151618398637
0.5173652694610779 0.2453151618398637
0.5167464114832536 0.2453151618398637
0.5161290322580645 0.2453151618398637
0.5167064439140812 0.24588302101078932
0.5160905840286055 0.24588302101078932
0.5166666666666667 0.24645088018171493
0.5160523186682521 0.24645088018171493
0.5166270783847982 0.24701873935264054
0.5160142348754448 0.24701873935264054
0.5154028436018957 0.24701873935264054
0.5159763313609468 0.24758659852356615
0.516548463356974 0.24815445769449176
0.5159386068476978 0.24815445769449176
0.5165094339622641 0.24872231686541738
0.5159010600706714 0.24872231686541738
0.5152941176470588 0.24872231686541738
0.5158636897767332 0.249290176036343
0.5152582159624414 0.249290176036343
0.5158264947245017 0.2498580352072686
0.5152224824355972 0.2498580352072686
0.5146198830409356 0.2498580352072686
0.514018691588785 0.2498580352072686
0.5134189031505251 0.2498580352072686
0.5128205128205128 0.2498580352072686
0.5133876600698487 0.2504258943781942
0.5127906976744186 0.2504258943781942
0.5121951219512195 0.2504258943781942
0.511600928074246 0.2504258943781942
0.5110081112398609 0.2504258943781942
0.5104166666666666 0.2504258943781942
0.5109826589595375 0.2509937535491198
0.5103926096997691 0.2509937535491198
0.5098039215686274 0.2509937535491198
0.5092165898617511 0.2509937535491198
0.5086306098964327 0.2509937535491198
0.5080459770114942 0.2509937535491198
0.5074626865671642 0.2509937535491198
0.5068807339449541 0.2509937535491198
0.5063001145475372 0.2509937535491198
0.505720823798627 0.2509937535491198
0.5051428571428571 0.2509937535491198
0.5045662100456622 0.2509937535491198
0.5039908779931584 0.2509937535491198
0.5045558086560364 0.2515616127200454
0.5039817974971559 0.2515616127200454
0.5045454545454545 0.252129471890971
0.5051078320090806 0.2526973310618966
0.5056689342403629 0.25326519023282223
0.5050962627406569 0.25326519023282223
0.505656108597285 0.25383304940374785
0.5050847457627119 0.25383304940374785
0.5056433408577878 0.25440090857467346
0.5050732807215332 0.25440090857467346
0.5056306306306306 0.25496876774559907
0.5050618672665916 0.25496876774559907
0.5044943820224719 0.25496876774559907
0.5050505050505051 0.2555366269165247
0.5044843049327354 0.2555366269165247
0.5050391937290034 0.2561044860874503
0.5044742729306487 0.2561044860874503
0.5039106145251396 0.2561044860874503
0.5033482142857143 0.2561044860874503
0.5027870680044593 0.2561044860874503
0.5033407572383074 0.2566723452583759
0.5038932146829811 0.2572402044293015
0.5033333333333333 0.2572402044293015
0.5027746947835738 0.2572402044293015
0.5033259423503326 0.2578080636002271
0.5038759689922481 0.25837592277115273
0.504424778761062 0.25894378194207834
0.5049723756906077 0.25951164111300395
0.5044150110375276 0.25951164111300395
0.503858875413451 0.25951164111300395
0.5033039647577092 0.25951164111300395
0.5038503850385039 0.26007950028392957
0.5032967032967033 0.26007950028392957
0.5027442371020856 0.26007950028392957
0.5032894736842105 0.2606473594548552
0.5027382256297919 0.2606473594548552
0.5032822757111597 0.2612152186257808
0.5038251366120219 0.2617830777967064
0.5032751091703057 0.2617830777967064
0.5038167938931297 0.262350936967632
0.5043572984749455 0.2629187961385576
0.5038084874863983 0.2629187961385576
0.5032608695652174 0.2629187961385576
0.50271444082519 0.2629187961385576
0.5032537960954447 0.26348665530948323
0.5037919826652221 0.26405451448040884
0.5043290043290043 0.26462237365133445
0.5048648648648648 0.26519023282226006
0.5053995680345572 0.2657580919931857
0.5048543689320388 0.2657580919931857
0.5043103448275862 0.2657580919931857
0.5048439181916039 0.2663259511641113
0.5043010752688172 0.2663259511641113
0.5048335123523093 0.2668938103350369
0.5053648068669528 0.2674616695059625
0.5048231511254019 0.2674616695059625
0.5042826552462527 0.2674616695059625
0.5037433155080214 0.2674616695059625
0.5032051282051282 0.2674616695059625
0.5026680896478122 0.2674616695059625
0.502132196162047 0.2674616695059625
0.5015974440894568 0.2674616695059625
0.5010638297872341 0.2674616695059625
0.5005313496280552 0.2674616695059625
0.5 0.2674616695059625
0.49946977730646874 0.2674616695059625
0.5 0.2680295286768881
0.5005291005291005 0.26859738784781373
0.5010570824524313 0.26916524701873934
0.5005279831045406 0.26916524701873934
0.5010548523206751 0.26973310618966495
0.5005268703898841 0.26973310618966495
0.5 0.26973310618966495
0.49947423764458465 0.26973310618966495
0.4989495798319328 0.26973310618966495
0.49842602308499473 0.26973310618966495
0.4979035639412998 0.26973310618966495
0.4973821989528796 0.26973310618966495
0.497907949790795 0.27030096536059056
0.49738766980146293 0.27030096536059056
0.4968684759916493 0.27030096536059056
0.49739311783107404 0.2708688245315162
0.496875 0.2708688245315162
0.4963579604578564 0.2708688245315162
0.49584199584199584 0.2708688245315162
0.4953271028037383 0.2708688245315162
0.495850622406639 0.2714366837024418
0.49533678756476685 0.2714366837024418
0.494824016563147 0.2714366837024418
0.49431230610134436 0.2714366837024418
0.493801652892562 0.2714366837024418
0.4932920536635707 0.2714366837024418
0.49381443298969074 0.2720045428733674
0.49433573635427397 0.272572402044293
0.4948559670781893 0.2731402612152186
0.4943473792394656 0.2731402612152186
0.4948665297741273 0.2737081203861442
0.49538461538461537 0.27427597955706984
0.4948770491803279 0.27427597955706984
0.49437052200614123 0.27427597955706984
0.4938650306748466 0.27427597955706984
0.4933605720122574 0.27427597955706984
0.4928571428571429 0.27427597955706984
0.49337410805300713 0.27484383872799545
0.49287169042769857 0.27484383872799545
0.4933875890132248 0.27541169789892106
0.49390243902439024 0.27597955706984667
0.49441624365482234 0.2765474162407723
0.49391480730223125 0.2765474162407723
0.49341438703140833 0.2765474162407723
0.4939271255060729 0.2771152754116979
0.49342770475227504 0.2771152754116979
0.49292929292929294 0.2771152754116979
0.4924318869828456 0.2771152754116979
0.49193548387096775 0.2771152754116979
0.4914400805639476 0.2771152754116979
0.4909456740442656 0.2771152754116979
0.4904522613065327 0.2771152754116979
0.49096385542168675 0.2776831345826235
0.49047141424272817 0.2776831345826235
0.4909819639278557 0.2782509937535491
0.4914914914914915 0.2788188529244747
0.492 0.27938671209540034
0.4915084915084915 0.27938671209540034
0.49101796407185627 0.27938671209540034
0.4905284147557328 0.27938671209540034
0.4900398406374502 0.27938671209540034
0.490547263681592 0.27995457126632595
0.49105367793240556 0.28052243043725156
0.4915590863952334 0.28109028960817717
0.49206349206349204 0.2816581487791028
0.49157581764122893 0.2816581487791028
0.4910891089108911 0.2816581487791028
0.49060336300692386 0.2816581487791028
0.4901185770750988 0.2816581487791028
0.48963474827245806 0.2816581487791028
0.490138067061144 0.2822260079500284
0.4896551724137931 0.2822260079500284
0.4891732283464567 0.2822260079500284
0.4896755162241888 0.282793867120954
0.4901768172888016 0.2833617262918796
0.4896957801766438 0.2833617262918796
0.4892156862745098 0.2833617262918796
0.48971596474045054 0.2839295854628052
0.4892367906066536 0.2839295854628052
0.4887585532746823 0.2839295854628052
0.48828125 0.2839295854628052
0.4878048780487805 0.2839295854628052
0.4873294346978557 0.2839295854628052
0.4878286270691334 0.28449744463373083
0.48735408560311283 0.28449744463373083
0.4878522837706511 0.28506530380465644
0.487378640776699 0.28506530380465644
0.486905916585839 0.28506530380465644
0.4874031007751938 0.28563316297558206
0.48693126815101645 0.28563316297558206
0.4864603481624758 0.28563316297558206
0.48695652173913045 0.28620102214650767
0.4864864864864865 0.28620102214650767
0.48601735776277727 0.28620102214650767
0.48554913294797686 0.28620102214650767
0.4850818094321463 0.28620102214650767
0.4846153846153846 0.28620102214650767
0.4851104707012488 0.2867688813174333
0.4856046065259117 0.2873367404883589
0.48609779482262705 0.2879045996592845
0.48563218390804597 0.2879045996592845
0.4861244019138756 0.2884724588302101
0.48661567877629064 0.2890403180011357
0.48615090735434574 0.2890403180011357
0.4856870229007634 0.2890403180011357
0.4852240228789323 0.2890403180011357
0.4847619047619048 0.2890403180011357
0.48430066603235017 0.2890403180011357
0.4838403041825095 0.2890403180011357
0.48338081671415006 0.2890403180011357
0.4829222011385199 0.2890403180011357
0.4824644549763033 0.2890403180011357
0.48200757575757575 0.2890403180011357
0.4824976348155156 0.28960817717206133
0.4820415879017013 0.28960817717206133
0.48158640226628896 0.28960817717206133
0.4811320754716981 0.28960817717206133
0.4806786050895382 0.28960817717206133
0.480225988700565 0.28960817717206133
0.4797742238946378 0.28960817717206133
0.4793233082706767 0.28960817717206133
0.47981220657276996 0.29017603634298694
0.4793621013133208 0.29017603634298694
0.47891283973758203 0.29017603634298694
0.47846441947565543 0.29017603634298694
0.47801683816651075 0.29017603634298694
0.47757009345794393 0.29017603634298694
0.477124183006536 0.29017603634298694
0.4766791044776119 0.29017603634298694
0.4762348555452004 0.29017603634298694
0.4767225325884544 0.29074389551391255
0.4762790697674419 0.29074389551391255
0.4767657992565056 0.29131175468483816
0.4763231197771588 0.29131175468483816
0.47588126159554733 0.29131175468483816
0.47544022242817424 0.29131175468483816
0.475 0.29131175468483816
0.4745605920444033 0.29131175468483816
0.47504621072088726 0.2918796138557638
0.47460757156048017 0.2918796138557638
0.474169741697417 0.2918796138557638
0.4737327188940092 0.2918796138557638
0.4732965009208103 0.2918796138557638
0.47378104875804966 0.2924474730266894
0.4742647058823529 0.293015332197615
0.4738292011019284 0.293015332197615
0.4743119266055046 0.2935831913685406
0.4738771769019248 0.2935831913685406
0.47435897435897434 0.2941510505394662
0.4739249771271729 0.2941510505394662
0.473491773308958 0.2941510505394662
0.473972602739726 0.29471890971039183
0.47354014598540145 0.29471890971039183
0.4740200546946217 0.29528676888131744
0.47358834244080145 0.29528676888131744
0.4731574158325751 0.29528676888131744
0.4727272727272727 0.29528676888131744
0.47229791099000906 0.29528676888131744
0.47186932849364793 0.29528676888131744
0.47234814143245696 0.29585462805224305
0.47192028985507245 0.29585462805224305
0.47149321266968325 0.29585462805224305
0.47106690777576854 0.29585462805224305
0.4706413730803975 0.29585462805224305
0.47021660649819497 0.29585462805224305
0.4697926059513075 0.29585462805224305
0.4702702702702703 0.29642248722316866
0.46984698469846986 0.29642248722316866
0.4694244604316547 0.29642248722316866
0.46900269541778977 0.29642248722316866
0.46858168761220825 0.29642248722316866
0.46816143497757845 0.29642248722316866
0.46863799283154123 0.2969903463940943
0.468218442256043 0.2969903463940943
0.4677996422182469 0.2969903463940943
0.4673815907059875 0.2969903463940943
0.4669642857142857 0.2969903463940943
0.4665477252453167 0.2969903463940943
0.4661319073083779 0.2969903463940943
0.4657168299198575 0.2969903463940943
0.4653024911032028 0.2969903463940943
0.4648888888888889 0.2969903463940943
0.4644760213143872 0.2969903463940943
0.4640638864241349 0.2969903463940943
0.4645390070921986 0.2975582055650199
0.4650132860938884 0.2981260647359455
0.4646017699115044 0.2981260647359455
0.4650751547303271 0.2986939239068711
0.465547703180212 0.2992617830777967
0.4651368049426302 0.2992617830777967
0.46472663139329806 0.2992617830777967
0.4643171806167401 0.2992617830777967
0.4639084507042254 0.2992617830777967
0.4635004397537379 0.2992617830777967
0.46397188049209137 0.29982964224872233
0.4635645302897278 0.29982964224872233
0.46403508771929824 0.30039750141964794
0.4645048203330412 0.30096536059057355
0.46409807355516636 0.30096536059057355
0.4636920384951881 0.30096536059057355
0.4632867132867133 0.30096536059057355
0.4637554585152838 0.30153321976149916
0.46335078534031415 0.30153321976149916
0.4638186573670445 0.30210107893242477
0.4634146341463415 0.30210107893242477
0.4630113141862489 0.30210107893242477
0.46260869565217394 0.30210107893242477
0.4622067767158992 0.30210107893242477
0.4618055555555556 0.30210107893242477
0.4614050303555941 0.30210107893242477
0.4610051993067591 0.30210107893242477
0.46060606060606063 0.30210107893242477
0.4610726643598616 0.3026689381033504
0.4606741573033708 0.3026689381033504
0.46113989637305697 0.303236797274276
0.46074201898188094 0.303236797274276
0.4603448275862069 0.303236797274276
0.4599483204134367 0.303236797274276
0.4604130808950086 0.3038046564452016
0.46001719690455717 0.3038046564452016
0.45962199312714774 0.3038046564452016
0.4592274678111588 0.3038046564452016
0.4588336192109777 0.3038046564452016
0.45844044558697516 0.3038046564452016
0.4580479452054795 0.3038046564452016
0.4576561163387511 0.3038046564452016
0.45726495726495725 0.3038046564452016
0.45772843723313406 0.3043725156161272
0.45733788395904434 0.3043725156161272
0.45694799658994034 0.3043725156161272
0.4565587734241908 0.3043725156161272
0.4570212765957447 0.3049403747870528
0.45663265306122447 0.3049403747870528
0.4570943075615973 0.30550823395797844
0.4567062818336163 0.30550823395797844
0.45631891433418154 0.30550823395797844
0.4559322033898305 0.30550823395797844
0.4555461473327688 0.30550823395797844
0.4560067681895093 0.30607609312890405
0.4556213017751479 0.30607609312890405
0.4552364864864865 0.30607609312890405
0.4548523206751055 0.30607609312890405
0.45446880269814505 0.30607609312890405
0.45408593091828137 0.30607609312890405
0.45454545454545453 0.30664395229982966
0.4541631623212784 0.30664395229982966
0.453781512605042 0.30664395229982966
0.4534005037783375 0.30664395229982966
0.45302013422818793 0.30664395229982966
0.4526404023470243 0.30664395229982966
0.45226130653266333 0.30664395229982966
0.45188284518828453 0.30664395229982966
0.451505016722408 0.30664395229982966
0.45112781954887216 0.30664395229982966
0.4507512520868113 0.30664395229982966
0.45037531276063386 0.30664395229982966
0.45 0.30664395229982966
0.4496253122398002 0.30664395229982966
0.4492512479201331 0.30664395229982966
0.4488778054862843 0.30664395229982966
0.4485049833887043 0.30664395229982966
0.44813278008298757 0.30664395229982966
0.44776119402985076 0.30664395229982966
0.44821872410936203 0.30721181147075527
0.4478476821192053 0.30721181147075527
0.44830438378825477 0.3077796706416809
0.4479338842975207 0.3077796706416809
0.44838976052848883 0.3083475298126065
0.44801980198019803 0.3083475298126065
0.4476504534212696 0.3083475298126065
0.4472817133443163 0.3083475298126065
0.4469135802469136 0.3083475298126065
0.4465460526315789 0.3083475298126065
0.44700082169268696 0.3089153889835321
0.4466338259441708 0.3089153889835321
0.44626743232157506 0.3089153889835321
0.4459016393442623 0.3089153889835321
0.44553644553644556 0.3089153889835321
0.4451718494271686 0.3089153889835321
0.4448078495502862 0.3089153889835321
0.4444444444444444 0.3089153889835321
0.4440816326530612 0.3089153889835321
0.4437194127243067 0.3089153889835321
0.44335778321108393 0.3089153889835321
0.44299674267100975 0.3089153889835321
0.44263628966639545 0.3089153889835321
0.44227642276422763 0.3089153889835321
0.44191714053614944 0.3089153889835321
0.44155844155844154 0.3089153889835321
0.44120032441200324 0.3089153889835321
0.44084278768233387 0.3089153889835321
0.4404858299595142 0.3089153889835321
0.4401294498381877 0.3089153889835321
0.4397736459175424 0.3089153889835321
0.44022617124394187 0.3094832481544577
0.43987086359967714 0.3094832481544577
0.43951612903225806 0.3094832481544577
0.4391619661563255 0.3094832481544577
0.4388083735909823 0.3094832481544577
0.43845534995977475 0.3094832481544577
0.43890675241157556 0.3100511073253833
0.43855421686746987 0.3100511073253833
0.4390048154093098 0.31061896649630893
0.43865276663993585 0.31061896649630893
0.43830128205128205 0.31061896649630893
0.4387510008006405 0.31118682566723455
0.4384 0.31118682566723455
0.43884892086330934 0.31175468483816016
0.43929712460063897 0.31232254400908577
0.4397446129289705 0.3128904031800114
0.4393939393939394 0.3128904031800114
0.4398406374501992 0.313458262350937
0.4394904458598726 0.313458262350937
0.43914081145584727 0.313458262350937
0.43879173290937995 0.313458262350937
0.4384432088959492 0.313458262350937
0.4380952380952381 0.313458262350937
0.43854084060269627 0.3140261215218626
0.43898573692551507 0.3145939806927882
0.4386381631037213 0.3145939806927882
0.43829113924050633 0.3145939806927882
0.43873517786561267 0.3151618398637138
0.43838862559241704 0.3151618398637138
0.43804262036306235 0.3151618398637138
0.43769716088328076 0.3151618398637138
0.438140267927502 0.31572969903463943
0.4377952755905512 0.31572969903463943
0.4374508261211644 0.31572969903463943
0.4371069182389937 0.31572969903463943
0.43676355066771405 0.31572969903463943
0.4364207221350079 0.31572969903463943
0.43607843137254904 0.31572969903463943
0.43573667711598746 0.31572969903463943
0.43539545810493346 0.31572969903463943
0.43583724569640064 0.31629755820556504
0.436278342455043 0.31686541737649065
0.4359375 0.31686541737649065
0.43559718969555034 0.31686541737649065
0.43525741029641185 0.31686541737649065
0.4349181605611847 0.31686541737649065
0.43457943925233644 0.31686541737649065
0.4350194552529183 0.31743327654741627
0.43468118195956457 0.31743327654741627
0.43512043512043513 0.3180011357183419
0.43478260869565216 0.3180011357183419
0.4352211016291699 0.3185689948892675
0.4356589147286822 0.3191368540601931
0.43532145623547636 0.3191368540601931
0.4357585139318885 0.3197047132311187
0.4354215003866976 0.3197047132311187
0.43508500772797526 0.3197047132311187
0.4355212355212355 0.3202725724020443
0.4351851851851852 0.3202725724020443
0.4348496530454896 0.3202725724020443
0.4345146379044684 0.3202725724020443
0.4341801385681293 0.3202725724020443
0.4338461538461538 0.3202725724020443
0.4335126825518832 0.3202725724020443
0.43317972350230416 0.3202725724020443
0.4328472755180353 0.3202725724020443
0.43328220858895705 0.32084043157296993
0.4337164750957854 0.32140829074389554
0.4341500765696784 0.3219761499148211
0.4338179035960214 0.3219761499148211
0.4334862385321101 0.3219761499148211
0.43391902215431627 0.3225440090857467
0.43435114503816796 0.3231118682566723
0.43401983218916856 0.3231118682566723
0.4344512195121951 0.32367972742759793
0.43412033511043413 0.32367972742759793
0.4337899543378995 0.32367972742759793
0.4342205323193916 0.32424758659852354
0.43465045592705165 0.32481544576944915
0.43432042520880787 0.32481544576944915
0.4339908952959029 0.32481544576944915
0.4336618650492798 0.32481544576944915
0.43333333333333335 0.32481544576944915
0.43300529901589707 0.32481544576944915
0.43267776096822996 0.32481544576944915
0.4323507180650038 0.32481544576944915
0.43202416918429004 0.32481544576944915
0.4316981132075472 0.32481544576944915
0.4321266968325792 0.32538330494037476
0.43180105501130367 0.32538330494037476
0.4322289156626506 0.3259511641113004
0.4326561324303988 0.326519023282226
0.4323308270676692 0.326519023282226
0.4320060105184072 0.326519023282226
0.4316816816816817 0.326519023282226
0.43210802700675166 0.3270868824531516
0.431784107946027 0.3270868824531516
0.4314606741573034 0.3270868824531516
0.4311377245508982 0.3270868824531516
0.43081525804038895 0.3270868824531516
0.4304932735426009 0.3270868824531516
0.4301717699775952 0.3270868824531516
0.4298507462686567 0.3270868824531516
0.42953020134228187 0.3270868824531516
0.42921013412816694 0.3270868824531516
0.4288905435591958 0.3270868824531516
0.42857142857142855 0.3270868824531516
0.428996282527881 0.3276547416240772
0.42867756315007427 0.3276547416240772
0.429101707498144 0.3282226007950028
0.4287833827893175 0.3282226007950028
0.4284655300222387 0.3282226007950028
0.4288888888888889 0.3287904599659284
0.42857142857142855 0.3287904599659284
0.4282544378698225 0.3287904599659284
0.4279379157427938 0.3287904599659284
0.42836041358936483 0.32935831913685404
0.4280442804428044 0.32935831913685404
0.4284660766961652 0.32992617830777965
0.4288872512896094 0.33049403747870526
0.42857142857142855 0.33049403747870526
0.4282560706401766 0.33049403747870526
0.4279411764705882 0.33049403747870526
0.42836149889786923 0.33106189664963087
0.4280469897209985 0.33106189664963087
0.4277329420396185 0.33106189664963087
0.4274193548387097 0.33106189664963087
0.4271062271062271 0.33106189664963087
0.4267935578330893 0.33106189664963087
0.4272128749085589 0.3316297558205565
0.4269005847953216 0.3316297558205565
0.42658875091307524 0.3316297558205565
0.42700729927007297 0.3321976149914821
0.42669584245076586 0.3321976149914821
0.4271137026239067 0.3327654741624077
0.42680262199563 0.3327654741624077
0.4264919941775837 0.3327654741624077
0.4269090909090909 0.3333333333333333
0.4265988372093023 0.3333333333333333
0.4262890341321714 0.3333333333333333
0.4259796806966618 0.3333333333333333
0.425670775924583 0.3333333333333333
0.4260869565217391 0.3339011925042589
0.42577842143374367 0.3339011925042589
0.42619392185238786 0.33446905167518454
0.42588575560375996 0.33446905167518454
0.42557803468208094 0.33446905167518454
0.4259927797833935 0.33503691084611015
0.42568542568542567 0.33503691084611015
0.4253785147801009 0.33503691084611015
0.4250720461095101 0.33503691084611015
0.4247660187185025 0.33503691084611015
0.4244604316546763 0.33503691084611015
0.4241552839683681 0.33503691084611015
0.4245689655172414 0.33560477001703576
0.42426417803302224 0.33560477001703576
0.42395982783357244 0.33560477001703576
0.4236559139784946 0.33560477001703576
0.42335243553008595 0.33560477001703576
0.42304939155332855 0.33560477001703576
0.4227467811158798 0.33560477001703576
0.42315939957112225 0.33617262918796137
0.4235714285714286 0.336740488358887
0.42326909350463954 0.336740488358887
0.42296718972895864 0.336740488358887
0.4233784746970777 0.3373083475298126
0.4230769230769231 0.3373083475298126
0.4234875444839858 0.3378762067007382
0.42318634423897583 0.3378762067007382
0.4228855721393035 0.3378762067007382
0.4225852272727273 0.3378762067007382
0.42228530872959547 0.3378762067007382
0.4226950354609929 0.3384440658716638
0.4223954642097803 0.3384440658716638
0.42209631728045327 0.3384440658716638
0.42179759377211606 0.3384440658716638
0.4222065063649222 0.3390119250425894
0.4219081272084806 0.3390119250425894
0.4216101694915254 0.3390119250425894
0.42201834862385323 0.33957978421351503
0.4217207334273625 0.33957978421351503
0.4214235377026075 0.33957978421351503
0.4211267605633803 0.33957978421351503
0.42083040112596765 0.33957978421351503
0.42053445850914206 0.33957978421351503
0.4202389318341532 0.33957978421351503
0.4199438202247191 0.33957978421351503
0.4203508771929825 0.34014764338444065
0.42005610098176716 0.34014764338444065
0.41976173791170285 0.34014764338444065
0.42016806722689076 0.34071550255536626
0.4205738278516445 0.34128336172629187
0.42097902097902096 0.3418512208972175
0.4206848357791754 0.3418512208972175
0.42108938547486036 0.3424190800681431
0.4207955338450802 0.3424190800681431
0.4205020920502092 0.3424190800681431
0.4202090592334495 0.3424190800681431
0.41991643454038996 0.3424190800681431
0.42032011134307584 0.3429869392390687
0.4200278164116829 0.3429869392390687
0.4197359277275886 0.3429869392390687
0.41944444444444445 0.3429869392390687
0.41915336571825124 0.3429869392390687
0.4188626907073509 0.3429869392390687
0.41857241857241856 0.3429869392390687
0.4182825484764543 0.3429869392390687
0.4179930795847751 0.3429869392390687
0.41839557399723376 0.3435547984099943
0.41810642709053214 0.3435547984099943
0.417817679558011 0.3435547984099943
0.41752933057280883 0.3435547984099943
0.41724137931034483 0.3435547984099943
0.4169538249483115 0.3435547984099943
0.4166666666666667 0.3435547984099943
0.4163799036476256 0.3435547984099943
0.4160935350756534 0.3435547984099943
0.41580756013745707 0.3435547984099943
0.41552197802197804 0.3435547984099943
0.4152367879203844 0.3435547984099943
0.4149519890260631 0.3435547984099943
0.4146675805346127 0.3435547984099943
0.4143835616438356 0.3435547984099943
0.4140999315537303 0.3435547984099943
0.41381668946648426 0.3435547984099943
0.41353383458646614 0.3435547984099943
0.41325136612021857 0.3435547984099943
0.4129692832764505 0.3435547984099943
0.41268758526603 0.3435547984099943
0.4130879345603272 0.3441226575809199
0.4128065395095368 0.3441226575809199
0.41252552756977534 0.3441226575809199
0.4129251700680272 0.34469051675184553
0.4126444595513256 0.34469051675184553
0.4123641304347826 0.34469051675184553
0.41276306856754924 0.34525837592277114
0.412483039348711 0.34525837592277114
0.41220338983050847 0.34525837592277114
0.41192411924119243 0.34525837592277114
0.4116452268111036 0.34525837592277114
0.41136671177266576 0.34525837592277114
0.41108857336037863 0.34525837592277114
0.41081081081081083 0.34525837592277114
0.41053342336259285 0.34525837592277114
0.41025641025641024 0.34525837592277114
0.40997977073499664 0.34525837592277114
0.40970350404312667 0.34525837592277114
0.4094276094276094 0.34525837592277114
0.4098250336473755 0.34582623509369675
0.410221923335575 0.34639409426462237
0.4099462365591398 0.34639409426462237
0.40967092008059103 0.34639409426462237
0.40939597315436244 0.34639409426462237
0.409121395036888 0.34639409426462237
0.40884718498659517 0.34639409426462237
0.4085733422638982 0.34639409426462237
0.40829986613119146 0.34639409426462237
0.4080267558528428 0.34639409426462237
0.4077540106951872 0.34639409426462237
0.4074816299265197 0.34639409426462237
0.40720961281708945 0.34639409426462237
0.4076050700466978 0.346961953435548
0.4073333333333333 0.346961953435548
0.40706195869420386 0.346961953435548
0.40679094540612515 0.346961953435548
0.40652029274783763 0.346961953435548
0.40625 0.346961953435548
0.4059800664451827 0.346961953435548
0.4063745019920319 0.3475298126064736
0.40610484406104846 0.3475298126064736
0.40649867374005305 0.3480976717773992
0.40622929092113985 0.3480976717773992
0.4066225165562914 0.3486655309483248
0.4063534083388484 0.3486655309483248
0.4060846560846561 0.3486655309483248
0.4058162590879048 0.3486655309483248
0.4062087186261559 0.3492333901192504
0.40594059405940597 0.3492333901192504
0.40567282321899734 0.3492333901192504
0.40540540540540543 0.3492333901192504
0.4051383399209486 0.3492333901192504
0.4048716260697828 0.3492333901192504
0.40460526315789475 0.3492333901192504
0.40433925049309666 0.3492333901192504
0.4040735873850197 0.3492333901192504
0.40380827314510837 0.3492333901192504
0.4035433070866142 0.3492333901192504
0.40327868852459015 0.3492333901192504
0.4036697247706422 0.34980124929017603
0.4034053700065488 0.34980124929017603
0.4037958115183246 0.35036910846110164
0.40353172007848265 0.35036910846110164
0.40326797385620916 0.35036910846110164
0.403004572175049 0.35036910846110164
0.4027415143603133 0.35036910846110164
0.4024787997390737 0.35036910846110164
0.4028683181225554 0.35093696763202725
0.4026058631921824 0.35093696763202725
0.40234375 0.35093696763202725
0.40208197787898503 0.35093696763202725
0.4024707412223667 0.35150482680295286
0.40220922677063026 0.35150482680295286
0.40194805194805194 0.35150482680295286
0.4016872160934458 0.35150482680295286
0.40142671854734113 0.35150482680295286
0.40116655865197665 0.35150482680295286
0.4009067357512953 0.35150482680295286
0.4006472491909385 0.35150482680295286
0.40103492884864167 0.3520726859738785
0.40077569489334197 0.3520726859738785
0.4011627906976744 0.3526405451448041
0.40090380890897354 0.3526405451448041
0.40064516129032257 0.3526405451448041
0.40038684719535783 0.3526405451448041
0.40012886597938147 0.3526405451448041
0.39987121699935607 0.3526405451448041
0.3996138996138996 0.3526405451448041
0.39935691318327976 0.3526405451448041
0.3991002570694087 0.3526405451448041
0.3988439306358382 0.3526405451448041
0.39858793324775355 0.3526405451448041
0.3989737010904426 0.3532084043157297
0.39871794871794874 0.3532084043157297
0.39846252402306215 0.3532084043157297
0.39820742637644047 0.3532084043157297
0.3979526551503519 0.3532084043157297
0.3976982097186701 0.3532084043157297
0.397444089456869 0.3532084043157297
0.39719029374201786 0.3532084043157297
0.396936821952776 0.3532084043157297
0.39668367346938777 0.3532084043157297
0.3964308476736775 0.3532084043157297
0.39681528662420384 0.3537762634866553
0.3965626989178867 0.3537762634866553
0.3969465648854962 0.3543441226575809
0.39669421487603307 0.3543441226575809
0.39644218551461247 0.3543441226575809
0.3961904761904762 0.3543441226575809
0.39593908629441626 0.3543441226575809
0.39568801521876984 0.3543441226575809
0.39543726235741444 0.3543441226575809
0.39518682710576314 0.3543441226575809
0.39556962025316456 0.35491198182850653
0.3953194180898166 0.35491198182850653
0.3950695322376738 0.35491198182850653
0.39481996209728365 0.35491198182850653
0.39457070707070707 0.35491198182850653
0.3949526813880126 0.35547984099943214
0.3953341740226986 0.35604770017035775
0.3950850661625709 0.35604770017035775
0.39483627204030225 0.35604770017035775
0.394587791063562 0.35604770017035775
0.39433962264150946 0.35604770017035775
0.3940917661847894 0.35604770017035775
0.39384422110552764 0.35604770017035775
0.3935969868173258 0.35604770017035775
0.3933500627352572 0.35604770017035775
0.3931034482758621 0.35604770017035775
0.39348370927318294 0.35661555934128336
0.3938634940513463 0.35718341851220897
0.39361702127659576 0.35718341851220897
0.39399624765478425 0.3577512776831346
0.39375 0.3577512776831346
0.3935040599625234 0.3577512776831346
0.39325842696629215 0.3577512776831346
0.3936369307548347 0.3583191368540602
0.3933915211970075 0.3583191368540602
0.39314641744548284 0.3583191368540602
0.3929016189290162 0.3583191368540602
0.39327940261356564 0.3588869960249858
0.39303482587064675 0.3588869960249858
0.3927905531385954 0.3588869960249858
0.39254658385093166 0.3588869960249858
0.3923029174425822 0.3588869960249858
0.3920595533498759 0.3588869960249858
0.3918164910105394 0.3588869960249858
0.3915737298636927 0.3588869960249858
0.39195046439628484 0.3594548551959114
0.3917079207920792 0.3594548551959114
0.39208410636982066 0.360022714366837
0.39184177997527814 0.360022714366837
0.3922174181593576 0.36059057353776264
0.3925925925925926 0.36115843270868825
0.39235040098704504 0.36115843270868825
0.3921085080147966 0.36115843270868825
0.39186691312384475 0.36115843270868825
0.3916256157635468 0.36115843270868825
0.3913846153846154 0.36115843270868825
0.39114391143911437 0.36115843270868825
0.3909035033804548 0.36115843270868825
0.3906633906633907 0.36115843270868825
0.39042357274401474 0.36115843270868825
0.3901840490797546 0.36115843270868825
0.38994481912936846 0.36115843270868825
0.3897058823529412 0.36115843270868825
0.38946723821187995 0.36115843270868825
0.38922888616891066 0.36115843270868825
0.3889908256880734 0.36115843270868825
0.38875305623471884 0.36115843270868825
0.38851557727550395 0.36115843270868825
0.3882783882783883 0.36115843270868825
0.38804148871262967 0.36115843270868825
0.3884146341463415 0.36172629187961386
0.38878732480195005 0.36229415105053947
0.38855054811205847 0.36229415105053947
0.38831405964698723 0.36229415105053947
0.3886861313868613 0.3628620102214651
0.3884498480243161 0.3628620102214651
0.3882138517618469 0.3628620102214651
0.3885853066180935 0.3634298693923907
0.3883495145631068 0.3634298693923907
0.38811400848999394 0.3634298693923907
0.3884848484848485 0.3639977285633163
0.3882495457298607 0.3639977285633163
0.3880145278450363 0.3639977285633163
0.3877797943133696 0.3639977285633163
0.3875453446191052 0.3639977285633163
0.38731117824773414 0.3639977285633163
0.38707729468599034 0.3639977285633163
0.38744719372359687 0.3645655877342419
0.38721351025331724 0.3645655877342419
0.38698010849909587 0.3645655877342419
0.38674698795180723 0.3645655877342419
0.38651414810355206 0.3645655877342419
0.3862815884476534 0.3645655877342419
0.38604930847865304 0.3645655877342419
0.3858173076923077 0.3645655877342419
0.3855855855855856 0.3645655877342419
0.38535414165666265 0.3645655877342419
0.385122975404919 0.3645655877342419
0.38489208633093525 0.3645655877342419
0.3852606351108448 0.3651334469051675
0.3850299401197605 0.3651334469051675
0.38539796529024534 0.36570130607609314
0.38516746411483255 0.36570130607609314
0.38493723849372385 0.36570130607609314
0.3847072879330944 0.36570130607609314
0.3844776119402985 0.36570130607609314
0.38424821002386633 0.36570130607609314
0.3840190816935003 0.36570130607609314
0.3837902264600715 0.36570130607609314
0.3835616438356164 0.36570130607609314
0.38333333333333336 0.36570130607609314
0.38310529446757885 0.36570130607609314
0.38287752675386444 0.36570130607609314
0.38265002970885326 0.36570130607609314
0.3824228028503563 0.36570130607609314
0.3827893175074184 0.36626916524701875
0.38256227758007116 0.36626916524701875
0.3823355068168346 0.36626916524701875
0.3821090047393365 0.36626916524701875
0.38188277087033745 0.36626916524701875
0.3816568047337278 0.36626916524701875
0.38143110585452394 0.36626916524701875
0.38120567375886527 0.36626916524701875
0.3809805079740106 0.36626916524701875
0.3807556080283353 0.36626916524701875
0.3811209439528024 0.36683702441794436
0.38148584905660377 0.36740488358886997
0.3812610489098409 0.36740488358886997
0.38103651354534745 0.36740488358886997
0.38081224249558565 0.36740488358886997
0.38058823529411767 0.36740488358886997
0.3803644914756026 0.36740488358886997
0.3801410105757932 0.36740488358886997
0.3805049911920141 0.3679727427597956
0.38028169014084506 0.3679727427597956
0.38005865102639297 0.3679727427597956
0.3798358733880422 0.3679727427597956
0.37961335676625657 0.3679727427597956
0.3793911007025761 0.3679727427597956
0.3791691047396138 0.3679727427597956
0.37894736842105264 0.3679727427597956
0.3793103448275862 0.3685406019307212
0.379088785046729 0.3685406019307212
0.37886748394629305 0.3685406019307212
0.37864644107351225 0.3685406019307212
0.37900874635568516 0.3691084611016468
0.3787878787878788 0.3691084611016468
0.37856726849155503 0.3691084611016468
0.37834691501746215 0.3691084611016468
0.37812681791739383 0.3691084611016468
0.3784883720930233 0.3696763202725724
0.37826844857640907 0.3696763202725724
0.3780487804878049 0.3696763202725724
0.3784097504352873 0.370244179443498
0.37819025522041766 0.370244179443498
0.3779710144927536 0.370244179443498
0.37775202780996525 0.370244179443498
0.377533294730747 0.370244179443498
0.3773148148148148 0.370244179443498
0.37709658762290343 0.370244179443498
0.376878612716763 0.370244179443498
0.37666088965915656 0.370244179443498
0.37644341801385683 0.370244179443498
0.3762261973456434 0.370244179443498
0.3760092272202999 0.370244179443498
0.37579250720461094 0.370244179443498
0.37557603686635943 0.370244179443498
0.37535981577432354 0.370244179443498
0.3751438434982739 0.370244179443498
0.37492811960897066 0.370244179443498
0.37471264367816093 0.370244179443498
0.37449741527857555 0.370244179443498
0.3742824339839265 0.370244179443498
0.37406769936890416 0.370244179443498
0.3738532110091743 0.370244179443498
0.3742120343839542 0.37081203861442363
0.3745704467353952 0.37137989778534924
0.3743560389238695 0.37137989778534924
0.37414187643020597 0.37137989778534924
0.37392795883361923 0.37137989778534924
0.3737142857142857 0.37137989778534924
0.37350085665334093 0.37137989778534924
0.3732876712328767 0.37137989778534924
0.3730747290359384 0.37137989778534924
0.3734321550741163 0.37194775695627486
0.3732193732193732 0.37194775695627486
0.3735763097949886 0.37251561612720047
0.373363688104724 0.37251561612720047
0.3731513083048919 0.37251561612720047
0.37293916998294485 0.37251561612720047
0.37272727272727274 0.37251561612720047
0.37251561612720047 0.37251561612720047
0.37230419977298523 0.37251561612720047
0.37209302325581395 0.37251561612720047
0.37188208616780044 0.37251561612720047
0.371671388101983 0.37251561612720047
0.3714609286523216 0.37251561612720047
0.37125070741369554 0.37251561612720047
0.37104072398190047 0.37251561612720047
0.3708309779536461 0.37251561612720047
0.3711864406779661 0.3730834752981261
0.3709768492377188 0.3730834752981261
0.37133182844243795 0.3736513344690517
0.37112239142695996 0.3736513344690517
0.370913190529876 0.3736513344690517
0.37070422535211267 0.3736513344690517
0.37105855855855857 0.3742191936399773
0.37084974676420934 0.3742191936399773
0.37064116985376827 0.3742191936399773
0.3704328274311411 0.3742191936399773
0.3702247191011236 0.3742191936399773
0.3700168444693992 0.3742191936399773
0.36980920314253646 0.3742191936399773
0.36960179472798654 0.3742191936399773
0.3693946188340807 0.3742191936399773
0.3697478991596639 0.3747870528109029
0.36954087346024633 0.3747870528109029
0.3693340794627868 0.3747870528109029
0.36968680089485456 0.3753549119818285
0.3694801565120179 0.3753549119818285
0.36983240223463687 0.37592277115275413
0.3696259073143495 0.37592277115275413
0.36941964285714285 0.37592277115275413
0.36921360847741214 0.37592277115275413
0.3695652173913043 0.37649063032367974
0.3693593314763231 0.37649063032367974
0.36971046770601335 0.37705848949460535
0.37006121313299944 0.37762634866553096
0.36985539488320357 0.37762634866553096
0.36964980544747084 0.37762634866553096
0.37 0.3781942078364566
0.36979455857856747 0.3781942078364566
0.36958934517203107 0.3781942078364566
0.3699389905712701 0.3787620670073822
0.3697339246119734 0.3787620670073822
0.36952908587257616 0.3787620670073822
0.3698781838316722 0.3793299261783078
0.3702268954067515 0.3798977853492334
0.37057522123893805 0.380465644520159
0.37037037037037035 0.380465644520159
0.3701657458563536 0.380465644520159
0.3699613473219216 0.380465644520159
0.369757174392936 0.380465644520159
0.37010479867622725 0.38103350369108463
0.3699007717750827 0.38103350369108463
0.3696969696969697 0.38103350369108463
0.3694933920704846 0.38103350369108463
0.3698403962575674 0.38160136286201024
0.3696369636963696 0.38160136286201024
0.36943375481033536 0.38160136286201024
0.36923076923076925 0.38160136286201024
0.36902800658978585 0.38160136286201024
0.36882546652030734 0.38160136286201024
0.36862314865606144 0.38160136286201024
0.3684210526315789 0.38160136286201024
0.36876712328767125 0.38216922203293585
0.36856516976998904 0.38216922203293585
0.36836343732895455 0.38216922203293585
0.36816192560175054 0.38216922203293585
0.3679606342263532 0.38216922203293585
0.36775956284153005 0.38216922203293585
0.3675587110868378 0.38216922203293585
0.3673580786026201 0.38216922203293585
0.36770321876704853 0.38273708120386146
0.3675027262813522 0.38273708120386146
0.3673024523160763 0.38273708120386146
0.36764705882352944 0.3833049403747871
0.3674469243331519 0.3833049403747871
0.367247007616975 0.3833049403747871
0.3675910821098423 0.3838727995457127
0.3673913043478261 0.3838727995457127
0.36719174361759915 0.3838727995457127
0.36753528773072747 0.3844406587166383
0.36733586543678787 0.3844406587166383
0.36713665943600865 0.3844406587166383
0.36693766937669375 0.3844406587166383
0.366738894907909 0.3844406587166383
0.36654033567948024 0.3844406587166383
0.36634199134199136 0.3844406587166383
0.366143861546782 0.3844406587166383
0.3659459459459459 0.3844406587166383
0.3657482441923285 0.3844406587166383
0.36555075593952485 0.3844406587166383
0.365353480841878 0.3844406587166383
0.3651564185544768 0.3844406587166383
0.3654986522911051 0.3850085178875639
0.36530172413793105 0.3850085178875639
0.3651050080775444 0.3850085178875639
0.36490850376749195 0.3850085178875639
0.36471221086605704 0.3850085178875639
0.36451612903225805 0.3850085178875639
0.3648576034390113 0.3855763770584895
0.36466165413533835 0.3855763770584895
0.36500268384326356 0.3861442362294151
0.365343347639485 0.38671209540034074
0.3651474530831099 0.38671209540034074
0.364951768488746 0.38671209540034074
0.3652919121585431 0.38727995457126635
0.36509635974304067 0.38727995457126635
0.36490101658640983 0.38727995457126635
0.36524064171122994 0.38784781374219196
0.36504543025120256 0.38784781374219196
0.36485042735042733 0.38784781374219196
0.3646556326748532 0.38784781374219196
0.3644610458911419 0.38784781374219196
0.3642666666666667 0.38784781374219196
0.3646055437100213 0.38841567291311757
0.3649440596696857 0.3889835320840432
0.3647497337593184 0.3889835320840432
0.3645556146886642 0.3889835320840432
0.36436170212765956 0.3889835320840432
0.36416799574694314 0.3889835320840432
0.36397449521785336 0.3889835320840432
0.363781200212427 0.3889835320840432
0.363588110403397 0.3889835320840432
0.363395225464191 0.3889835320840432
0.36320254506892896 0.3889835320840432
0.3630100688924218 0.3889835320840432
0.3633474576271186 0.3895513912549688
0.36315510852302807 0.3895513912549688
0.362962962962963 0.3895513912549688
0.36277102062400846 0.3895513912549688
0.36257928118393234 0.3895513912549688
0.3623877443211833 0.3895513912549688
0.36219640971488914 0.3895513912549688
0.36200527704485486 0.3895513912549688
0.3618143459915612 0.3895513912549688
0.36162361623616235 0.3895513912549688
0.36143308746048475 0.3895513912549688
0.36124275934702477 0.3895513912549688
0.36105263157894735 0.3895513912549688
0.3608627038400842 0.3895513912549688
0.361198738170347 0.3901192504258944
0.36100893326326855 0.3901192504258944
0.36081932773109243 0.3901192504258944
0.3606299212598425 0.3901192504258944
0.36096537250786986 0.39068710959682
0.36077608809648665 0.39068710959682
0.36058700209643607 0.39068710959682
0.3603981141959141 0.39068710959682
0.3607329842931937 0.3912549687677456
0.36054421768707484 0.3912549687677456
0.3608786610878661 0.39182282793867124
0.36069001568217457 0.39182282793867124
0.3605015673981191 0.39182282793867124
0.360313315926893 0.39182282793867124
0.36012526096033404 0.39182282793867124
0.3599374021909233 0.39182282793867124
0.3597497393117831 0.39182282793867124
0.35956227201667534 0.39182282793867124
0.359375 0.39182282793867124
0.35918792295679336 0.39182282793867124
0.3590010405827263 0.39182282793867124
0.358814352574103 0.39182282793867124
0.3586278586278586 0.39182282793867124
0.35844155844155845 0.39182282793867124
0.3582554517133956 0.39182282793867124
0.35858847950181627 0.39239068710959685
0.358402489626556 0.39239068710959685
0.35821669258683253 0.39239068710959685
0.35803108808290157 0.39239068710959685
0.3578456758156396 0.39239068710959685
0.35766045548654246 0.39239068710959685
0.35747542679772376 0.39239068710959685
0.3572905894519131 0.39239068710959685
0.3571059431524548 0.39239068710959685
0.3574380165289256 0.3929585462805224
0.3572534847702633 0.3929585462805224
0.3570691434468524 0.3929585462805224
0.3574007220216607 0.393526405451448
0.35721649484536083 0.393526405451448
0.3575476558475013 0.3940942646223736
0.3573635427394439 0.3940942646223736
0.35717961914565105 0.3940942646223736
0.35699588477366256 0.3940942646223736
0.35681233933161954 0.3940942646223736
0.3566289825282631 0.3940942646223736
0.35644581407293274 0.3940942646223736
0.35626283367556466 0.3940942646223736
0.3560800410466906 0.3940942646223736
0.3558974358974359 0.3940942646223736
0.3557150179395182 0.3940942646223736
0.3555327868852459 0.3940942646223736
0.35586277521761395 0.39466212379329924
0.3556806550665302 0.39466212379329924
0.3554987212276215 0.39466212379329924
0.3553169734151329 0.39466212379329924
0.3551354113438937 0.39466212379329924
0.355464759959142 0.39522998296422485
0.3557937723328229 0.39579784213515046
0.3556122448979592 0.39579784213515046
0.3554309026007139 0.39579784213515046
0.35524974515800206 0.39579784213515046
0.35557819663779927 0.39636570130607607
0.35539714867617106 0.39636570130607607
0.35521628498727736 0.39636570130607607
0.3550356052899288 0.39636570130607607
0.3553634977122522 0.3969335604770017
0.3551829268292683 0.3969335604770017
0.35551041137633316 0.3975014196479273
0.3553299492385787 0.3975014196479273
0.35514967021816335 0.3975014196479273
0.35496957403651114 0.3975014196479273
0.3547896604156107 0.3975014196479273
0.3546099290780142 0.3975014196479273
0.3549367088607595 0.3980692788188529
0.3547570850202429 0.3980692788188529
0.35457764289327265 0.3980692788188529
0.3543983822042467 0.3980692788188529
0.35421930267812024 0.3980692788188529
0.35404040404040404 0.3980692788188529
0.35386168601716306 0.3980692788188529
0.35368314833501513 0.3980692788188529
0.3535047907211296 0.3980692788188529
0.3533266129032258 0.3980692788188529
0.3531486146095718 0.3980692788188529
0.35347432024169184 0.3986371379897785
0.3532964267740312 0.3986371379897785
0.35311871227364183 0.3986371379897785
0.35294117647058826 0.3986371379897785
0.3527638190954774 0.3986371379897785
0.35258663987945754 0.3986371379897785
0.3529116465863454 0.3992049971607041
0.35273457099849476 0.3992049971607041
0.3530591775325978 0.39977285633162973
0.35288220551378446 0.39977285633162973
0.3532064128256513 0.40034071550255534
0.3530295443164747 0.40034071550255534
0.35285285285285284 0.40034071550255534
0.35267633816908456 0.40034071550255534
0.353 0.40090857467348096
0.35282358820589704 0.40090857467348096
0.3531468531468531 0.40147643384440657
0.3529705441837244 0.40147643384440657
0.3532934131736527 0.4020442930153322
0.3531172069825436 0.4020442930153322
0.35294117647058826 0.4020442930153322
0.35276532137518685 0.4020442930153322
0.35258964143426297 0.4020442930153322
0.35241413638626184 0.4020442930153322
0.3522388059701492 0.4020442930153322
0.3520636499254102 0.4020442930153322
0.3518886679920477 0.4020442930153322
0.35171385991058124 0.4020442930153322
0.3515392254220457 0.4020442930153322
0.35186104218362285 0.4026121521862578
0.35168650793650796 0.4026121521862578
0.3520079325731284 0.4031800113571834
0.3518334985133796 0.4031800113571834
0.3516592372461615 0.4031800113571834
0.35148514851485146 0.4031800113571834
0.351311232063335 0.4031800113571834
0.35113748763600394 0.4031800113571834
0.3509639149777558 0.4031800113571834
0.3512845849802372 0.403747870528109
0.3511111111111111 0.403747870528109
0.35093780848963474 0.403747870528109
0.351258016773557 0.4043157296990346
0.351577909270217 0.40488358886996023
0.35140463282405127 0.40488358886996023
0.35123152709359606 0.40488358886996023
0.35105859182668636 0.40488358886996023
0.35088582677165353 0.40488358886996023
0.3512051155927201 0.40545144804088584
0.35103244837758113 0.40545144804088584
0.35085995085995086 0.40545144804088584
0.3511787819253438 0.40601930721181145
0.35100638193421696 0.40601930721181145
0.35132482826300293 0.40658716638273706
0.35115252574791567 0.40658716638273706
