11557 48 0.9979085922241211
11324 48 0.996753990650177
11578 48 0.9963156580924988
61478 48 0.9962060451507568
11368 48 0.9960642457008362
54292 48 0.995627760887146
11564 48 0.9945953488349915
11635 48 0.9945762157440186
11330 48 0.9944889545440674
48854 48 0.9942474365234375
37605 48 0.9936642646789551
65399 48 0.9935391545295715
22278 48 0.9935085773468018
29414 48 0.9931135773658752
54112 48 0.9925861954689026
37016 48 0.9920166730880737
37015 48 0.9918262958526611
77038 48 0.9916380047798157
11660 48 0.9904001355171204
37799 48 0.9903931021690369
50386 29 0.9884536862373352
74743 28 0.9883522391319275
80518 48 0.9882951974868774
68402 48 0.9870176911354065
30874 48 0.9869846105575562
74296 48 0.9866416454315186
62788 48 0.9860040545463562
32681 29 0.9859203696250916
73076 28 0.9854204058647156
54236 48 0.9853712320327759
51923 48 0.9849003553390503
31066 48 0.9848917722702026
11664 48 0.9847483038902283
74162 48 0.9845343828201294
75131 48 0.9844233393669128
75627 48 0.9840250611305237
54278 48 0.9839734435081482
29577 48 0.9837613701820374
31100 48 0.9836397767066956
81183 48 0.9832540154457092
30842 48 0.982647716999054
82400 48 0.9825326204299927
1644 48 0.9822106957435608
11724 48 0.9817270040512085
11609 48 0.9816381931304932
59771 48 0.9815743565559387
22193 48 0.9807856678962708
69911 29 0.979625403881073
1645 48 0.9783318638801575
56749 48 0.9778615832328796
59226 48 0.9776806831359863
54260 48 0.9773761034011841
65377 48 0.9768599271774292
80555 48 0.976778507232666
59728 48 0.9763370752334595
21633 48 0.9763060212135315
22145 48 0.976210355758667
85949 48 0.9755474925041199
67879 29 0.9746471643447876
37810 48 0.974281907081604
63294 48 0.9741547107696533
11473 48 0.9740741848945618
11643 48 0.9735735654830933
54225 48 0.9734969735145569
74171 48 0.9734459519386292
62842 48 0.9734430909156799
65371 48 0.9725321531295776
48907 48 0.9724774360656738
26205 29 0.9717552065849304
73747 48 0.9717478156089783
59520 48 0.9703322649002075
22252 48 0.9700133800506592
32692 29 0.969876229763031
58227 48 0.9693164229393005
42453 48 0.9686240553855896
7689 48 0.968438982963562
11318 48 0.9678612351417542
67979 28 0.967158854007721
11692 48 0.9667122960090637
7698 48 0.9666529893875122
81360 29 0.9665874242782593
76409 48 0.9653967022895813
52747 28 0.9648653864860535
75270 48 0.9646199345588684
57534 28 0.9642311930656433
7501 48 0.9631011486053467
75460 48 0.963045060634613
87639 48 0.9625970721244812
53403 48 0.9624149799346924
30855 48 0.96185302734375
7526 48 0.9617763161659241
65307 48 0.961540162563324
37733 48 0.9609156250953674
58206 48 0.9607290029525757
36998 48 0.960487425327301
22241 48 0.960337221622467
30354 28 0.9595435261726379
77155 48 0.9587078094482422
58034 48 0.9586561918258667
11594 48 0.9586524963378906
48144 29 0.9574601650238037
37218 48 0.9570187330245972
93716 48 0.9564576745033264
83995 48 0.9552996158599854
74196 48 0.9552946090698242
77689 28 0.9549617171287537
59828 48 0.954571008682251
37185 48 0.954569399356842
59387 48 0.9543573260307312
66614 48 0.9539490342140198
15580 48 0.9532085657119751
52207 48 0.9524767994880676
79699 48 0.9519351720809937
2427 48 0.9518888592720032
60583 28 0.9515289664268494
2386 48 0.9511777758598328
48903 48 0.9510238766670227
38612 48 0.9501208066940308
15551 48 0.9500788450241089
54156 48 0.9497074484825134
52885 48 0.9494685530662537
63621 28 0.9482210278511047
94683 48 0.9476467370986938
52369 48 0.9476446509361267
6335 48 0.9476045966148376
79582 48 0.9464571475982666
78631 48 0.9463062286376953
61067 28 0.946185827255249
44556 29 0.9456064105033875
47958 28 0.9454881548881531
79219 28 0.9445967078208923
62857 48 0.9444165229797363
11334 48 0.9439998269081116
38897 29 0.9437029957771301
38630 48 0.9436763525009155
11808 48 0.9434013962745667
76133 29 0.942879855632782
37173 48 0.9425359964370728
27116 29 0.9419953227043152
86019 29 0.941389799118042
11815 48 0.9413629770278931
22339 48 0.9404744505882263
79826 48 0.9401412606239319
65491 48 0.9399577975273132
94778 48 0.9388938546180725
60322 48 0.9383275508880615
30469 28 0.9372085332870483
7591 48 0.9367679357528687
62872 48 0.9350780844688416
37719 48 0.9339806437492371
55432 48 0.9338602423667908
58344 48 0.9337331056594849
26316 29 0.9336645603179932
48924 48 0.9331086874008179
16590 48 0.9330430030822754
42652 48 0.9329254031181335
32524 28 0.9328492879867554
76434 48 0.9328099489212036
27781 28 0.932778000831604
11622 48 0.9323751330375671
36996 48 0.931971549987793
35428 48 0.9318442344665527
30362 29 0.9318252801895142
29624 48 0.9316095113754272
70445 48 0.9312798976898193
38141 48 0.9302851557731628
37195 48 0.9298184514045715
90131 48 0.9290333390235901
54814 48 0.9286158084869385
65525 28 0.9285144209861755
94712 48 0.9281280636787415
67953 28 0.9281230568885803
3478 28 0.9274355173110962
65401 48 0.9271048903465271
37712 48 0.9270331263542175
35311 48 0.9265495538711548
37176 48 0.9263594150543213
75635 48 0.9258199334144592
30359 29 0.9256306290626526
11743 48 0.9253538250923157
59272 48 0.9252874851226807
42942 48 0.925130307674408
16785 29 0.9248133301734924
71396 29 0.9246396422386169
37266 48 0.9244657754898071
37167 48 0.9242368936538696
89597 48 0.9242143034934998
11725 48 0.9239106774330139
60181 48 0.9234574437141418
74281 48 0.9230639934539795
49100 48 0.9228454828262329
36790 28 0.9226362705230713
27683 29 0.9224767684936523
79659 48 0.9212744235992432
32816 29 0.9211232662200928
35054 28 0.9209821224212646
79644 48 0.9209703803062439
37438 48 0.9207378625869751
52669 28 0.920712411403656
75323 48 0.92024165391922
67100 28 0.9198779463768005
19223 29 0.9195234179496765
7724 48 0.9192072153091431
79770 48 0.9191175103187561
29504 48 0.9189191460609436
54249 48 0.9186822772026062
79642 48 0.918521523475647
77039 48 0.9184913635253906
78787 48 0.9181013107299805
6881 28 0.9170228838920593
16706 48 0.9152131676673889
2370 48 0.9132979512214661
38440 28 0.9129945039749146
3284 48 0.9129613041877747
65781 48 0.912788450717926
79247 28 0.9125254154205322
17486 29 0.9124012589454651
34594 29 0.9115281105041504
34563 28 0.9114030003547668
37019 48 0.9111104011535645
83895 48 0.9104773998260498
29622 48 0.9098232984542847
93358 48 0.9084429740905762
74280 48 0.9081138372421265
18509 29 0.9077792167663574
57420 24 0.9074170589447021
66204 48 0.9064455628395081
88209 48 0.9041969776153564
54711 48 0.9035543203353882
34615 28 0.9032446146011353
48821 48 0.903014063835144
24993 29 0.9029331207275391
65921 48 0.9025357961654663
52870 48 0.9024953842163086
7660 48 0.902362585067749
58387 48 0.9021134972572327
7028 28 0.9006388783454895
20859 48 0.9003413319587708
67223 28 0.9000756740570068
62913 48 0.8996800780296326
31098 48 0.8987177610397339
87495 48 0.8986448645591736
15406 48 0.8981379866600037
91991 48 0.8973105549812317
15419 48 0.8961974382400513
94768 48 0.8961841464042664
22441 29 0.8961468935012817
37431 48 0.8957699537277222
37723 48 0.8947701454162598
75524 48 0.8946712017059326
52588 48 0.89459627866745
52439 48 0.8945603370666504
93599 48 0.8943716883659363
79436 48 0.8942654728889465
89267 48 0.8930551409721375
80388 48 0.8928958177566528
11356 48 0.8926430940628052
46704 28 0.892063558101654
66284 48 0.8918418288230896
22077 48 0.891444981098175
21957 48 0.8910086154937744
6129 48 0.890812337398529
84840 48 0.8906498551368713
59508 48 0.8903807401657104
51984 48 0.890082061290741
59857 48 0.8897557854652405
71625 48 0.8893676996231079
49353 48 0.8886693120002747
15414 48 0.8885837197303772
65480 48 0.8885099291801453
37595 48 0.888154149055481
69330 29 0.8877235651016235
19686 28 0.8877132534980774
66174 48 0.8871645331382751
73710 48 0.8869062066078186
45885 28 0.8857095837593079
54121 48 0.8855640292167664
56325 28 0.8854597210884094
2850 28 0.8853995203971863
72285 28 0.8847618699073792
25758 29 0.883932888507843
20948 28 0.8835268616676331
79800 48 0.8833810687065125
47455 48 0.8833215832710266
10995 28 0.8816580772399902
3674 48 0.8812839388847351
68306 48 0.8811948299407959
84317 48 0.8807877898216248
38360 48 0.8804441690444946
1667 48 0.8803303241729736
95402 48 0.8795353770256042
37354 48 0.8787180185317993
17293 28 0.878644585609436
29542 48 0.8783453106880188
50559 48 0.8778215050697327
37754 48 0.8772466778755188
58136 48 0.8772187829017639
37207 48 0.8758130073547363
49009 29 0.8752799034118652
11362 48 0.8751146197319031
30363 29 0.874905526638031
71634 48 0.8744945526123047
1938 48 0.8742715716362
59658 48 0.8740311861038208
20385 48 0.8739155530929565
66301 48 0.8735427260398865
25843 48 0.8734019994735718
44507 48 0.8730518817901611
29821 29 0.8712685704231262
54302 48 0.8712154030799866
65473 48 0.8710817694664001
11278 48 0.8704837560653687
77468 28 0.8699302077293396
20534 29 0.8696500658988953
72316 29 0.8696488738059998
37599 48 0.8691609501838684
37351 48 0.8688933849334717
11341 48 0.8688052296638489
65910 48 0.8682311773300171
36674 29 0.8674207329750061
76264 28 0.8669383525848389
51897 48 0.8667907118797302
17209 28 0.8666845560073853
24468 29 0.8665316700935364
54227 48 0.8646118640899658
73029 28 0.8640295267105103
11596 48 0.8616750240325928
65961 48 0.8613223433494568
54261 48 0.8604458570480347
7531 48 0.8601933121681213
10507 48 0.8597879409790039
29422 48 0.8596380949020386
56157 28 0.8568025827407837
66674 48 0.8564079403877258
62012 28 0.8563841581344604
38880 29 0.8550393581390381
80760 48 0.8548212647438049
36662 24 0.8535700440406799
59391 48 0.8531884551048279
71590 48 0.8515976071357727
54182 48 0.851250410079956
33324 1 0.8510487675666809
49347 48 0.8503890037536621
20963 28 0.848791778087616
22087 48 0.8473290205001831
21825 24 0.8472999334335327
50482 48 0.8472053408622742
11591 48 0.8466063737869263
66224 48 0.8460996150970459
29399 48 0.8460031151771545
11809 48 0.845717191696167
37738 48 0.8455498814582825
85880 48 0.8443712592124939
37722 48 0.8437045812606812
65997 48 0.8435882925987244
63724 29 0.8435322642326355
46405 1 0.8434235453605652
75141 48 0.8430027365684509
80290 28 0.8427934646606445
49386 48 0.842767596244812
55442 48 0.8425670266151428
29648 48 0.842349112033844
86548 28 0.8404102921485901
78326 48 0.8400782346725464
91856 28 0.8393849730491638
30790 48 0.8390114307403564
9380 48 0.8389310240745544
48998 28 0.8377220630645752
54530 28 0.8373262882232666
59682 48 0.835830807685852
76551 48 0.8356664776802063
47057 24 0.8356554508209229
16585 28 0.8355119824409485
50560 48 0.8338891267776489
27362 28 0.8326144218444824
65136 48 0.8318652510643005
10180 48 0.8311319351196289
14494 28 0.8300949931144714
57601 28 0.8288946151733398
22075 48 0.8287168741226196
48519 29 0.8286541104316711
5574 48 0.8285969495773315
50813 48 0.8278583288192749
38177 48 0.8276793360710144
11816 48 0.8276576995849609
53392 29 0.8275567293167114
5586 48 0.8272547721862793
85908 48 0.8272174000740051
78273 48 0.8263896107673645
38759 29 0.8263785243034363
24864 28 0.8262543082237244
28296 29 0.8261937499046326
64615 48 0.8258847594261169
1640 48 0.8253210783004761
81164 48 0.8248265981674194
60635 28 0.8241260647773743
49429 48 0.8222947120666504
19149 28 0.822238564491272
11281 48 0.8220472931861877
10657 48 0.8210397958755493
48145 28 0.8209460973739624
36557 28 0.8208291530609131
534 28 0.8207086324691772
6143 48 0.820163905620575
71766 48 0.8195865750312805
48315 29 0.8195357918739319
49155 48 0.819173276424408
11300 48 0.8184989094734192
7137 48 0.8184857964515686
39537 29 0.8168827295303345
53328 48 0.8168317675590515
64143 48 0.8162857890129089
59839 48 0.8161249756813049
84925 48 0.8155863881111145
82802 29 0.8140893578529358
7798 48 0.8140235543251038
20899 28 0.812972366809845
50825 48 0.8116233944892883
79776 48 0.8113746643066406
1493 24 0.8111469149589539
51979 48 0.8106790781021118
37080 48 0.8090531826019287
50496 48 0.8088973760604858
82589 1 0.80832839012146
22987 48 0.8079243302345276
75316 48 0.8078749179840088
65457 48 0.807571530342102
95381 48 0.8069584369659424
12073 28 0.8060373663902283
2741 28 0.8057699799537659
30936 48 0.8057688474655151
41849 28 0.805641233921051
21820 29 0.8046368360519409
88069 24 0.8046283721923828
33355 28 0.8043627142906189
2707 24 0.8042721748352051
37796 48 0.8037849068641663
37553 29 0.8033595681190491
79765 48 0.8031877875328064
52195 48 0.8031531572341919
55250 48 0.8011486530303955
66323 48 0.8010447025299072
75628 48 0.7998090982437134
12980 48 0.7981176376342773
65515 28 0.7980000972747803
84506 48 0.7970842719078064
48816 48 0.7968767285346985
21384 29 0.7964922785758972
37122 48 0.7955053448677063
78272 48 0.7954825758934021
22178 48 0.7943120002746582
93141 48 0.7940106987953186
54568 48 0.7928963303565979
15834 28 0.7922287583351135
68856 24 0.7909596562385559
72347 28 0.7901085019111633
87460 48 0.7897729873657227
76793 48 0.7896799445152283
34548 29 0.7896265387535095
51895 48 0.7895261645317078
77029 48 0.7881953120231628
87382 48 0.7875627875328064
37524 48 0.7866179347038269
37200 48 0.7861334681510925
59177 28 0.7860977649688721
67150 28 0.7856084108352661
19028 29 0.7855825424194336
48916 48 0.785524308681488
31531 48 0.7848613262176514
15603 48 0.7846633195877075
11492 48 0.7843261957168579
65167 29 0.7840706706047058
85914 48 0.7829359173774719
77882 28 0.782633900642395
62820 48 0.7823989987373352
3967 48 0.7822267413139343
5553 48 0.782218337059021
37918 48 0.7820863127708435
34427 28 0.7818478345870972
21367 28 0.7818091511726379
93506 48 0.7817840576171875
58089 28 0.7807295322418213
68825 28 0.7806792259216309
53834 48 0.7804108262062073
75135 48 0.7802339196205139
60516 28 0.7797214984893799
72618 24 0.779603898525238
67564 29 0.7794679403305054
65430 48 0.7787150740623474
64038 28 0.7786598205566406
18978 28 0.778244137763977
65410 48 0.7780292630195618
18777 48 0.7780046463012695
50469 48 0.7778255343437195
29656 48 0.7774472236633301
15444 48 0.7773154377937317
476 48 0.7766507863998413
11601 48 0.776511549949646
70001 28 0.7764538526535034
545 1 0.7764409184455872
4493 29 0.7754189372062683
4665 28 0.77495938539505
11729 48 0.7747439742088318
19728 29 0.7746273279190063
51938 48 0.7744707465171814
74330 48 0.7740821242332458
54215 48 0.7738134264945984
16292 28 0.7737990617752075
91408 28 0.7729427814483643
85208 29 0.7722790837287903
31671 48 0.7721605896949768
65439 48 0.7720094323158264
11533 48 0.7719652056694031
54131 48 0.7717064619064331
10419 48 0.7705551385879517
82862 28 0.7702346444129944
34847 29 0.7693835496902466
64976 29 0.7693750858306885
64567 48 0.7688575387001038
87625 48 0.7688056826591492
58244 48 0.7688055038452148
58019 48 0.768552839756012
49418 28 0.7675522565841675
8673 24 0.766243577003479
2504 48 0.765194833278656
57395 28 0.7643530368804932
73861 48 0.7637884020805359
79508 48 0.7610743641853333
79838 48 0.7608717679977417
58788 28 0.7607434988021851
79887 29 0.7602786421775818
18286 28 0.7601923942565918
23010 48 0.7592878341674805
49372 48 0.7586713433265686
24948 48 0.7581921219825745
79841 48 0.7579931020736694
57796 28 0.7579042911529541
11612 48 0.757732093334198
15574 48 0.7575225234031677
39410 28 0.7573720216751099
52863 48 0.7573278546333313
62607 28 0.7570752501487732
11577 48 0.7569204568862915
84934 48 0.756866991519928
71649 48 0.7567506432533264
37410 48 0.7566657662391663
79821 48 0.7563269138336182
26802 28 0.7547135353088379
27464 28 0.7544158101081848
85574 24 0.7543774843215942
59305 48 0.7541980147361755
50688 28 0.7534070611000061
77008 48 0.7523682713508606
84402 28 0.7522532939910889
65358 48 0.752081573009491
26816 28 0.7520092129707336
87643 48 0.7519123554229736
60299 48 0.7517277598381042
77732 24 0.7516396641731262
29498 48 0.7514964938163757
3227 48 0.7513254880905151
54117 48 0.7505071759223938
76414 48 0.7501266002655029
65509 28 0.749971866607666
11424 48 0.7496910095214844
37166 48 0.7496718764305115
93693 48 0.749152421951294
69230 28 0.7482781410217285
59649 48 0.7481317520141602
51560 48 0.7460198402404785
54165 48 0.7451993823051453
65534 28 0.7449887990951538
76509 48 0.7447015643119812
11818 48 0.7445518374443054
68022 28 0.7445202469825745
6205 48 0.7437788248062134
37002 48 0.7429142594337463
55692 48 0.7416421175003052
70697 48 0.7409698367118835
48915 48 0.7403454184532166
7558 48 0.7401499152183533
61484 48 0.7390152812004089
57092 28 0.7379439473152161
19036 28 0.7375154495239258
94779 48 0.7372108697891235
64544 24 0.7351962327957153
11457 48 0.7344729900360107
78203 28 0.7344613671302795
77662 29 0.7331603765487671
73923 29 0.7331542372703552
20464 29 0.7328841686248779
52952 28 0.7324822545051575
54283 48 0.730800986289978
63753 28 0.7307913899421692
52382 48 0.7295609712600708
33735 28 0.7269779443740845
72146 29 0.72674959897995
65344 48 0.7265012264251709
11670 48 0.7264577746391296
32549 29 0.7257983088493347
61704 29 0.725533127784729
73310 29 0.7251563668251038
7487 48 0.7250309586524963
22758 24 0.7247248888015747
94226 48 0.7238576412200928
24923 29 0.7235020399093628
76777 48 0.722987711429596
66785 28 0.7228014469146729
37654 48 0.7223924994468689
47066 48 0.7223608493804932
64958 29 0.7212811708450317
56639 1 0.7209445238113403
94751 48 0.720795214176178
15473 48 0.720298171043396
79678 48 0.7192912101745605
47125 28 0.719114363193512
84906 48 0.7188888788223267
41332 48 0.718627393245697
36406 28 0.7184301018714905
48072 48 0.7175016403198242
79450 48 0.7175011038780212
64966 28 0.7144909501075745
2327 28 0.7135936617851257
87116 28 0.713516891002655
37238 48 0.7131661772727966
63615 28 0.713148832321167
9026 48 0.7129801511764526
18537 28 0.7128736972808838
15432 48 0.7119004130363464
6157 48 0.7115142345428467
67375 48 0.7104704976081848
11319 48 0.7104140520095825
49147 48 0.7103402018547058
75592 48 0.7102267742156982
94957 48 0.7101268768310547
26027 29 0.7092558145523071
68579 24 0.7087065577507019
83927 48 0.7086946368217468
68305 48 0.7082082033157349
11690 48 0.7079146504402161
27314 28 0.7077330350875854
30472 28 0.7068215012550354
55257 48 0.7067374587059021
28925 29 0.7059670686721802
11820 48 0.7054076194763184
67608 24 0.7053141593933105
59363 28 0.7040643095970154
56174 29 0.7035495042800903
52814 48 0.7033531665802002
3932 48 0.7031311988830566
53911 48 0.7024747729301453
46686 29 0.7023234367370605
29199 28 0.7022882699966431
11450 48 0.7021215558052063
78449 29 0.702015221118927
54031 28 0.7016404271125793
48835 48 0.7009823322296143
11513 48 0.6999865174293518
75286 48 0.698871374130249
21969 48 0.6981592774391174
49562 24 0.6977127194404602
79760 48 0.6975786685943604
36299 28 0.6973615288734436
2469 48 0.697342574596405
53449 28 0.69720059633255
50927 29 0.6970917582511902
81750 28 0.6969289779663086
64542 48 0.6967259645462036
59294 48 0.6965753436088562
31210 48 0.6961084604263306
7608 48 0.6952686309814453
1228 28 0.6946271657943726
39516 28 0.6944074034690857
94701 1 0.6940411925315857
29807 28 0.6939622759819031
94426 48 0.6933490037918091
84461 48 0.6930387616157532
7723 48 0.6930266618728638
80771 1 0.6916604042053223
83766 28 0.6911721229553223
84572 48 0.6911224722862244
65482 48 0.6909806728363037
21952 48 0.6908974647521973
37296 48 0.6905337572097778
78453 48 0.6903403997421265
15577 48 0.6901519894599915
94414 48 0.6893153190612793
75103 48 0.6891399621963501
55474 48 0.6889561414718628
7486 48 0.6884069442749023
83329 24 0.6876944303512573
51940 48 0.6875417232513428
32449 28 0.687176525592804
75109 48 0.6862369179725647
11950 28 0.6861143708229065
87261 29 0.685968816280365
33887 48 0.6857051253318787
84522 48 0.6857032775878906
34759 28 0.6846383213996887
17824 28 0.6837142705917358
20470 28 0.6837025284767151
51280 28 0.6833124756813049
24173 48 0.6827243566513062
70372 29 0.6825836896896362
72440 28 0.6825755834579468
79459 48 0.6824972033500671
37444 48 0.6820693016052246
2458 48 0.6820604205131531
90737 48 0.681789219379425
46075 28 0.6810693144798279
80633 48 0.6803719997406006
66227 48 0.6799145340919495
37433 48 0.6795297861099243
47562 48 0.6788939833641052
85569 48 0.678025484085083
61200 28 0.6778416037559509
58113 28 0.677699625492096
39097 28 0.6770999431610107
62605 28 0.6766996383666992
65448 48 0.6765429973602295
10385 29 0.6765050292015076
73044 48 0.6760284900665283
48887 48 0.6757466793060303
36997 48 0.6753265857696533
37666 48 0.6744033098220825
87946 28 0.6743803024291992
87673 48 0.6743212938308716
11947 36 0.6735010147094727
28472 28 0.6724932193756104
11624 48 0.6717424988746643
69860 28 0.6709743142127991
37220 48 0.6708695888519287
79596 24 0.6702877879142761
14832 48 0.6694652438163757
77297 28 0.6688359975814819
62065 28 0.6682751774787903
10085 28 0.6677541136741638
49364 48 0.6675504446029663
60250 48 0.6669676899909973
30468 28 0.6667922735214233
12200 48 0.6664339303970337
26781 29 0.6664158701896667
62931 48 0.6653528213500977
85735 48 0.6652206182479858
91760 48 0.665169894695282
26166 29 0.6646688580513
61350 29 0.6631103157997131
35860 28 0.6624785661697388
14200 28 0.6622942090034485
4967 29 0.6621319651603699
19929 28 0.6617610454559326
86765 48 0.6614776849746704
65141 48 0.661268413066864
11680 48 0.6611180305480957
65805 48 0.660869836807251
4061 29 0.66075199842453
31664 48 0.6602450013160706
37457 48 0.6600856781005859
10408 48 0.6600235104560852
22015 48 0.659140944480896
77040 48 0.6590968370437622
15558 48 0.659011721611023
55038 28 0.6570302844047546
44274 48 0.6567473411560059
85969 48 0.6565518379211426
73685 28 0.6563423275947571
31897 48 0.656220555305481
65026 24 0.6560099720954895
59393 48 0.6559291481971741
31704 36 0.6555414795875549
30263 24 0.6550564169883728
59414 48 0.6536646485328674
85279 28 0.6532910466194153
83638 24 0.6531311273574829
33885 48 0.6529619097709656
82603 29 0.6520296931266785
12068 48 0.6519137024879456
11461 48 0.6516960859298706
58299 28 0.6514586806297302
75451 48 0.6514431238174438
65723 48 0.6498489379882812
82257 29 0.6498482823371887
81899 29 0.6494137048721313
15562 48 0.6488354802131653
79588 48 0.6486905217170715
90128 48 0.6480018496513367
79636 48 0.647928774356842
30844 48 0.647659420967102
32990 28 0.6476254463195801
79767 48 0.6476236581802368
67670 28 0.6475109457969666
79225 28 0.647144615650177
36979 48 0.647076427936554
84966 48 0.6468923687934875
17406 28 0.6464730501174927
50724 28 0.6448424458503723
93760 48 0.6447206735610962
65309 48 0.6447020769119263
29651 48 0.6442835330963135
84726 24 0.644220769405365
68525 28 0.643806517124176
52825 48 0.6432393789291382
48859 48 0.6431440114974976
64116 28 0.643027663230896
47535 48 0.6426159143447876
88549 24 0.642467200756073
22065 48 0.6424298286437988
13000 48 0.641451358795166
27390 48 0.6412310004234314
11584 48 0.6410498023033142
19244 28 0.6408212780952454
75500 48 0.6396257281303406
94200 48 0.6394160389900208
15483 48 0.6393761038780212
17136 48 0.6391774415969849
83324 24 0.6390729546546936
52166 48 0.6388536095619202
55889 48 0.6383548974990845
58534 28 0.6377608180046082
17033 28 0.6374551057815552
65393 48 0.636921763420105
57219 28 0.6367116570472717
48274 28 0.6364895701408386
42171 29 0.6363844275474548
8861 29 0.6356197595596313
11375 48 0.6345245242118835
58047 48 0.634415864944458
71910 29 0.634044349193573
34421 29 0.633137047290802
38205 48 0.631286084651947
13406 36 0.6312669515609741
75080 28 0.6304628252983093
12781 28 0.6302456855773926
84341 24 0.63019198179245
16955 29 0.6301204562187195
38350 48 0.62950199842453
67838 48 0.6294637322425842
78066 24 0.6293982267379761
7455 48 0.6292669773101807
93466 1 0.6291476488113403
45307 48 0.6279094815254211
64381 24 0.6275959610939026
74243 48 0.6273698210716248
81202 48 0.6271708011627197
22334 48 0.6259711384773254
56621 29 0.6258693337440491
7168 48 0.6256793141365051
63407 48 0.6256732940673828
61351 28 0.6253716945648193
59170 28 0.6247323751449585
84538 48 0.624599039554596
71539 24 0.624144434928894
51771 28 0.6231626868247986
55338 48 0.6228407621383667
73416 28 0.6228228211402893
50848 24 0.6224328875541687
66855 24 0.6224282383918762
77645 28 0.6218341588973999
94726 48 0.6214779019355774
51728 29 0.6214365363121033
12528 24 0.6213261485099792
19221 28 0.6212230324745178
25605 24 0.621106743812561
54549 29 0.6208139061927795
33041 36 0.6207243800163269
84751 24 0.6207011342048645
86363 24 0.6196879744529724
52911 29 0.6195661425590515
39874 48 0.6192759275436401
47995 48 0.618675172328949
58032 48 0.6182648539543152
71657 48 0.6180362105369568
65311 48 0.6178264021873474
50102 28 0.6175932884216309
35881 24 0.6172596216201782
11648 48 0.6165799498558044
65487 48 0.6165069937705994
71751 48 0.6164450645446777
82788 28 0.6161965727806091
46741 6 0.6158379912376404
52374 48 0.6150221228599548
11526 48 0.6144243478775024
37835 28 0.6141241192817688
25983 28 0.6139326095581055
54798 48 0.6132187247276306
15609 48 0.6130082011222839
82817 28 0.6128291487693787
75253 48 0.612105131149292
11756 48 0.6120825409889221
41160 28 0.6118649840354919
29506 48 0.6114729046821594
7017 48 0.6109878420829773
29647 48 0.610795795917511
8927 1 0.6104081869125366
36793 29 0.6103789210319519
60315 48 0.6099868416786194
12952 48 0.6094415187835693
32889 28 0.6089403629302979
29573 48 0.6087568402290344
70961 1 0.608404815196991
79367 28 0.6083324551582336
79735 48 0.607984185218811
29023 29 0.6078529357910156
76881 48 0.6068820953369141
51279 28 0.6066237688064575
4516 28 0.606623649597168
34121 6 0.6065700650215149
24463 29 0.6065438389778137
76138 29 0.6058977842330933
22419 48 0.6051746010780334
84541 48 0.60481196641922
51934 48 0.6043542623519897
22411 48 0.6040299534797668
37458 48 0.6039480566978455
54714 48 0.6037853956222534
52802 28 0.6034841537475586
94693 48 0.6033598780632019
51749 24 0.6033163070678711
11632 48 0.6032073497772217
32513 48 0.6030940413475037
22029 48 0.6027271151542664
62458 29 0.6025320887565613
29092 48 0.6017211079597473
65952 48 0.6015621423721313
51573 48 0.6014109253883362
14506 28 0.6010007262229919
83266 48 0.6009972095489502
75602 48 0.6007527709007263
18280 36 0.6002508401870728
79422 48 0.6001167893409729
26200 28 0.6001097559928894
75537 48 0.5980701446533203
10794 48 0.5977978706359863
25391 48 0.5977030992507935
81153 48 0.5972947478294373
58111 48 0.5966648459434509
21920 48 0.5965633392333984
48877 48 0.5959732532501221
41594 29 0.595860481262207
52898 48 0.59577476978302
28178 29 0.5957636833190918
75093 48 0.5953402519226074
8736 29 0.5950843691825867
85007 48 0.5946189165115356
75469 48 0.5946060419082642
22130 48 0.5944057106971741
48856 48 0.5936543345451355
18351 36 0.5935859084129333
65673 48 0.593429684638977
37621 48 0.5928595662117004
56086 29 0.5926697850227356
11684 48 0.5923368334770203
18483 28 0.5921676754951477
4682 28 0.5919170379638672
8655 48 0.5913665890693665
11315 48 0.5913594961166382
67093 48 0.5906954407691956
64583 48 0.5894320607185364
29554 48 0.5892959833145142
11607 48 0.589174747467041
11561 48 0.5873024463653564
60594 29 0.5869329571723938
75256 48 0.586630642414093
16709 48 0.5866292119026184
65423 48 0.5855190753936768
20855 48 0.5854064226150513
29327 48 0.5843576788902283
6241 48 0.5836306810379028
22217 48 0.5835661888122559
11587 48 0.5834159851074219
29348 48 0.5833830833435059
86762 48 0.5832439064979553
38026 48 0.5822910070419312
13926 28 0.5817789435386658
18333 36 0.5813586711883545
10737 48 0.5812684297561646
75497 48 0.5810788869857788
12399 48 0.5808723568916321
7109 48 0.5797638893127441
37386 48 0.5788759589195251
89587 48 0.5783959031105042
50354 28 0.5780892968177795
54743 48 0.5778264999389648
54841 28 0.5769034624099731
84793 28 0.5767927169799805
54169 48 0.5766929388046265
16616 48 0.5766450762748718
11556 48 0.5765216946601868
38704 28 0.5764848589897156
55446 48 0.5764520168304443
62712 24 0.5760843753814697
50777 48 0.5756983160972595
53309 29 0.5756504535675049
53862 48 0.5754091143608093
15325 28 0.575135350227356
17389 28 0.5746705532073975
31116 48 0.5743955969810486
66650 48 0.5739906430244446
11589 48 0.5724019408226013
2417 48 0.5723806619644165
34473 28 0.5719949007034302
55462 1 0.5719716548919678
32694 29 0.571479082107544
1673 48 0.5714583992958069
74277 24 0.5713035464286804
7470 48 0.5706859827041626
16653 48 0.570522665977478
22324 48 0.5702145099639893
58450 48 0.5697488784790039
71343 29 0.5697248578071594
37440 48 0.5692520141601562
38869 29 0.5687769055366516
11327 48 0.5687389373779297
3305 48 0.5686265826225281
83973 48 0.568496823310852
22264 48 0.5684062242507935
30865 48 0.5683863759040833
26411 28 0.5678154826164246
49316 48 0.5677363276481628
77020 48 0.5676722526550293
63876 29 0.5675770044326782
73528 28 0.5674769878387451
6520 28 0.5672017335891724
11323 48 0.5668341517448425
64306 28 0.5663188099861145
55187 28 0.5658841729164124
69174 29 0.5658316612243652
77028 48 0.5657052993774414
68811 48 0.5654134154319763
3496 28 0.5652072429656982
22956 29 0.5647159814834595
38557 48 0.5636382102966309
82127 28 0.5633718967437744
37715 48 0.5633026361465454
37434 28 0.5632351040840149
29354 48 0.5631266236305237
58107 48 0.5627613663673401
47970 28 0.5621715784072876
37141 24 0.5621281266212463
65566 29 0.5620753169059753
58176 48 0.5619229078292847
11671 48 0.5616553425788879
34380 48 0.5616071224212646
85295 48 0.56130051612854
37927 48 0.5605974197387695
12410 48 0.5602551698684692
14053 28 0.5600840449333191
58198 48 0.5599491000175476
59384 48 0.5598690509796143
65278 48 0.5598681569099426
87060 28 0.559262216091156
11179 48 0.558999240398407
64106 29 0.558845043182373
58114 28 0.5584766268730164
52828 48 0.5584375858306885
36952 48 0.5578270554542542
32596 29 0.557411789894104
37116 48 0.5573781132698059
38676 28 0.5572184324264526
19294 48 0.5563125610351562
11651 48 0.5559580326080322
41606 29 0.5551920533180237
45682 48 0.555146336555481
37062 48 0.555045485496521
72623 28 0.5546032190322876
65649 48 0.5543197393417358
2589 48 0.5532004237174988
31542 48 0.5530004501342773
31072 48 0.5528531670570374
63363 48 0.5527195334434509
67775 6 0.5525588989257812
36360 29 0.5523346662521362
16659 48 0.5523027777671814
3741 28 0.5519856214523315
59347 48 0.5519764423370361
79339 28 0.5519618988037109
37397 48 0.5517935752868652
7704 48 0.5517234206199646
25134 28 0.5516939759254456
16655 48 0.5516707897186279
68301 48 0.5514311194419861
37388 48 0.5513962507247925
34061 28 0.5513426065444946
11295 48 0.5512412786483765
37069 48 0.5511874556541443
27941 29 0.5511606931686401
77652 36 0.5510732531547546
22149 48 0.5510187745094299
64546 48 0.5509558320045471
92910 48 0.5509178042411804
51558 24 0.5501880049705505
95182 48 0.5501335859298706
54329 28 0.5499849319458008
84472 48 0.5499545335769653
1661 48 0.5499273538589478
13998 29 0.5499265193939209
54810 48 0.549873948097229
61545 48 0.5497865676879883
74837 36 0.5497210621833801
95275 48 0.5494140982627869
14266 28 0.5492739677429199
84582 48 0.5486117005348206
79580 48 0.5486074686050415
84848 28 0.5476148724555969
11348 48 0.5475225448608398
79834 48 0.5474631786346436
67791 36 0.547139048576355
54726 48 0.5468736290931702
56970 29 0.5468051433563232
38588 48 0.5462873578071594
36202 6 0.5460371971130371
42029 36 0.5453036427497864
54343 48 0.5448305010795593
75133 48 0.5447515249252319
83174 28 0.544680118560791
31021 48 0.5446541905403137
65361 48 0.544623076915741
26539 28 0.5443509221076965
64037 28 0.54424649477005
95693 29 0.5441945791244507
46966 48 0.5437874794006348
55936 48 0.5435224175453186
7082 28 0.5434512495994568
18064 36 0.5432206392288208
94769 48 0.5421491265296936
11547 48 0.5421395897865295
37829 48 0.5417929887771606
9661 28 0.5417335629463196
82473 29 0.54170823097229
30358 28 0.5413681268692017
67043 6 0.5412800908088684
12228 48 0.5410630106925964
33358 36 0.5405980348587036
85598 28 0.540185272693634
93018 36 0.540144681930542
48008 48 0.5396749973297119
37688 48 0.5394793748855591
11662 48 0.539381742477417
50412 48 0.5390450954437256
3290 48 0.5389944314956665
61806 28 0.5388756394386292
63643 28 0.5386161804199219
50843 48 0.5385754704475403
64102 28 0.5384188890457153
80704 48 0.5381937623023987
66670 48 0.5380556583404541
37109 48 0.5374634861946106
34415 29 0.5371153354644775
59670 48 0.5365623831748962
8918 28 0.5353385806083679
65024 48 0.5350626111030579
26225 28 0.5347437262535095
65087 28 0.534631073474884
39481 28 0.5345580577850342
18120 36 0.5342416167259216
37477 48 0.5341440439224243
7032 36 0.5341057181358337
54361 48 0.5337423086166382
68322 48 0.5335118770599365
3424 48 0.5333874821662903
52458 28 0.532539963722229
16105 24 0.5325120687484741
38121 24 0.5324978232383728
12532 28 0.5324675440788269
7490 48 0.5320963263511658
94703 48 0.5317489504814148
1988 28 0.5315352082252502
35734 28 0.5313364863395691
89620 48 0.5310972929000854
92251 48 0.5306690335273743
23852 24 0.5306044220924377
92327 48 0.5304630994796753
46959 48 0.5301187038421631
17415 24 0.5299733281135559
11463 48 0.5296234488487244
66644 48 0.5293974280357361
28336 29 0.5292867422103882
68458 1 0.528847336769104
54270 48 0.5287888050079346
92727 1 0.5287388563156128
16713 48 0.5287157893180847
58163 48 0.5279794931411743
80135 28 0.5278177857398987
77347 9 0.5276344418525696
21166 36 0.5272031426429749
50822 48 0.5267648696899414
22215 48 0.5264812111854553
57250 29 0.5264634490013123
37304 48 0.5264118909835815
49101 48 0.5257851481437683
75653 48 0.5257474780082703
33814 29 0.5255284905433655
31601 48 0.52550208568573
82904 28 0.5254868268966675
20675 28 0.5254636406898499
42030 36 0.5246094465255737
35669 29 0.5245696306228638
27105 28 0.5244084000587463
75136 48 0.5243268609046936
18149 28 0.5242379903793335
81170 48 0.5241106152534485
37357 48 0.5241052508354187
94686 48 0.5239874720573425
80422 29 0.5237175226211548
1894 24 0.5235565900802612
75839 36 0.5235033631324768
11784 48 0.5234333276748657
76588 48 0.5233196020126343
31002 48 0.5231925249099731
21336 24 0.5228795409202576
53345 48 0.5228590965270996
43008 24 0.5228368043899536
69080 28 0.5226569771766663
90703 24 0.5226055979728699
89390 48 0.5225975513458252
31174 28 0.5223026275634766
73499 28 0.5221761465072632
85119 48 0.5219774842262268
48807 48 0.5219346880912781
87129 48 0.521521806716919
69622 48 0.5214098691940308
75068 28 0.5209951400756836
93702 1 0.5203019976615906
90126 48 0.5202776789665222
49908 48 0.5197952389717102
74274 48 0.5194918513298035
72624 28 0.5190758109092712
30307 28 0.5189658999443054
22732 29 0.5186073780059814
37154 48 0.5184918642044067
75649 48 0.5184031128883362
30956 48 0.5183749794960022
94673 48 0.5181350111961365
4479 28 0.5176544785499573
25309 28 0.5175732374191284
37503 48 0.5175601840019226
37204 28 0.5171803832054138
84852 48 0.5169596672058105
3344 48 0.5168820023536682
15578 48 0.5165155529975891
46945 48 0.5164803862571716
80632 48 0.5162779688835144
53322 48 0.5162224173545837
37007 48 0.5161699652671814
67536 28 0.5161166787147522
16641 48 0.516002893447876
62662 29 0.5152891278266907
49131 48 0.5148938298225403
86346 29 0.5147742629051208
49950 48 0.5147581100463867
71686 48 0.5144520401954651
19315 48 0.5143895149230957
93228 48 0.514100193977356
84618 28 0.5136992335319519
77635 28 0.5136334896087646
48822 48 0.5132789015769958
67329 29 0.5129172205924988
56534 28 0.5128881931304932
65392 48 0.5128794312477112
60199 48 0.5126548409461975
73234 36 0.5122962594032288
79824 48 0.5118957161903381
79350 29 0.511538565158844
57639 48 0.5111441016197205
29436 48 0.5109188556671143
38916 29 0.5108481645584106
71816 48 0.5106827616691589
37381 48 0.510610818862915
62938 48 0.5101621747016907
11317 48 0.5092698931694031
58150 48 0.5092445611953735
11355 48 0.5089893937110901
52209 48 0.508985161781311
25562 48 0.5088034272193909
47101 28 0.5085143446922302
77244 28 0.5084102749824524
69455 28 0.508366584777832
88136 36 0.5082347989082336
74013 36 0.5081325173377991
32982 28 0.5080270767211914
7492 48 0.5076190233230591
19153 28 0.5076123476028442
17473 28 0.5074091553688049
24585 6 0.5073725581169128
7421 28 0.5071388483047485
15996 28 0.5068557858467102
30534 29 0.506682276725769
58023 48 0.5065722465515137
21974 48 0.5061293244361877
24855 28 0.5060359835624695
41359 29 0.5052605867385864
26009 48 0.5052165985107422
60551 28 0.5048494935035706
50992 29 0.5046969056129456
16742 28 0.5046442151069641
30993 48 0.5042984485626221
36323 48 0.5042504668235779
87115 9 0.5041255950927734
68663 29 0.5039381980895996
6264 48 0.5038475394248962
66592 48 0.503333568572998
16624 48 0.5031346678733826
7007 48 0.5028911828994751
75658 48 0.5027399659156799
77649 28 0.5026664733886719
79479 48 0.5026425123214722
58200 48 0.5025840401649475
31018 48 0.5025167465209961
78541 48 0.5022399425506592
11427 48 0.5022172927856445
66844 28 0.5019769668579102
44226 48 0.5018933415412903
69948 28 0.5017693042755127
77383 28 0.5011315941810608
87533 24 0.5010771751403809
30914 28 0.5008008480072021
53243 36 0.5005691647529602
4462 36 0.5005334615707397
79683 48 0.5004934072494507
37125 48 0.5004096031188965
11704 48 0.5000321865081787
2333 48 0.4992009103298187
74096 6 0.4991506040096283
77030 48 0.49889838695526123
11737 48 0.49849066138267517
84829 48 0.49819496273994446
55987 28 0.4981500804424286
30338 29 0.4979417026042938
52851 48 0.49785086512565613
1399 24 0.4975343942642212
16473 48 0.4974765479564667
75979 28 0.49729016423225403
74314 48 0.4971444010734558
59227 24 0.49714022874832153
33746 28 0.49697789549827576
41865 29 0.4951041340827942
54748 48 0.4947344660758972
22949 1 0.4938613772392273
34057 28 0.49325868487358093
37164 48 0.49319449067115784
37115 48 0.493161678314209
18344 36 0.49296146631240845
79693 28 0.49170058965682983
41298 24 0.4915768802165985
25723 28 0.490743488073349
64978 24 0.49019676446914673
67581 29 0.4895571768283844
60033 6 0.48953378200531006
29226 36 0.48948997259140015
60850 28 0.48913028836250305
60428 28 0.48885300755500793
53676 36 0.48872849345207214
60720 48 0.48828935623168945
30981 48 0.48812779784202576
91165 28 0.4876244366168976
87732 28 0.4874286353588104
14234 28 0.48693445324897766
74264 48 0.48659348487854004
86386 24 0.48551663756370544
79351 29 0.4829278886318207
39071 28 0.48266464471817017
528 1 0.48208263516426086
79739 48 0.48168373107910156
21527 8 0.4813731610774994
27117 36 0.4813252091407776
53106 36 0.4790925085544586
43685 48 0.47872039675712585
53221 29 0.4784703850746155
17950 36 0.4779258370399475
83653 1 0.47760874032974243
4899 24 0.47694912552833557
58153 48 0.4759359359741211
67089 48 0.47553732991218567
31546 48 0.4754495918750763
18082 36 0.4753498435020447
26784 28 0.47507455945014954
13095 36 0.47261354327201843
52946 28 0.4710676074028015
60903 48 0.47098952531814575
83198 29 0.47082823514938354
23848 24 0.4704253673553467
57188 28 0.4686067998409271
24540 28 0.46850764751434326
16134 1 0.4676162302494049
71339 1 0.46626633405685425
76110 36 0.46564242243766785
36107 28 0.4647673964500427
14009 1 0.4644745886325836
75196 36 0.46444305777549744
20962 8 0.46409693360328674
69175 28 0.4638454020023346
37425 48 0.4629744291305542
59852 48 0.461355060338974
63868 6 0.4608685076236725
73198 36 0.4588864743709564
29317 28 0.45824384689331055
79430 48 0.4543391466140747
18347 36 0.45252925157546997
82197 28 0.44925355911254883
29030 1 0.44839850068092346
60706 48 0.4480266273021698
27345 36 0.4479370713233948
86079 36 0.44784343242645264
71181 36 0.44739142060279846
62507 36 0.4452444612979889
64249 36 0.445010244846344
31017 48 0.4409118890762329
28374 36 0.4386214017868042
51151 1 0.43846848607063293
35484 24 0.4372826814651489
75600 48 0.43722206354141235
90169 36 0.43716344237327576
73205 36 0.43706732988357544
34464 29 0.43651384115219116
55376 36 0.4323616921901703
3795 36 0.4322051703929901
31137 36 0.4307093322277069
34599 28 0.4303814172744751
72079 36 0.4216007888317108
27676 36 0.4212530851364136
33236 36 0.41973966360092163
47776 9 0.4187963902950287
47121 36 0.41707322001457214
70002 36 0.41493478417396545
69536 36 0.41243889927864075
24987 36 0.40873852372169495
23808 24 0.4039841890335083
27702 36 0.4005835950374603
74747 36 0.40011531114578247
10540 36 0.3988867998123169
69232 6 0.39801523089408875
68608 36 0.3949766159057617
48526 28 0.3944636881351471
82104 8 0.3924988806247711
83533 24 0.3909264802932739
70609 36 0.3897472023963928
75580 48 0.3889209032058716
52474 36 0.3880036175251007
58005 8 0.3852382004261017
19638 1 0.3846885561943054
55865 48 0.3840526342391968
22818 28 0.38167908787727356
36732 36 0.3815571963787079
56864 36 0.37857335805892944
28445 8 0.3771010637283325
83289 24 0.3764192759990692
13452 9 0.37472593784332275
15881 36 0.3717118203639984
57443 8 0.3709667921066284
26756 9 0.3707548677921295
28994 36 0.36603695154190063
68499 9 0.36364370584487915
71507 36 0.3616816997528076
7081 6 0.3611055016517639
71524 36 0.35733896493911743
72041 36 0.3519095182418823
83610 36 0.3505552113056183
55134 36 0.35013794898986816
66990 36 0.3495916724205017
46703 36 0.346413791179657
64543 48 0.34556451439857483
51700 36 0.3440083861351013
30650 8 0.34321871399879456
48220 36 0.34204429388046265
7977 24 0.33838075399398804
62242 8 0.3336804211139679
59986 36 0.33305081725120544
69973 29 0.33008283376693726
68093 36 0.32667437195777893
19711 36 0.32450154423713684
25373 36 0.3182820677757263
138 36 0.315193772315979
19485 9 0.3149968087673187
61946 36 0.31444913148880005
76226 9 0.31408923864364624
23227 8 0.3117344081401825
68179 36 0.3042605519294739
62283 9 0.28969621658325195
7031 36 0.28823232650756836
92372 36 0.26572251319885254
27009 36 0.26018086075782776
