1.0 0.0
1.0 0.0005678591709256105
1.0 0.001135718341851221
1.0 0.0017035775127768314
1.0 0.002271436683702442
1.0 0.0028392958546280523
0.8333333333333334 0.0028392958546280523
0.8571428571428571 0.0034071550255536627
0.875 0.003975014196479273
0.8888888888888888 0.004542873367404884
0.9 0.005110732538330494
0.8181818181818182 0.005110732538330494
0.8333333333333334 0.0056785917092561046
0.8461538461538461 0.006246450880181715
0.8571428571428571 0.0068143100511073255
0.8666666666666667 0.0073821692220329355
0.875 0.007950028392958546
0.8823529411764706 0.008517887563884156
0.8888888888888888 0.009085746734809767
0.8947368421052632 0.009653605905735378
0.9 0.010221465076660987
0.9047619047619048 0.010789324247586598
0.8636363636363636 0.010789324247586598
0.8695652173913043 0.011357183418512209
0.875 0.01192504258943782
0.88 0.01249290176036343
0.8846153846153846 0.01306076093128904
0.8888888888888888 0.013628620102214651
0.8928571428571429 0.014196479273140262
0.8620689655172413 0.014196479273140262
0.8666666666666667 0.014764338444065871
0.8709677419354839 0.015332197614991482
0.875 0.01590005678591709
0.8787878787878788 0.016467915956842702
0.8823529411764706 0.017035775127768313
0.8857142857142857 0.017603634298693924
0.8888888888888888 0.018171493469619535
0.8648648648648649 0.018171493469619535
0.868421052631579 0.018739352640545145
0.8717948717948718 0.019307211811470756
0.875 0.019875070982396367
0.8536585365853658 0.019875070982396367
0.8571428571428571 0.020442930153321975
0.8604651162790697 0.021010789324247586
0.8409090909090909 0.021010789324247586
0.8444444444444444 0.021578648495173196
0.8260869565217391 0.021578648495173196
0.8297872340425532 0.022146507666098807
0.8125 0.022146507666098807
0.8163265306122449 0.022714366837024418
0.8 0.022714366837024418
0.7843137254901961 0.022714366837024418
0.7692307692307693 0.022714366837024418
0.7735849056603774 0.02328222600795003
0.7777777777777778 0.02385008517887564
0.7818181818181819 0.02441794434980125
0.7678571428571429 0.02441794434980125
0.7719298245614035 0.02498580352072686
0.7586206896551724 0.02498580352072686
0.7627118644067796 0.02555366269165247
0.7666666666666667 0.02612152186257808
0.7540983606557377 0.02612152186257808
0.7419354838709677 0.02612152186257808
0.746031746031746 0.02668938103350369
0.75 0.027257240204429302
0.7384615384615385 0.027257240204429302
0.7272727272727273 0.027257240204429302
0.7164179104477612 0.027257240204429302
0.7205882352941176 0.027825099375354913
0.7101449275362319 0.027825099375354913
0.7 0.027825099375354913
0.6901408450704225 0.027825099375354913
0.6944444444444444 0.028392958546280524
0.684931506849315 0.028392958546280524
0.6891891891891891 0.028960817717206135
0.6933333333333334 0.029528676888131742
0.6973684210526315 0.030096536059057353
0.6883116883116883 0.030096536059057353
0.6794871794871795 0.030096536059057353
0.6835443037974683 0.030664395229982964
0.675 0.030664395229982964
0.6666666666666666 0.030664395229982964
0.6707317073170732 0.031232254400908575
0.6746987951807228 0.03180011357183418
0.6785714285714286 0.03236797274275979
0.6823529411764706 0.032935831913685404
0.6744186046511628 0.032935831913685404
0.6781609195402298 0.033503691084611015
0.6818181818181818 0.034071550255536626
0.6853932584269663 0.034639409426462237
0.6888888888888889 0.03520726859738785
0.6813186813186813 0.03520726859738785
0.6847826086956522 0.03577512776831346
0.6881720430107527 0.03634298693923907
0.6914893617021277 0.03691084611016468
0.6842105263157895 0.03691084611016468
0.6770833333333334 0.03691084611016468
0.6701030927835051 0.03691084611016468
0.6632653061224489 0.03691084611016468
0.6666666666666666 0.03747870528109029
0.66 0.03747870528109029
0.6633663366336634 0.0380465644520159
0.6568627450980392 0.0380465644520159
0.6504854368932039 0.0380465644520159
0.6538461538461539 0.03861442362294151
0.6476190476190476 0.03861442362294151
0.6415094339622641 0.03861442362294151
0.6448598130841121 0.039182282793867124
0.6388888888888888 0.039182282793867124
0.6422018348623854 0.039750141964792735
0.6363636363636364 0.039750141964792735
0.6396396396396397 0.04031800113571834
0.6428571428571429 0.04088586030664395
0.6371681415929203 0.04088586030664395
0.6403508771929824 0.04145371947756956
0.6434782608695652 0.04202157864849517
0.646551724137931 0.04258943781942078
0.6495726495726496 0.04315729699034639
0.652542372881356 0.043725156161272004
0.6554621848739496 0.044293015332197615
0.65 0.044293015332197615
0.6446280991735537 0.044293015332197615
0.639344262295082 0.044293015332197615
0.6341463414634146 0.044293015332197615
0.6370967741935484 0.044860874503123226
0.632 0.044860874503123226
0.626984126984127 0.044860874503123226
0.6299212598425197 0.045428733674048836
0.625 0.045428733674048836
0.6201550387596899 0.045428733674048836
0.6153846153846154 0.045428733674048836
0.6183206106870229 0.04599659284497445
0.6212121212121212 0.04656445201590006
0.6240601503759399 0.04713231118682567
0.6194029850746269 0.04713231118682567
0.6148148148148148 0.04713231118682567
0.6102941176470589 0.04713231118682567
0.6131386861313869 0.04770017035775128
0.6159420289855072 0.04826802952867689
0.6187050359712231 0.0488358886996025
0.6142857142857143 0.0488358886996025
0.6170212765957447 0.049403747870528106
0.6126760563380281 0.049403747870528106
0.6083916083916084 0.049403747870528106
0.6041666666666666 0.049403747870528106
0.6068965517241379 0.04997160704145372
0.6095890410958904 0.05053946621237933
0.6054421768707483 0.05053946621237933
0.6081081081081081 0.05110732538330494
0.610738255033557 0.05167518455423055
0.6133333333333333 0.05224304372515616
0.6158940397350994 0.05281090289608177
0.618421052631579 0.05337876206700738
0.6209150326797386 0.05394662123793299
0.6168831168831169 0.05394662123793299
0.6193548387096774 0.054514480408858604
0.6153846153846154 0.054514480408858604
0.6114649681528662 0.054514480408858604
0.6075949367088608 0.054514480408858604
0.610062893081761 0.055082339579784215
0.60625 0.055082339579784215
0.6086956521739131 0.055650198750709826
0.6111111111111112 0.056218057921635436
0.6134969325153374 0.05678591709256105
0.6097560975609756 0.05678591709256105
0.6121212121212121 0.05735377626348666
0.608433734939759 0.05735377626348666
0.6047904191616766 0.05735377626348666
0.6011904761904762 0.05735377626348666
0.5976331360946746 0.05735377626348666
0.6 0.05792163543441227
0.6023391812865497 0.05848949460533787
0.5988372093023255 0.05848949460533787
0.6011560693641619 0.059057353776263484
0.603448275862069 0.059625212947189095
0.6 0.059625212947189095
0.6022727272727273 0.060193072118114706
0.5988700564971752 0.060193072118114706
0.601123595505618 0.06076093128904032
0.6033519553072626 0.06132879045996593
0.6 0.06132879045996593
0.6022099447513812 0.06189664963089154
0.5989010989010989 0.06189664963089154
0.5956284153005464 0.06189664963089154
0.5978260869565217 0.06246450880181715
0.5945945945945946 0.06246450880181715
0.5913978494623656 0.06246450880181715
0.5935828877005348 0.06303236797274275
0.5904255319148937 0.06303236797274275
0.5925925925925926 0.06360022714366836
0.5947368421052631 0.06416808631459398
0.5916230366492147 0.06416808631459398
0.5885416666666666 0.06416808631459398
0.5854922279792746 0.06416808631459398
0.5824742268041238 0.06416808631459398
0.5794871794871795 0.06416808631459398
0.576530612244898 0.06416808631459398
0.5786802030456852 0.06473594548551959
0.5808080808080808 0.0653038046564452
0.5778894472361809 0.0653038046564452
0.575 0.0653038046564452
0.572139303482587 0.0653038046564452
0.5693069306930693 0.0653038046564452
0.5665024630541872 0.0653038046564452
0.5637254901960784 0.0653038046564452
0.5609756097560976 0.0653038046564452
0.558252427184466 0.0653038046564452
0.5603864734299517 0.06587166382737081
0.5576923076923077 0.06587166382737081
0.5598086124401914 0.06643952299829642
0.5571428571428572 0.06643952299829642
0.5592417061611374 0.06700738216922203
0.5613207547169812 0.06757524134014764
0.5633802816901409 0.06814310051107325
0.5607476635514018 0.06814310051107325
0.5581395348837209 0.06814310051107325
0.5555555555555556 0.06814310051107325
0.5529953917050692 0.06814310051107325
0.555045871559633 0.06871095968199886
0.5525114155251142 0.06871095968199886
0.5545454545454546 0.06927881885292447
0.5565610859728507 0.06984667802385008
0.5540540540540541 0.06984667802385008
0.5515695067264574 0.06984667802385008
0.5491071428571429 0.06984667802385008
0.5511111111111111 0.0704145371947757
0.5486725663716814 0.0704145371947757
0.5462555066079295 0.0704145371947757
0.543859649122807 0.0704145371947757
0.5458515283842795 0.0709823963657013
0.5434782608695652 0.0709823963657013
0.5411255411255411 0.0709823963657013
0.5387931034482759 0.0709823963657013
0.5407725321888412 0.07155025553662692
0.5427350427350427 0.07211811470755253
0.5446808510638298 0.07268597387847814
0.5466101694915254 0.07325383304940375
0.5485232067510548 0.07382169222032936
0.5504201680672269 0.07438955139125497
0.5523012552301255 0.07495741056218058
0.55 0.07495741056218058
0.5518672199170125 0.07552526973310619
0.5495867768595041 0.07552526973310619
0.5473251028806584 0.07552526973310619
0.5491803278688525 0.0760931289040318
0.5510204081632653 0.07666098807495741
0.5487804878048781 0.07666098807495741
0.5465587044534413 0.07666098807495741
0.5443548387096774 0.07666098807495741
0.5421686746987951 0.07666098807495741
0.544 0.07722884724588303
0.545816733067729 0.07779670641680864
0.5476190476190477 0.07836456558773425
0.549407114624506 0.07893242475865986
0.5511811023622047 0.07950028392958547
0.5490196078431373 0.07950028392958547
0.546875 0.07950028392958547
0.5447470817120622 0.07950028392958547
0.5465116279069767 0.08006814310051108
0.5444015444015444 0.08006814310051108
0.5461538461538461 0.08063600227143668
0.5478927203065134 0.08120386144236229
0.549618320610687 0.0817717206132879
0.5475285171102662 0.0817717206132879
0.5454545454545454 0.0817717206132879
0.5471698113207547 0.08233957978421351
0.5451127819548872 0.08233957978421351
0.5430711610486891 0.08233957978421351
0.5447761194029851 0.08290743895513912
0.5464684014869888 0.08347529812606473
0.5481481481481482 0.08404315729699034
0.5461254612546126 0.08404315729699034
0.5441176470588235 0.08404315729699034
0.5421245421245421 0.08404315729699034
0.5437956204379562 0.08461101646791595
0.5454545454545454 0.08517887563884156
0.5471014492753623 0.08574673480976717
0.5487364620938628 0.08631459398069279
0.5503597122302158 0.0868824531516184
0.5483870967741935 0.0868824531516184
0.5464285714285714 0.0868824531516184
0.5480427046263345 0.08745031232254401
0.5460992907801419 0.08745031232254401
0.5477031802120141 0.08801817149346962
0.5492957746478874 0.08858603066439523
0.5473684210526316 0.08858603066439523
0.548951048951049 0.08915388983532084
0.5470383275261324 0.08915388983532084
0.5451388888888888 0.08915388983532084
0.5432525951557093 0.08915388983532084
0.5413793103448276 0.08915388983532084
0.5395189003436426 0.08915388983532084
0.541095890410959 0.08972174900624645
0.5426621160409556 0.09028960817717206
0.54421768707483 0.09085746734809767
0.5423728813559322 0.09085746734809767
0.5405405405405406 0.09085746734809767
0.5387205387205387 0.09085746734809767
0.5369127516778524 0.09085746734809767
0.5351170568561873 0.09085746734809767
0.5333333333333333 0.09085746734809767
0.5348837209302325 0.09142532651902328
0.5331125827814569 0.09142532651902328
0.5313531353135313 0.09142532651902328
0.5296052631578947 0.09142532651902328
0.5278688524590164 0.09142532651902328
0.5261437908496732 0.09142532651902328
0.5276872964169381 0.0919931856899489
0.5292207792207793 0.0925610448608745
0.5275080906148867 0.0925610448608745
0.5258064516129032 0.0925610448608745
0.5273311897106109 0.09312890403180012
0.5256410256410257 0.09312890403180012
0.5271565495207667 0.09369676320272573
0.5286624203821656 0.09426462237365134
0.526984126984127 0.09426462237365134
0.5253164556962026 0.09426462237365134
0.526813880126183 0.09483248154457695
0.5283018867924528 0.09540034071550256
0.5266457680250783 0.09540034071550256
0.528125 0.09596819988642817
0.5295950155763239 0.09653605905735378
0.531055900621118 0.09710391822827939
0.5325077399380805 0.097671777399205
0.5308641975308642 0.097671777399205
0.5323076923076923 0.0982396365701306
0.5306748466257669 0.0982396365701306
0.5321100917431193 0.09880749574105621
0.5335365853658537 0.09937535491198182
0.5319148936170213 0.09937535491198182
0.5303030303030303 0.09937535491198182
0.5287009063444109 0.09937535491198182
0.5301204819277109 0.09994321408290743
0.5315315315315315 0.10051107325383304
0.5329341317365269 0.10107893242475866
0.5343283582089552 0.10164679159568427
0.5357142857142857 0.10221465076660988
0.5341246290801187 0.10221465076660988
0.5355029585798816 0.10278250993753549
0.5339233038348082 0.10278250993753549
0.5352941176470588 0.1033503691084611
0.5366568914956011 0.10391822827938671
0.5380116959064327 0.10448608745031232
0.5364431486880467 0.10448608745031232
0.5377906976744186 0.10505394662123793
0.5362318840579711 0.10505394662123793
0.5375722543352601 0.10562180579216354
0.5360230547550432 0.10562180579216354
0.5373563218390804 0.10618966496308915
0.5386819484240688 0.10675752413401476
0.54 0.10732538330494037
0.5384615384615384 0.10732538330494037
0.5369318181818182 0.10732538330494037
0.5382436260623229 0.10789324247586599
0.53954802259887 0.1084611016467916
0.5408450704225352 0.10902896081771721
0.5393258426966292 0.10902896081771721
0.5406162464985994 0.10959681998864282
0.5418994413407822 0.11016467915956843
0.5431754874651811 0.11073253833049404
0.5416666666666666 0.11073253833049404
0.5429362880886427 0.11130039750141965
0.5441988950276243 0.11186825667234526
0.5426997245179064 0.11186825667234526
0.5439560439560439 0.11243611584327087
0.5424657534246575 0.11243611584327087
0.5437158469945356 0.11300397501419648
0.5422343324250681 0.11300397501419648
0.5434782608695652 0.1135718341851221
0.5420054200542005 0.1135718341851221
0.5432432432432432 0.1141396933560477
0.5417789757412399 0.1141396933560477
0.543010752688172 0.11470755252697332
0.5442359249329759 0.11527541169789893
0.5454545454545454 0.11584327086882454
0.544 0.11584327086882454
0.5425531914893617 0.11584327086882454
0.5411140583554377 0.11584327086882454
0.5396825396825397 0.11584327086882454
0.5382585751978892 0.11584327086882454
0.5394736842105263 0.11641113003975014
0.5380577427821522 0.11641113003975014
0.5392670157068062 0.11697898921067575
0.5404699738903395 0.11754684838160136
0.5390625 0.11754684838160136
0.5376623376623376 0.11754684838160136
0.5362694300518135 0.11754684838160136
0.5348837209302325 0.11754684838160136
0.5335051546391752 0.11754684838160136
0.532133676092545 0.11754684838160136
0.5333333333333333 0.11811470755252697
0.5345268542199488 0.11868256672345258
0.5331632653061225 0.11868256672345258
0.5318066157760815 0.11868256672345258
0.5304568527918782 0.11868256672345258
0.529113924050633 0.11868256672345258
0.5277777777777778 0.11868256672345258
0.5289672544080605 0.11925042589437819
0.5276381909547738 0.11925042589437819
0.5263157894736842 0.11925042589437819
0.5275 0.1198182850653038
0.5261845386533666 0.1198182850653038
0.5248756218905473 0.1198182850653038
0.5260545905707196 0.12038614423622941
0.5247524752475248 0.12038614423622941
0.5234567901234568 0.12038614423622941
0.5221674876847291 0.12038614423622941
0.5208845208845209 0.12038614423622941
0.5220588235294118 0.12095400340715502
0.5207823960880196 0.12095400340715502
0.5195121951219512 0.12095400340715502
0.5182481751824818 0.12095400340715502
0.5194174757281553 0.12152186257808063
0.5181598062953995 0.12152186257808063
0.5169082125603864 0.12152186257808063
0.5180722891566265 0.12208972174900624
0.5192307692307693 0.12265758091993186
0.5203836930455635 0.12322544009085747
0.5191387559808612 0.12322544009085747
0.5178997613365155 0.12322544009085747
0.5166666666666667 0.12322544009085747
0.517814726840855 0.12379329926178308
0.518957345971564 0.12436115843270869
0.5200945626477541 0.1249290176036343
0.5212264150943396 0.1254968767745599
0.5223529411764706 0.1260647359454855
0.5211267605633803 0.1260647359454855
0.5199063231850117 0.1260647359454855
0.5186915887850467 0.1260647359454855
0.5198135198135199 0.12663259511641112
0.5209302325581395 0.12720045428733673
0.5220417633410673 0.12776831345826234
0.5208333333333334 0.12776831345826234
0.5196304849884527 0.12776831345826234
0.5184331797235023 0.12776831345826234
0.5172413793103449 0.12776831345826234
0.518348623853211 0.12833617262918795
0.5194508009153318 0.12890403180011356
0.5205479452054794 0.12947189097103917
0.5193621867881549 0.12947189097103917
0.5204545454545455 0.13003975014196478
0.5192743764172335 0.13003975014196478
0.5180995475113123 0.13003975014196478
0.5169300225733634 0.13003975014196478
0.5180180180180181 0.1306076093128904
0.5168539325842697 0.1306076093128904
0.515695067264574 0.1306076093128904
0.5145413870246085 0.1306076093128904
0.515625 0.131175468483816
0.5167037861915368 0.13174332765474162
0.5155555555555555 0.13174332765474162
0.5144124168514412 0.13174332765474162
0.5132743362831859 0.13174332765474162
0.5121412803532008 0.13174332765474162
0.5110132158590308 0.13174332765474162
0.512087912087912 0.13231118682566723
0.5131578947368421 0.13287904599659284
0.5120350109409191 0.13287904599659284
0.5109170305676856 0.13287904599659284
0.5098039215686274 0.13287904599659284
0.508695652173913 0.13287904599659284
0.5075921908893709 0.13287904599659284
0.5064935064935064 0.13287904599659284
0.5075593952483801 0.13344690516751845
0.5064655172413793 0.13344690516751845
0.5053763440860215 0.13344690516751845
0.5064377682403434 0.13401476433844406
0.5074946466809421 0.13458262350936967
0.5085470085470085 0.13515048268029528
0.509594882729211 0.1357183418512209
0.5085106382978724 0.1357183418512209
0.5095541401273885 0.1362862010221465
0.5084745762711864 0.1362862010221465
0.5095137420718816 0.1368540601930721
0.5084388185654009 0.1368540601930721
0.5073684210526316 0.1368540601930721
0.5063025210084033 0.1368540601930721
0.5073375262054507 0.13742191936399772
0.5083682008368201 0.13798977853492334
0.5073068893528184 0.13798977853492334
0.50625 0.13798977853492334
0.5051975051975052 0.13798977853492334
0.5062240663900415 0.13855763770584895
0.5072463768115942 0.13912549687677456
0.506198347107438 0.13912549687677456
0.5072164948453608 0.13969335604770017
0.5061728395061729 0.13969335604770017
0.5051334702258727 0.13969335604770017
0.5040983606557377 0.13969335604770017
0.5051124744376279 0.14026121521862578
0.5061224489795918 0.1408290743895514
0.5071283095723014 0.141396933560477
0.508130081300813 0.1419647927314026
0.5070993914807302 0.1419647927314026
0.5060728744939271 0.1419647927314026
0.5070707070707071 0.14253265190232822
0.5060483870967742 0.14253265190232822
0.5070422535211268 0.14310051107325383
0.5080321285140562 0.14366837024417944
0.5090180360721442 0.14423622941510506
0.51 0.14480408858603067
0.5089820359281437 0.14480408858603067
0.5079681274900398 0.14480408858603067
0.5089463220675944 0.14537194775695628
0.5079365079365079 0.14537194775695628
0.5069306930693069 0.14537194775695628
0.5059288537549407 0.14537194775695628
0.5069033530571992 0.1459398069278819
0.5059055118110236 0.1459398069278819
0.5049115913555993 0.1459398069278819
0.5058823529411764 0.1465076660988075
0.5048923679060665 0.1465076660988075
0.50390625 0.1465076660988075
0.5029239766081871 0.1465076660988075
0.5038910505836576 0.1470755252697331
0.5029126213592233 0.1470755252697331
0.501937984496124 0.1470755252697331
0.5009671179883946 0.1470755252697331
0.5 0.1470755252697331
0.5009633911368016 0.14764338444065872
0.5 0.14764338444065872
0.4990403071017274 0.14764338444065872
0.5 0.14821124361158433
0.49904397705544934 0.14821124361158433
0.49809160305343514 0.14821124361158433
0.4990476190476191 0.14877910278250994
0.49809885931558934 0.14877910278250994
0.4990512333965844 0.14934696195343555
0.4981060606060606 0.14934696195343555
0.499054820415879 0.14991482112436116
0.5 0.15048268029528677
0.4990583804143126 0.15048268029528677
0.4981203007518797 0.15048268029528677
0.4971857410881801 0.15048268029528677
0.49625468164794007 0.15048268029528677
0.4953271028037383 0.15048268029528677
0.4944029850746269 0.15048268029528677
0.4934823091247672 0.15048268029528677
0.4944237918215613 0.15105053946621239
0.4935064935064935 0.15105053946621239
0.4925925925925926 0.15105053946621239
0.49168207024029575 0.15105053946621239
0.4907749077490775 0.15105053946621239
0.49171270718232046 0.151618398637138
0.49080882352941174 0.151618398637138
0.48990825688073397 0.151618398637138
0.4908424908424908 0.1521862578080636
0.489945155393053 0.1521862578080636
0.48905109489051096 0.1521862578080636
0.4899817850637523 0.15275411697898922
0.4909090909090909 0.15332197614991483
0.4900181488203267 0.15332197614991483
0.49094202898550726 0.15388983532084044
0.49005424954792043 0.15388983532084044
0.49097472924187724 0.15445769449176605
0.4900900900900901 0.15445769449176605
0.4910071942446043 0.15502555366269166
0.49012567324955114 0.15502555366269166
0.489247311827957 0.15502555366269166
0.4883720930232558 0.15502555366269166
0.48928571428571427 0.15559341283361727
0.48841354723707664 0.15559341283361727
0.4875444839857651 0.15559341283361727
0.48845470692717585 0.15616127200454288
0.48936170212765956 0.1567291311754685
0.48849557522123893 0.1567291311754685
0.4876325088339223 0.1567291311754685
0.48853615520282184 0.1572969903463941
0.4876760563380282 0.1572969903463941
0.4868189806678383 0.1572969903463941
0.48596491228070177 0.1572969903463941
0.4851138353765324 0.1572969903463941
0.486013986013986 0.15786484951731972
0.4869109947643979 0.15843270868824533
0.48606271777003485 0.15843270868824533
0.4852173913043478 0.15843270868824533
0.484375 0.15843270868824533
0.48353552859618715 0.15843270868824533
0.4826989619377163 0.15843270868824533
0.48186528497409326 0.15843270868824533
0.4810344827586207 0.15843270868824533
0.4802065404475043 0.15843270868824533
0.48109965635738833 0.15900056785917094
0.48027444253859347 0.15900056785917094
0.4794520547945205 0.15900056785917094
0.48034188034188036 0.15956842703009655
0.47952218430034127 0.15956842703009655
0.4804088586030664 0.16013628620102216
0.47959183673469385 0.16013628620102216
0.48047538200339557 0.16070414537194777
0.47966101694915253 0.16070414537194777
0.4805414551607445 0.16127200454287335
0.4797297297297297 0.16127200454287335
0.47892074198988194 0.16127200454287335
0.4797979797979798 0.16183986371379896
0.4789915966386555 0.16183986371379896
0.4798657718120805 0.16240772288472458
0.47906197654941374 0.16240772288472458
0.4782608695652174 0.16240772288472458
0.4774624373956594 0.16240772288472458
0.4766666666666667 0.16240772288472458
0.47587354409317806 0.16240772288472458
0.4750830564784053 0.16240772288472458
0.4759535655058043 0.1629755820556502
0.47516556291390727 0.1629755820556502
0.4743801652892562 0.1629755820556502
0.4752475247524752 0.1635434412265758
0.4744645799011532 0.1635434412265758
0.47368421052631576 0.1635434412265758
0.4745484400656814 0.1641113003975014
0.4737704918032787 0.1641113003975014
0.47299509001636664 0.1641113003975014
0.4738562091503268 0.16467915956842702
0.4730831973898858 0.16467915956842702
0.4739413680781759 0.16524701873935263
0.47479674796747967 0.16581487791027824
0.47564935064935066 0.16638273708120385
0.47487844408427876 0.16638273708120385
0.47572815533980584 0.16695059625212946
0.47495961227786754 0.16695059625212946
0.47419354838709676 0.16695059625212946
0.4750402576489533 0.16751845542305507
0.4742765273311897 0.16751845542305507
0.47351524879614765 0.16751845542305507
0.47435897435897434 0.16808631459398068
0.4736 0.16808631459398068
0.4744408945686901 0.1686541737649063
0.47368421052631576 0.1686541737649063
0.4729299363057325 0.1686541737649063
0.4737678855325914 0.1692220329358319
0.473015873015873 0.1692220329358319
0.4722662440570523 0.1692220329358319
0.47151898734177217 0.1692220329358319
0.4707740916271722 0.1692220329358319
0.47003154574132494 0.1692220329358319
0.4692913385826772 0.1692220329358319
0.46855345911949686 0.1692220329358319
0.46938775510204084 0.16978989210675752
0.46865203761755486 0.16978989210675752
0.4694835680751174 0.17035775127768313
0.4703125 0.17092561044860874
0.4711388455538221 0.17149346961953435
0.470404984423676 0.17149346961953435
0.46967340590979784 0.17149346961953435
0.4704968944099379 0.17206132879045996
0.47131782945736433 0.17262918796138557
0.47058823529411764 0.17262918796138557
0.4714064914992272 0.17319704713231118
0.470679012345679 0.17319704713231118
0.4699537750385208 0.17319704713231118
0.4707692307692308 0.1737649063032368
0.4700460829493088 0.1737649063032368
0.4708588957055215 0.1743327654741624
0.47013782542113325 0.1743327654741624
0.4694189602446483 0.1743327654741624
0.4687022900763359 0.1743327654741624
0.4679878048780488 0.1743327654741624
0.4672754946727549 0.1743327654741624
0.46808510638297873 0.17490062464508802
0.46889226100151743 0.17546848381601363
0.4696969696969697 0.17603634298693924
0.4689863842662632 0.17603634298693924
0.4697885196374622 0.17660420215786485
0.46907993966817496 0.17660420215786485
0.4683734939759036 0.17660420215786485
0.46766917293233085 0.17660420215786485
0.466966966966967 0.17660420215786485
0.4662668665667166 0.17660420215786485
0.4655688622754491 0.17660420215786485
0.4648729446935725 0.17660420215786485
0.46417910447761196 0.17660420215786485
0.46348733233979134 0.17660420215786485
0.4642857142857143 0.17717206132879046
0.4650817236255572 0.17773992049971607
0.46439169139465875 0.17773992049971607
0.46370370370370373 0.17773992049971607
0.4630177514792899 0.17773992049971607
0.4623338257016248 0.17773992049971607
0.4616519174041298 0.17773992049971607
0.46244477172312226 0.17830777967064168
0.46176470588235297 0.17830777967064168
0.461086637298091 0.17830777967064168
0.46187683284457476 0.1788756388415673
0.4612005856515373 0.1788756388415673
0.4619883040935672 0.1794434980124929
0.46131386861313867 0.1794434980124929
0.4606413994169096 0.1794434980124929
0.45997088791848617 0.1794434980124929
0.45930232558139533 0.1794434980124929
0.46008708272859217 0.1800113571834185
0.45942028985507244 0.1800113571834185
0.4602026049204052 0.18057921635434412
0.46098265895953755 0.18114707552526974
0.46176046176046176 0.18171493469619535
0.4610951008645533 0.18171493469619535
0.460431654676259 0.18171493469619535
0.46120689655172414 0.18228279386712096
0.460545193687231 0.18228279386712096
0.45988538681948427 0.18228279386712096
0.4592274678111588 0.18228279386712096
0.4585714285714286 0.18228279386712096
0.4579172610556348 0.18228279386712096
0.45726495726495725 0.18228279386712096
0.4566145092460882 0.18228279386712096
0.4559659090909091 0.18228279386712096
0.45673758865248226 0.18285065303804657
0.45609065155807366 0.18285065303804657
0.45544554455445546 0.18285065303804657
0.4562146892655367 0.18341851220897218
0.45698166431593795 0.1839863713798978
0.4563380281690141 0.1839863713798978
0.4571026722925457 0.1845542305508234
0.45786516853932585 0.185122089721749
0.45722300140252453 0.185122089721749
0.4565826330532213 0.185122089721749
0.45594405594405596 0.185122089721749
0.4553072625698324 0.185122089721749
0.4560669456066946 0.18568994889267462
0.4554317548746518 0.18568994889267462
0.45479833101529904 0.18568994889267462
0.45416666666666666 0.18568994889267462
0.4549237170596394 0.18625780806360023
0.45429362880886426 0.18625780806360023
0.45504840940525587 0.18682566723452584
0.4544198895027624 0.18682566723452584
0.45379310344827584 0.18682566723452584
0.45454545454545453 0.18739352640545145
0.45392022008253097 0.18739352640545145
0.4532967032967033 0.18739352640545145
0.4540466392318244 0.18796138557637707
0.4534246575342466 0.18796138557637707
0.454172366621067 0.18852924474730268
0.453551912568306 0.18852924474730268
0.4529331514324693 0.18852924474730268
0.45231607629427795 0.18852924474730268
0.45170068027210886 0.18852924474730268
0.45108695652173914 0.18852924474730268
0.45047489823609227 0.18852924474730268
0.45121951219512196 0.1890971039182283
0.4506089309878214 0.1890971039182283
0.45 0.1890971039182283
0.4493927125506073 0.1890971039182283
0.44878706199460916 0.1890971039182283
0.44952893674293404 0.1896649630891539
0.45026881720430106 0.1902328222600795
0.44966442953020136 0.1902328222600795
0.44906166219839144 0.1902328222600795
0.4484605087014726 0.1902328222600795
0.44786096256684493 0.1902328222600795
0.4485981308411215 0.19080068143100512
0.448 0.19080068143100512
0.4474034620505992 0.19080068143100512
0.44680851063829785 0.19080068143100512
0.44754316069057104 0.19136854060193073
0.4482758620689655 0.19193639977285634
0.44900662251655626 0.19250425894378195
0.44841269841269843 0.19250425894378195
0.4478203434610304 0.19250425894378195
0.4472295514511873 0.19250425894378195
0.44664031620553357 0.19250425894378195
0.44605263157894737 0.19250425894378195
0.4454664914586071 0.19250425894378195
0.4448818897637795 0.19250425894378195
0.4442988204456094 0.19250425894378195
0.443717277486911 0.19250425894378195
0.44313725490196076 0.19250425894378195
0.44386422976501305 0.19307211811470756
0.4445893089960887 0.19363997728563317
0.4453125 0.19420783645655879
0.4460338101430429 0.1947756956274844
0.44545454545454544 0.1947756956274844
0.44487678339818415 0.1947756956274844
0.44559585492227977 0.19534355479841
0.445019404915912 0.19534355479841
0.44573643410852715 0.19591141396933562
0.4464516129032258 0.1964792731402612
0.44587628865979384 0.1964792731402612
0.4453024453024453 0.1964792731402612
0.44473007712082263 0.1964792731402612
0.4441591784338896 0.1964792731402612
0.44487179487179485 0.1970471323111868
0.44430217669654287 0.1970471323111868
0.4437340153452685 0.1970471323111868
0.44316730523627074 0.1970471323111868
0.44260204081632654 0.1970471323111868
0.44203821656050957 0.1970471323111868
0.44274809160305345 0.19761499148211242
0.44218551461245237 0.19761499148211242
0.4416243654822335 0.19761499148211242
0.4423320659062104 0.19818285065303803
0.4430379746835443 0.19875070982396364
0.44374209860935526 0.19931856899488926
0.4444444444444444 0.19988642816581487
0.4451450189155107 0.20045428733674048
0.4445843828715365 0.20045428733674048
0.44528301886792454 0.2010221465076661
0.44472361809045224 0.2010221465076661
0.44416562107904645 0.2010221465076661
0.44360902255639095 0.2010221465076661
0.4430538172715895 0.2010221465076661
0.4425 0.2010221465076661
0.4431960049937578 0.2015900056785917
0.442643391521197 0.2015900056785917
0.44209215442092153 0.2015900056785917
0.44154228855721395 0.2015900056785917
0.4422360248447205 0.2021578648495173
0.44292803970223327 0.20272572402044292
0.4436183395291202 0.20329358319136853
0.4443069306930693 0.20386144236229414
0.4437577255871446 0.20386144236229414
0.44320987654320987 0.20386144236229414
0.4438964241676942 0.20442930153321975
0.4445812807881773 0.20499716070414536
0.4440344403444034 0.20499716070414536
0.44348894348894347 0.20499716070414536
0.4429447852760736 0.20499716070414536
0.4424019607843137 0.20499716070414536
0.4430844553243574 0.20556501987507098
0.44376528117359415 0.2061328790459966
0.4432234432234432 0.2061328790459966
0.4426829268292683 0.2061328790459966
0.44214372716199757 0.2061328790459966
0.4416058394160584 0.2061328790459966
0.44106925880923453 0.2061328790459966
0.4405339805825243 0.2061328790459966
0.44 0.2061328790459966
0.43946731234866826 0.2061328790459966
0.44014510278113667 0.2067007382169222
0.4396135265700483 0.2067007382169222
0.4390832328106152 0.2067007382169222
0.4397590361445783 0.2072685973878478
0.43922984356197353 0.2072685973878478
0.43990384615384615 0.20783645655877342
0.44057623049219685 0.20840431572969903
0.44004796163069543 0.20840431572969903
0.43952095808383235 0.20840431572969903
0.43899521531100477 0.20840431572969903
0.43966547192353644 0.20897217490062464
0.43914081145584727 0.20897217490062464
0.43861740166865315 0.20897217490062464
0.4380952380952381 0.20897217490062464
0.43876337693222356 0.20954003407155025
0.43824228028503565 0.20954003407155025
0.4377224199288256 0.20954003407155025
0.4372037914691943 0.20954003407155025
0.4378698224852071 0.21010789324247586
0.4373522458628842 0.21010789324247586
0.43683589138134593 0.21010789324247586
0.4363207547169811 0.21010789324247586
0.43580683156654887 0.21010789324247586
0.4364705882352941 0.21067575241340147
0.4371327849588719 0.21124361158432708
0.43661971830985913 0.21124361158432708
0.4361078546307151 0.21124361158432708
0.43676814988290397 0.2118114707552527
0.43625730994152045 0.2118114707552527
0.4357476635514019 0.2118114707552527
0.4352392065344224 0.2118114707552527
0.4347319347319347 0.2118114707552527
0.4342258440046566 0.2118114707552527
0.43372093023255814 0.2118114707552527
0.4332171893147503 0.2118114707552527
0.43271461716937354 0.2118114707552527
0.4322132097334878 0.2118114707552527
0.43171296296296297 0.2118114707552527
0.4323699421965318 0.2123793299261783
0.43187066974595845 0.2123793299261783
0.43137254901960786 0.2123793299261783
0.4308755760368664 0.2123793299261783
0.43037974683544306 0.2123793299261783
0.4298850574712644 0.2123793299261783
0.4293915040183697 0.2123793299261783
0.4288990825688073 0.2123793299261783
0.4284077892325315 0.2123793299261783
0.4279176201372998 0.2123793299261783
0.42742857142857144 0.2123793299261783
0.4269406392694064 0.2123793299261783
0.427594070695553 0.21294718909710392
0.4271070615034169 0.21294718909710392
0.42775881683731515 0.21351504826802953
0.4284090909090909 0.21408290743895514
0.4279228149829739 0.21408290743895514
0.427437641723356 0.21408290743895514
0.4269535673839185 0.21408290743895514
0.4264705882352941 0.21408290743895514
0.42598870056497173 0.21408290743895514
0.4255079006772009 0.21408290743895514
0.4250281848928974 0.21408290743895514
0.42454954954954954 0.21408290743895514
0.4251968503937008 0.21465076660988075
0.4247191011235955 0.21465076660988075
0.42536475869809204 0.21521862578080636
0.4248878923766816 0.21521862578080636
0.4244120940649496 0.21521862578080636
0.4250559284116331 0.21578648495173197
0.4245810055865922 0.21578648495173197
0.42410714285714285 0.21578648495173197
0.4236343366778149 0.21578648495173197
0.42316258351893093 0.21578648495173197
0.42380422691879865 0.21635434412265758
0.42444444444444446 0.2169222032935832
0.4239733629300777 0.2169222032935832
0.42350332594235035 0.2169222032935832
0.42414174972314506 0.2174900624645088
0.42367256637168144 0.2174900624645088
0.42320441988950275 0.2174900624645088
0.4227373068432671 0.2174900624645088
0.42337375964718854 0.21805792163543442
0.42290748898678415 0.21805792163543442
0.42244224422442245 0.21805792163543442
0.421978021978022 0.21805792163543442
0.42151481888035125 0.21805792163543442
0.42105263157894735 0.21805792163543442
0.42168674698795183 0.21862578080636003
0.4212253829321663 0.21862578080636003
0.4207650273224044 0.21862578080636003
0.4203056768558952 0.21862578080636003
0.4198473282442748 0.21862578080636003
0.41938997821350765 0.21862578080636003
0.41893362350380847 0.21862578080636003
0.41847826086956524 0.21862578080636003
0.4180238870792617 0.21862578080636003
0.4175704989154013 0.21862578080636003
0.4182015167930661 0.21919363997728564
0.41774891774891776 0.21919363997728564
0.4172972972972973 0.21919363997728564
0.4168466522678186 0.21919363997728564
0.4174757281553398 0.21976149914821125
0.4170258620689655 0.21976149914821125
0.4176533907427341 0.22032935831913686
0.4182795698924731 0.22089721749006247
0.4189044038668099 0.22146507666098808
0.41952789699570814 0.2220329358319137
0.4190782422293676 0.2220329358319137
0.4197002141327623 0.2226007950028393
0.4203208556149733 0.2231686541737649
0.4198717948717949 0.2231686541737649
0.4194236926360726 0.2231686541737649
0.4200426439232409 0.22373651334469052
0.41959531416400425 0.22373651334469052
0.42021276595744683 0.22430437251561613
0.4197662061636557 0.22430437251561613
0.41932059447983017 0.22430437251561613
0.4188759278897137 0.22430437251561613
0.4184322033898305 0.22430437251561613
0.41798941798941797 0.22430437251561613
0.4186046511627907 0.22487223168654175
0.41816261879619854 0.22487223168654175
0.41877637130801687 0.22544009085746736
0.41938883034773444 0.22600795002839297
0.42 0.22657580919931858
0.4195583596214511 0.22657580919931858
0.41911764705882354 0.22657580919931858
0.4197271773347324 0.2271436683702442
0.4192872117400419 0.2271436683702442
0.418848167539267 0.2271436683702442
0.41841004184100417 0.2271436683702442
0.4179728317659352 0.2271436683702442
0.4175365344467641 0.2271436683702442
0.4171011470281543 0.2271436683702442
0.41770833333333335 0.2277115275411698
0.4172736732570239 0.2277115275411698
0.4178794178794179 0.2282793867120954
0.4184839044652129 0.22884724588302102
0.41804979253112035 0.22884724588302102
0.41865284974093264 0.22941510505394663
0.4192546583850932 0.22998296422487224
0.4188210961737332 0.22998296422487224
0.41838842975206614 0.22998296422487224
0.41898864809081526 0.23055082339579785
0.41855670103092785 0.23055082339579785
0.4181256436663234 0.23055082339579785
0.41872427983539096 0.23111868256672347
0.4182939362795478 0.23111868256672347
0.4188911704312115 0.23168654173764908
0.4194871794871795 0.23225440090857466
0.41905737704918034 0.23225440090857466
0.4186284544524053 0.23225440090857466
0.41922290388548056 0.23282226007950027
0.4187946884576098 0.23282226007950027
0.41836734693877553 0.23282226007950027
0.41896024464831805 0.23339011925042588
0.4185336048879837 0.23339011925042588
0.41810783316378436 0.23339011925042588
0.4186991869918699 0.2339579784213515
0.4182741116751269 0.2339579784213515
0.4178498985801217 0.2339579784213515
0.41742654508611954 0.2339579784213515
0.4180161943319838 0.2345258375922771
0.4186046511627907 0.23509369676320271
0.41818181818181815 0.23509369676320271
0.4177598385469223 0.23509369676320271
0.4173387096774194 0.23509369676320271
0.4169184290030212 0.23509369676320271
0.4164989939637827 0.23509369676320271
0.41708542713567837 0.23566155593412833
0.4166666666666667 0.23566155593412833
0.4172517552657974 0.23622941510505394
0.4168336673346693 0.23622941510505394
0.4174174174174174 0.23679727427597955
0.418 0.23736513344690516
0.4175824175824176 0.23736513344690516
0.4171656686626746 0.23736513344690516
0.4167497507477567 0.23736513344690516
0.4163346613545817 0.23736513344690516
0.41592039800995023 0.23736513344690516
0.415506958250497 0.23736513344690516
0.4160873882820258 0.23793299261783077
0.4156746031746032 0.23793299261783077
0.41625371655104065 0.23850085178875638
0.4158415841584158 0.23850085178875638
0.41641938674579626 0.239068710959682
0.4160079051383399 0.239068710959682
0.4155972359328727 0.239068710959682
0.4161735700197239 0.2396365701306076
0.41674876847290643 0.2402044293015332
0.41633858267716534 0.2402044293015332
0.415929203539823 0.2402044293015332
0.4155206286836935 0.2402044293015332
0.4151128557409225 0.2402044293015332
0.4147058823529412 0.2402044293015332
0.41429970617042117 0.2402044293015332
0.41389432485322897 0.2402044293015332
0.41348973607038125 0.2402044293015332
0.4130859375 0.2402044293015332
0.41365853658536583 0.24077228847245882
0.41325536062378165 0.24077228847245882
0.41285296981499514 0.24077228847245882
0.41245136186770426 0.24077228847245882
0.413022351797862 0.24134014764338443
0.41262135922330095 0.24134014764338443
0.4131910766246363 0.24190800681431004
0.4127906976744186 0.24190800681431004
0.41239109390125844 0.24190800681431004
0.4119922630560928 0.24190800681431004
0.4115942028985507 0.24190800681431004
0.4111969111969112 0.24190800681431004
0.4108003857280617 0.24190800681431004
0.4113680154142582 0.24247586598523566
0.4109720885466795 0.24247586598523566
0.41057692307692306 0.24247586598523566
0.4101825168107589 0.24247586598523566
0.4107485604606526 0.24304372515616127
0.411313518696069 0.24361158432708688
0.4109195402298851 0.24361158432708688
0.4105263157894737 0.24361158432708688
0.4101338432122371 0.24361158432708688
0.40974212034383956 0.24361158432708688
0.41030534351145037 0.2441794434980125
0.4099142040038132 0.2441794434980125
0.4095238095238095 0.2441794434980125
0.40913415794481445 0.2441794434980125
0.40874524714828897 0.2441794434980125
0.4083570750237417 0.2441794434980125
0.4079696394686907 0.2441794434980125
0.4075829383886256 0.2441794434980125
0.4071969696969697 0.2441794434980125
0.4077578051087985 0.2447473026689381
0.40737240075614367 0.2447473026689381
0.40698772426817753 0.2447473026689381
0.4066037735849057 0.2447473026689381
0.4062205466540999 0.2447473026689381
0.4067796610169492 0.2453151618398637
0.40733772342427094 0.24588302101078932
0.4069548872180451 0.24588302101078932
0.40657276995305164 0.24588302101078932
0.4071294559099437 0.24645088018171493
0.4076850984067479 0.24701873935264054
0.40730337078651685 0.24701873935264054
0.4069223573433115 0.24701873935264054
0.40654205607476634 0.24701873935264054
0.4061624649859944 0.24701873935264054
0.40578358208955223 0.24701873935264054
0.40540540540540543 0.24701873935264054
0.4059590316573557 0.24758659852356615
0.4055813953488372 0.24758659852356615
0.40613382899628253 0.24815445769449176
0.40575673166202414 0.24815445769449176
0.40538033395176254 0.24815445769449176
0.40500463392029656 0.24815445769449176
0.4046296296296296 0.24815445769449176
0.40425531914893614 0.24815445769449176
0.4048059149722736 0.24872231686541738
0.4053554939981533 0.249290176036343
0.40498154981549817 0.249290176036343
0.4055299539170507 0.2498580352072686
0.40515653775322286 0.2498580352072686
0.4047838086476541 0.2498580352072686
0.40441176470588236 0.2498580352072686
0.4049586776859504 0.2504258943781942
0.40458715596330275 0.2504258943781942
0.40421631530705776 0.2504258943781942
0.40384615384615385 0.2504258943781942
0.40347666971637697 0.2504258943781942
0.4031078610603291 0.2504258943781942
0.40273972602739727 0.2504258943781942
0.4032846715328467 0.2509937535491198
0.4038286235186873 0.2515616127200454
0.40437158469945356 0.252129471890971
0.40400363967242947 0.252129471890971
0.40454545454545454 0.2526973310618966
0.40417801998183467 0.2526973310618966
0.40381125226860254 0.2526973310618966
0.40344514959202177 0.2526973310618966
0.40398550724637683 0.25326519023282223
0.40361990950226245 0.25326519023282223
0.40415913200723325 0.25383304940374785
0.4046973803071364 0.25440090857467346
0.4043321299638989 0.25440090857467346
0.4048692515779982 0.25496876774559907
0.4045045045045045 0.25496876774559907
0.40414041404140416 0.25496876774559907
0.4037769784172662 0.25496876774559907
0.40341419586702604 0.25496876774559907
0.40394973070017953 0.2555366269165247
0.4044843049327354 0.2561044860874503
0.40412186379928317 0.2561044860874503
0.40376007162041183 0.2561044860874503
0.40429338103756707 0.2566723452583759
0.40393208221626453 0.2566723452583759
0.4044642857142857 0.2572402044293015
0.4041034790365745 0.2572402044293015
0.4037433155080214 0.2572402044293015
0.40338379341050756 0.2572402044293015
0.4030249110320285 0.2572402044293015
0.4026666666666667 0.2572402044293015
0.40230905861456484 0.2572402044293015
0.40195208518189884 0.2572402044293015
0.4015957446808511 0.2572402044293015
0.4012400354295837 0.2572402044293015
0.4008849557522124 0.2572402044293015
0.40141467727674623 0.2578080636002271
0.4019434628975265 0.25837592277115273
0.40158870255957635 0.25837592277115273
0.4012345679012346 0.25837592277115273
0.4017621145374449 0.25894378194207834
0.4022887323943662 0.25951164111300395
0.4019349164467898 0.25951164111300395
0.4015817223198594 0.25951164111300395
0.40122914837576823 0.25951164111300395
0.4017543859649123 0.26007950028392957
0.4014022787028922 0.26007950028392957
0.4010507880910683 0.26007950028392957
0.4006999125109361 0.26007950028392957
0.4012237762237762 0.2606473594548552
0.4008733624454148 0.2606473594548552
0.4005235602094241 0.2606473594548552
0.4001743679163034 0.2606473594548552
0.3998257839721254 0.2606473594548552
0.39947780678851175 0.2606473594548552
0.3991304347826087 0.2606473594548552
0.3987836663770634 0.2606473594548552
0.3984375 0.2606473594548552
0.39809193408499566 0.2606473594548552
0.39774696707105717 0.2606473594548552
0.3974025974025974 0.2606473594548552
0.39705882352941174 0.2606473594548552
0.39671564390665515 0.2606473594548552
0.3963730569948187 0.2606473594548552
0.39603106125970666 0.2606473594548552
0.39655172413793105 0.2612152186257808
0.3962101636520241 0.2612152186257808
0.3958691910499139 0.2612152186257808
0.39552880481513325 0.2612152186257808
0.3960481099656357 0.2617830777967064
0.39570815450643776 0.2617830777967064
0.395368782161235 0.2617830777967064
0.39588688946015427 0.262350936967632
0.3964041095890411 0.2629187961385576
0.3960650128314799 0.2629187961385576
0.3957264957264957 0.2629187961385576
0.3962425277540564 0.26348665530948323
0.39590443686006827 0.26348665530948323
0.39641943734015345 0.26405451448040884
0.3969335604770017 0.26462237365133445
0.39659574468085107 0.26462237365133445
0.39625850340136054 0.26462237365133445
0.3959218351741716 0.26462237365133445
0.39558573853989815 0.26462237365133445
0.39525021204410515 0.26462237365133445
0.3949152542372881 0.26462237365133445
0.39458086367485184 0.26462237365133445
0.3942470389170897 0.26462237365133445
0.39475908706677937 0.26519023282226006
0.3952702702702703 0.2657580919931857
0.3957805907172996 0.2663259511641113
0.3954468802698145 0.2663259511641113
0.3951137320977254 0.2663259511641113
0.3947811447811448 0.2663259511641113
0.39444911690496215 0.2663259511641113
0.3941176470588235 0.2663259511641113
0.39378673383711166 0.2663259511641113
0.3934563758389262 0.2663259511641113
0.393964794635373 0.2668938103350369
0.3936348408710218 0.2668938103350369
0.39330543933054396 0.2668938103350369
0.39381270903010035 0.2674616695059625
0.3943191311612364 0.2680295286768881
0.39398998330550916 0.2680295286768881
0.39366138448707255 0.2680295286768881
0.3933333333333333 0.2680295286768881
0.3938384679433805 0.26859738784781373
0.3935108153078203 0.26859738784781373
0.3931837073981712 0.26859738784781373
0.39285714285714285 0.26859738784781373
0.3933609958506224 0.26916524701873934
0.39303482587064675 0.26916524701873934
0.39353769676884837 0.26973310618966495
0.3932119205298013 0.26973310618966495
0.39288668320926384 0.26973310618966495
0.3925619834710744 0.26973310618966495
0.3922378199834847 0.26973310618966495
0.3919141914191419 0.26973310618966495
0.39159109645507006 0.26973310618966495
0.39209225700164746 0.27030096536059056
0.3917695473251029 0.27030096536059056
0.39226973684210525 0.2708688245315162
0.39194741166803615 0.2708688245315162
0.3916256157635468 0.2708688245315162
0.391304347826087 0.2708688245315162
0.3909836065573771 0.2708688245315162
0.3906633906633907 0.2708688245315162
0.3911620294599018 0.2714366837024418
0.39165985282093213 0.2720045428733674
0.39133986928104575 0.2720045428733674
0.39102040816326533 0.2720045428733674
0.3915171288743883 0.272572402044293
0.39119804400978 0.272572402044293
0.39087947882736157 0.272572402044293
0.39056143205858423 0.272572402044293
0.3902439024390244 0.272572402044293
0.38992688870836717 0.272572402044293
0.38961038961038963 0.272572402044293
0.38929440389294406 0.272572402044293
0.3889789303079417 0.272572402044293
0.38866396761133604 0.272572402044293
0.3883495145631068 0.272572402044293
0.3880355699272433 0.272572402044293
0.388529886914378 0.2731402612152186
0.38821630347054076 0.2731402612152186
0.38870967741935486 0.2737081203861442
0.38839645447219984 0.2737081203861442
0.3888888888888889 0.27427597955706984
0.38857602574416733 0.27427597955706984
0.3890675241157556 0.27484383872799545
0.3887550200803213 0.27484383872799545
0.38924558587479935 0.27541169789892106
0.38893344025661586 0.27541169789892106
0.3886217948717949 0.27541169789892106
0.388310648518815 0.27541169789892106
0.388 0.27541169789892106
0.3876898481215028 0.27541169789892106
0.38817891373801916 0.27597955706984667
0.38786911412609737 0.27597955706984667
0.3883572567783094 0.2765474162407723
0.3888446215139442 0.2771152754116979
0.3893312101910828 0.2776831345826235
0.38902147971360385 0.2776831345826235
0.38950715421303655 0.2782509937535491
0.38999205718824465 0.2788188529244747
0.3896825396825397 0.2788188529244747
0.3901665344964314 0.27938671209540034
0.3898573692551506 0.27938671209540034
0.38954869358669836 0.27938671209540034
0.38924050632911394 0.27938671209540034
0.38893280632411065 0.27938671209540034
0.38941548183254343 0.27995457126632595
0.3898973954222573 0.28052243043725156
0.38958990536277605 0.28052243043725156
0.3892828999211978 0.28052243043725156
0.3889763779527559 0.28052243043725156
0.3886703383162864 0.28052243043725156
0.38836477987421386 0.28052243043725156
0.3880597014925373 0.28052243043725156
0.3877551020408163 0.28052243043725156
0.38745098039215686 0.28052243043725156
0.3871473354231975 0.28052243043725156
0.38684416601409555 0.28052243043725156
0.3865414710485133 0.28052243043725156
0.38702111024237684 0.28109028960817717
0.3875 0.2816581487791028
0.3871975019516003 0.2816581487791028
0.3868954758190328 0.2816581487791028
0.387373343725643 0.2822260079500284
0.3870716510903427 0.2822260079500284
0.38754863813229573 0.282793867120954
0.38724727838258166 0.282793867120954
0.38694638694638694 0.282793867120954
0.38742236024844723 0.2833617262918796
0.38712179984484096 0.2833617262918796
0.3868217054263566 0.2833617262918796
0.3865220759101472 0.2833617262918796
0.38699690402476783 0.2839295854628052
0.3866976024748647 0.2839295854628052
0.38639876352395675 0.2839295854628052
0.3861003861003861 0.2839295854628052
0.38580246913580246 0.2839295854628052
0.3855050115651503 0.2839295854628052
0.3852080123266564 0.2839295854628052
0.3849114703618168 0.2839295854628052
0.3853846153846154 0.28449744463373083
0.3850883935434281 0.28449744463373083
0.3847926267281106 0.28449744463373083
0.3844973138910207 0.28449744463373083
0.38420245398773006 0.28449744463373083
0.3839080459770115 0.28449744463373083
0.3836140888208269 0.28449744463373083
0.3840856924254017 0.28506530380465644
0.3837920489296636 0.28506530380465644
0.3842627960275019 0.28563316297558206
0.3847328244274809 0.28620102214650767
0.38443935926773454 0.28620102214650767
0.38414634146341464 0.28620102214650767
0.38461538461538464 0.2867688813174333
0.3843226788432268 0.2867688813174333
0.3840304182509506 0.2867688813174333
0.3837386018237082 0.2867688813174333
0.38344722854973423 0.2867688813174333
0.38315629742033386 0.2867688813174333
0.38362395754359363 0.2873367404883589
0.38333333333333336 0.2873367404883589
0.3838001514004542 0.2879045996592845
0.3835098335854766 0.2879045996592845
0.3832199546485261 0.2879045996592845
0.38293051359516617 0.2879045996592845
0.38339622641509435 0.2884724588302101
0.3838612368024133 0.2890403180011357
0.3835719668425019 0.2890403180011357
0.38403614457831325 0.28960817717206133
0.38449962377727614 0.29017603634298694
0.3849624060150376 0.29074389551391255
0.38467317806160783 0.29074389551391255
0.3843843843843844 0.29074389551391255
0.3840960240060015 0.29074389551391255
0.38455772113943026 0.29131175468483816
0.3850187265917603 0.2918796138557638
0.3847305389221557 0.2918796138557638
0.3851907255048616 0.2924474730266894
0.38490284005979075 0.2924474730266894
0.38461538461538464 0.2924474730266894
0.3843283582089552 0.2924474730266894
0.38478747203579416 0.293015332197615
0.38524590163934425 0.2935831913685406
0.3849590469099032 0.2935831913685406
0.3854166666666667 0.2941510505394662
0.38513011152416354 0.2941510505394662
0.3848439821693908 0.2941510505394662
0.38455827765404604 0.2941510505394662
0.38427299703264095 0.2941510505394662
0.3839881393624907 0.2941510505394662
0.3837037037037037 0.2941510505394662
0.38341968911917096 0.2941510505394662
0.3838757396449704 0.29471890971039183
0.3835920177383592 0.29471890971039183
0.38330871491875923 0.29471890971039183
0.38302583025830256 0.29471890971039183
0.3834808259587021 0.29528676888131744
0.38393515106853354 0.29585462805224305
0.38438880706921946 0.29642248722316866
0.3841059602649007 0.29642248722316866
0.38382352941176473 0.29642248722316866
0.38354151359294636 0.29642248722316866
0.3832599118942731 0.29642248722316866
0.3829787234042553 0.29642248722316866
0.38343108504398826 0.2969903463940943
0.3838827838827839 0.2975582055650199
0.383601756954612 0.2975582055650199
0.3840526700804682 0.2981260647359455
0.38377192982456143 0.2981260647359455
0.38349159970781593 0.2981260647359455
0.38394160583941606 0.2986939239068711
0.38439095550692925 0.2992617830777967
0.3848396501457726 0.29982964224872233
0.38455935906773486 0.29982964224872233
0.38427947598253276 0.29982964224872233
0.384 0.29982964224872233
0.38444767441860467 0.30039750141964794
0.3848946986201888 0.30096536059057355
0.38461538461538464 0.30096536059057355
0.38506163886874545 0.30153321976149916
0.3847826086956522 0.30153321976149916
0.38450398262128893 0.30153321976149916
0.3842257597684515 0.30153321976149916
0.3839479392624729 0.30153321976149916
0.3836705202312139 0.30153321976149916
0.38339350180505416 0.30153321976149916
0.38311688311688313 0.30153321976149916
0.3828406633020908 0.30153321976149916
0.38256484149855907 0.30153321976149916
0.38228941684665224 0.30153321976149916
0.38201438848920866 0.30153321976149916
0.3817397555715313 0.30153321976149916
0.38146551724137934 0.30153321976149916
0.3811916726489591 0.30153321976149916
0.38091822094691535 0.30153321976149916
0.38064516129032255 0.30153321976149916
0.38037249283667623 0.30153321976149916
0.380100214745884 0.30153321976149916
0.3798283261802575 0.30153321976149916
0.3795568263045032 0.30153321976149916
0.3792857142857143 0.30153321976149916
0.37901498929336186 0.30153321976149916
0.37874465049928674 0.30153321976149916
0.37847469707769066 0.30153321976149916
0.3782051282051282 0.30153321976149916
0.3779359430604982 0.30153321976149916
0.37766714082503555 0.30153321976149916
0.3773987206823028 0.30153321976149916
0.3771306818181818 0.30153321976149916
0.37686302342086586 0.30153321976149916
0.37659574468085105 0.30153321976149916
0.37632884479092843 0.30153321976149916
0.37606232294617564 0.30153321976149916
0.37579617834394907 0.30153321976149916
0.3755304101838755 0.30153321976149916
0.37526501766784454 0.30153321976149916
0.375 0.30153321976149916
0.37544107268877913 0.30210107893242477
0.3751763046544429 0.30210107893242477
0.3749119097956307 0.30210107893242477
0.37464788732394366 0.30210107893242477
0.37438423645320196 0.30210107893242477
0.37412095639943743 0.30210107893242477
0.37385804638088543 0.30210107893242477
0.37359550561797755 0.30210107893242477
0.37333333333333335 0.30210107893242477
0.37307152875175315 0.30210107893242477
0.37281009110021024 0.30210107893242477
0.37254901960784315 0.30210107893242477
0.3722883135059482 0.30210107893242477
0.37272727272727274 0.3026689381033504
0.3731656184486373 0.303236797274276
0.3729050279329609 0.303236797274276
0.37264480111653875 0.303236797274276
0.3723849372384937 0.303236797274276
0.37282229965156793 0.3038046564452016
0.3725626740947075 0.3038046564452016
0.37230340988169797 0.3038046564452016
0.37273991655076494 0.3043725156161272
0.3724808895066018 0.3043725156161272
0.3729166666666667 0.3049403747870528
0.37265787647467036 0.3049403747870528
0.3723994452149792 0.3049403747870528
0.37214137214137216 0.3049403747870528
0.3718836565096953 0.3049403747870528
0.372318339100346 0.30550823395797844
0.3727524204702628 0.30607609312890405
0.3724948168624741 0.30607609312890405
0.3722375690607735 0.30607609312890405
0.3719806763285024 0.30607609312890405
0.3724137931034483 0.30664395229982966
0.37215713301171605 0.30664395229982966
0.371900826446281 0.30664395229982966
0.3716448726772196 0.30664395229982966
0.3713892709766162 0.30664395229982966
0.3718213058419244 0.30721181147075527
0.37225274725274726 0.3077796706416809
0.37199725463280714 0.3077796706416809
0.3717421124828532 0.3077796706416809
0.3721727210418095 0.3083475298126065
0.3719178082191781 0.3083475298126065
0.37166324435318276 0.3083475298126065
0.37140902872777015 0.3083475298126065
0.3718386876281613 0.3089153889835321
0.37158469945355194 0.3089153889835321
0.37133105802047783 0.3089153889835321
0.3710777626193724 0.3089153889835321
0.37082481254260397 0.3089153889835321
0.3712534059945504 0.3094832481544577
0.371000680735194 0.3094832481544577
0.3707482993197279 0.3094832481544577
0.37049626104690686 0.3094832481544577
0.3702445652173913 0.3094832481544577
0.3699932111337407 0.3094832481544577
0.36974219810040704 0.3094832481544577
0.3694915254237288 0.3094832481544577
0.3692411924119241 0.3094832481544577
0.3696682464454976 0.3100511073253833
0.36941813261163736 0.3100511073253833
0.3691683569979716 0.3100511073253833
0.3695945945945946 0.31061896649630893
0.3700202565833896 0.31118682566723455
0.3697705802968961 0.31118682566723455
0.36952124072825354 0.31118682566723455
0.3692722371967655 0.31118682566723455
0.36902356902356903 0.31118682566723455
0.3694481830417227 0.31175468483816016
0.3691997310020175 0.31175468483816016
0.3689516129032258 0.31175468483816016
0.36937541974479515 0.31232254400908577
0.3691275167785235 0.31232254400908577
0.36955063715627096 0.3128904031800114
0.3693029490616622 0.3128904031800114
0.36905559276624245 0.3128904031800114
0.3688085676037483 0.3128904031800114
0.36923076923076925 0.313458262350937
0.3689839572192513 0.313458262350937
0.3687374749498998 0.313458262350937
0.3684913217623498 0.313458262350937
0.3682454969979987 0.313458262350937
0.368 0.313458262350937
0.3677548301132578 0.313458262350937
0.3681757656458056 0.3140261215218626
0.36793080505655357 0.3140261215218626
0.36768617021276595 0.3140261215218626
0.3674418604651163 0.3140261215218626
0.36719787516600266 0.3140261215218626
0.3669542136695421 0.3140261215218626
0.366710875331565 0.3140261215218626
0.36713055003313455 0.3145939806927882
0.36688741721854307 0.3145939806927882
0.3673064195896757 0.3151618398637138
0.36772486772486773 0.31572969903463943
0.3674818241903503 0.31572969903463943
0.36723910171730517 0.31572969903463943
0.36765676567656763 0.31629755820556504
0.36741424802110817 0.31629755820556504
0.3671720500988794 0.31629755820556504
0.3669301712779974 0.31629755820556504
0.3666886109282423 0.31629755820556504
0.36644736842105263 0.31629755820556504
0.36620644312952005 0.31629755820556504
0.3659658344283837 0.31629755820556504
0.36572554169402494 0.31629755820556504
0.36548556430446194 0.31629755820556504
0.3652459016393443 0.31629755820556504
0.36500655307994756 0.31629755820556504
0.3647675180091683 0.31629755820556504
0.3645287958115183 0.31629755820556504
0.3642903858731197 0.31629755820556504
0.36405228758169933 0.31629755820556504
0.3638145003265839 0.31629755820556504
0.36357702349869453 0.31629755820556504
0.3633398564905414 0.31629755820556504
0.36310299869621904 0.31629755820556504
0.3628664495114006 0.31629755820556504
0.36328125 0.31686541737649065
0.36369551073519846 0.31743327654741627
0.3634590377113134 0.31743327654741627
0.3632228719948018 0.31743327654741627
0.36298701298701297 0.31743327654741627
0.3627514600908501 0.31743327654741627
0.36251621271076523 0.31743327654741627
0.36292935839274143 0.3180011357183419
0.3626943005181347 0.3180011357183419
0.36245954692556637 0.3180011357183419
0.36222509702457956 0.3180011357183419
0.36199095022624433 0.3180011357183419
0.3624031007751938 0.3185689948892675
0.3621691413815365 0.3185689948892675
0.36193548387096774 0.3185689948892675
0.3617021276595745 0.3185689948892675
0.36146907216494845 0.3185689948892675
0.36123631680618157 0.3185689948892675
0.361003861003861 0.3185689948892675
0.3614147909967846 0.3191368540601931
0.36118251928020567 0.3191368540601931
0.36095054592164416 0.3191368540601931
0.3607188703465982 0.3191368540601931
0.36112892880051317 0.3197047132311187
0.3608974358974359 0.3197047132311187
0.3613068545803972 0.3202725724020443
0.36107554417413573 0.3202725724020443
0.36084452975047987 0.3202725724020443
0.36061381074168797 0.3202725724020443
0.3603833865814696 0.3202725724020443
0.36015325670498083 0.3202725724020443
0.36056158264199106 0.32084043157296993
0.36033163265306123 0.32084043157296993
0.3601019757807521 0.32084043157296993
0.35987261146496813 0.32084043157296993
0.3596435391470401 0.32084043157296993
0.3594147582697201 0.32084043157296993
0.35918626827717737 0.32084043157296993
0.35895806861499363 0.32084043157296993
0.35873015873015873 0.32084043157296993
0.35850253807106597 0.32084043157296993
0.3582752060875079 0.32084043157296993
0.35868187579214195 0.32140829074389554
0.3590880303989867 0.3219761499148211
0.3588607594936709 0.3219761499148211
0.3586337760910816 0.3219761499148211
0.359039190897598 0.3225440090857467
0.35944409349336703 0.3231118682566723
0.3592171717171717 0.3231118682566723
0.3589905362776025 0.3231118682566723
0.3587641866330391 0.3231118682566723
0.35853812224322623 0.3231118682566723
0.3583123425692695 0.3231118682566723
0.35871617369414727 0.32367972742759793
0.3591194968553459 0.32424758659852354
0.35889377749842866 0.32424758659852354
0.3592964824120603 0.32481544576944915
0.35969868173258 0.32538330494037476
0.3594730238393977 0.32538330494037476
0.35987460815047023 0.3259511641113004
0.35964912280701755 0.3259511641113004
0.3600500939261115 0.326519023282226
0.3598247809762203 0.326519023282226
0.3595997498436523 0.326519023282226
0.359375 0.326519023282226
0.35977514053716425 0.3270868824531516
0.3595505617977528 0.3270868824531516
0.3593262632563943 0.3270868824531516
0.35910224438902744 0.3270868824531516
0.35950155763239877 0.3276547416240772
0.3592777085927771 0.3276547416240772
0.35905413814561293 0.3276547416240772
0.35883084577114427 0.3276547416240772
0.3586078309509012 0.3276547416240772
0.35838509316770184 0.3276547416240772
0.3581626319056487 0.3276547416240772
0.3579404466501241 0.3276547416240772
0.3583384996900186 0.3282226007950028
0.35811648079306074 0.3282226007950028
0.3585139318885449 0.3287904599659284
0.3582920792079208 0.3287904599659284
0.3580705009276438 0.3287904599659284
0.357849196538937 0.3287904599659284
0.3582458307597282 0.32935831913685404
0.35802469135802467 0.32935831913685404
0.35780382479950645 0.32935831913685404
0.35758323057953145 0.32935831913685404
0.3573629081947012 0.32935831913685404
0.35714285714285715 0.32935831913685404
0.3569230769230769 0.32935831913685404
0.35670356703567035 0.32935831913685404
0.3564843269821758 0.32935831913685404
0.35626535626535627 0.32935831913685404
0.3560466543891958 0.32935831913685404
0.3558282208588957 0.32935831913685404
0.35561005518087063 0.32935831913685404
0.3553921568627451 0.32935831913685404
0.35517452541334965 0.32935831913685404
0.35556915544675644 0.32992617830777965
0.3559633027522936 0.33049403747870526
0.35574572127139364 0.33049403747870526
0.3555284056200366 0.33049403747870526
0.35592185592185593 0.33106189664963087
0.35570469798657717 0.33106189664963087
0.35609756097560974 0.3316297558205565
0.3558805606337599 0.3316297558205565
0.3556638246041413 0.3316297558205565
0.35544735240413877 0.3316297558205565
0.35523114355231145 0.3316297558205565
0.35501519756838906 0.3316297558205565
0.35479951397326853 0.3316297558205565
0.35458409228901033 0.3316297558205565
0.35436893203883496 0.3316297558205565
0.3541540327471195 0.3316297558205565
0.35393939393939394 0.3316297558205565
0.35372501514233795 0.3316297558205565
0.35351089588377727 0.3316297558205565
0.35329703569267995 0.3316297558205565
0.35308343409915355 0.3316297558205565
0.35347432024169184 0.3321976149914821
0.3532608695652174 0.3321976149914821
0.3530476765238383 0.3321976149914821
0.3528347406513872 0.3321976149914821
0.35322483423749246 0.3327654741624077
0.3530120481927711 0.3327654741624077
0.3527995183624323 0.3327654741624077
0.3525872442839952 0.3327654741624077
0.3523752254960914 0.3327654741624077
0.35216346153846156 0.3327654741624077
0.35195195195195195 0.3327654741624077
0.3517406962785114 0.3327654741624077
0.3515296940611878 0.3327654741624077
0.3513189448441247 0.3327654741624077
0.3517076093469143 0.3333333333333333
0.35149700598802397 0.3333333333333333
0.3518850987432675 0.3339011925042589
0.35167464114832536 0.3339011925042589
0.3514644351464435 0.3339011925042589
0.35125448028673834 0.3339011925042589
0.351044776119403 0.3339011925042589
0.35083532219570407 0.3339011925042589
0.35062611806797855 0.3339011925042589
0.35101311084624554 0.33446905167518454
0.35080405002977966 0.33446905167518454
0.35059523809523807 0.33446905167518454
0.3503866745984533 0.33446905167518454
0.3501783590963139 0.33446905167518454
0.35056446821152704 0.33503691084611015
0.3509501187648456 0.33560477001703576
0.35074183976261125 0.33560477001703576
0.3505338078291815 0.33560477001703576
0.3503260225251926 0.33560477001703576
0.35011848341232227 0.33560477001703576
0.34991119005328597 0.33560477001703576
0.3497041420118343 0.33560477001703576
0.34949733885274986 0.33560477001703576
0.34929078014184395 0.33560477001703576
0.34908446544595395 0.33560477001703576
0.34887839433293977 0.33560477001703576
0.3486725663716814 0.33560477001703576
0.3490566037735849 0.33617262918796137
0.34885091337654683 0.33617262918796137
0.3486454652532391 0.33617262918796137
0.34902884049440847 0.336740488358887
0.3488235294117647 0.336740488358887
0.3492063492063492 0.3373083475298126
0.3490011750881316 0.3373083475298126
0.34879624192601294 0.3373083475298126
0.34917840375586856 0.3378762067007382
0.3489736070381232 0.3378762067007382
0.34876905041031653 0.3378762067007382
0.34915055653192734 0.3384440658716638
0.34894613583138173 0.3384440658716638
0.3487419543592744 0.3384440658716638
0.3485380116959064 0.3384440658716638
0.3483343074225599 0.3384440658716638
0.34813084112149534 0.3384440658716638
0.34851138353765326 0.3390119250425894
0.3483080513418903 0.3390119250425894
0.3481049562682216 0.3390119250425894
0.3479020979020979 0.3390119250425894
0.34769947582993593 0.3390119250425894
0.34749708963911524 0.3390119250425894
0.3472949389179756 0.3390119250425894
0.34767441860465115 0.33957978421351503
0.347472399767577 0.33957978421351503
0.34727061556329847 0.33957978421351503
0.347069065583285 0.33957978421351503
0.3468677494199536 0.33957978421351503
0.3466666666666667 0.33957978421351503
0.3464658169177289 0.33957978421351503
0.3468442385639838 0.34014764338444065
0.34664351851851855 0.34014764338444065
0.3470213996529786 0.34071550255536626
0.34739884393063586 0.34128336172629187
0.34777585210860773 0.3418512208972175
0.34757505773672054 0.3418512208972175
0.3473744950952106 0.3418512208972175
0.34717416378316035 0.3418512208972175
0.34755043227665705 0.3424190800681431
0.34735023041474655 0.3424190800681431
0.3471502590673575 0.3424190800681431
0.3475258918296893 0.3429869392390687
0.34732604945370904 0.3429869392390687
0.3471264367816092 0.3429869392390687
0.3469270534175761 0.3429869392390687
0.3467278989667049 0.3429869392390687
0.34652897303499713 0.3429869392390687
0.3463302752293578 0.3429869392390687
0.3461318051575931 0.3429869392390687
0.3459335624284078 0.3429869392390687
0.3457355466514024 0.3429869392390687
0.34553775743707094 0.3429869392390687
0.3453401943967982 0.3429869392390687
0.34514285714285714 0.3429869392390687
0.3449457452884066 0.3429869392390687
0.3447488584474886 0.3429869392390687
0.34455219623502564 0.3429869392390687
0.3443557582668187 0.3429869392390687
0.34415954415954414 0.3429869392390687
0.3445330296127563 0.3435547984099943
0.344336937962436 0.3435547984099943
0.3441410693970421 0.3435547984099943
0.3439454235361001 0.3435547984099943
0.34375 0.3435547984099943
0.3441226575809199 0.3441226575809199
0.3439273552780931 0.3441226575809199
0.34373227453204763 0.3441226575809199
0.3435374149659864 0.3441226575809199
0.343342776203966 0.3441226575809199
0.3431483578708947 0.3441226575809199
0.34295415959252973 0.3441226575809199
0.3427601809954751 0.3441226575809199
0.3425664217071792 0.3441226575809199
0.3423728813559322 0.3441226575809199
0.34217955957086393 0.3441226575809199
0.34198645598194133 0.3441226575809199
0.34179357021996615 0.3441226575809199
0.3416009019165727 0.3441226575809199
0.3419718309859155 0.34469051675184553
0.34177927927927926 0.34469051675184553
0.3415869442881261 0.34469051675184553
0.34139482564679413 0.34469051675184553
0.3412029229904441 0.34469051675184553
0.34101123595505617 0.34469051675184553
0.34081976417742843 0.34469051675184553
0.34062850729517397 0.34469051675184553
0.340437464946719 0.34469051675184553
0.34080717488789236 0.34525837592277114
0.34061624649859945 0.34525837592277114
0.34098544232922734 0.34582623509369675
0.3407946278679351 0.34582623509369675
0.34060402684563756 0.34582623509369675
0.3404136389044159 0.34582623509369675
0.3407821229050279 0.34639409426462237
0.3405918481295366 0.34639409426462237
0.3404017857142857 0.34639409426462237
0.3402119353039598 0.34639409426462237
0.34002229654403565 0.34639409426462237
0.3398328690807799 0.34639409426462237
0.34020044543429845 0.346961953435548
0.34001112966054536 0.346961953435548
0.3403781979977753 0.3475298126064736
0.34018899388549195 0.3475298126064736
0.34 0.3475298126064736
0.3403664630760688 0.3480976717773992
0.3407325194228635 0.3486655309483248
0.3405435385468663 0.3486655309483248
0.34035476718403546 0.3486655309483248
0.3401662049861496 0.3486655309483248
0.3399778516057586 0.3486655309483248
0.3403431101272828 0.3492333901192504
0.3401548672566372 0.3492333901192504
0.33996683250414594 0.3492333901192504
0.3397790055248619 0.3492333901192504
0.33959138597459965 0.3492333901192504
0.3394039735099338 0.3492333901192504
0.33921676778819637 0.3492333901192504
0.3395810363836825 0.34980124929017603
0.3393939393939394 0.34980124929017603
0.3392070484581498 0.34980124929017603
0.3395707209686296 0.35036910846110164
0.3393839383938394 0.35036910846110164
0.3397471137987905 0.35093696763202725
0.3395604395604396 0.35093696763202725
0.3393739703459638 0.35093696763202725
0.3391877058177827 0.35093696763202725
0.33955019199122327 0.35150482680295286
0.3393640350877193 0.35150482680295286
0.3391780821917808 0.35150482680295286
0.33953997809419495 0.3520726859738785
0.3393541324575807 0.3520726859738785
0.33916849015317285 0.3520726859738785
0.3389830508474576 0.3520726859738785
0.33879781420765026 0.3520726859738785
0.3391589295466958 0.3526405451448041
0.3395196506550218 0.3532084043157297
0.33987997817785054 0.3537762634866553
0.33969465648854963 0.3537762634866553
0.33950953678474116 0.3537762634866553
0.3393246187363834 0.3537762634866553
0.3391399020141535 0.3537762634866553
0.33895538628944505 0.3537762634866553
0.3387710712343665 0.3537762634866553
0.33858695652173915 0.3537762634866553
0.33840304182509506 0.3537762634866553
0.33876221498371334 0.3543441226575809
0.33857840477482365 0.3543441226575809
0.3383947939262473 0.3543441226575809
0.3382113821138211 0.3543441226575809
0.3380281690140845 0.3543441226575809
0.3378451543042772 0.3543441226575809
0.33766233766233766 0.3543441226575809
0.3380205516495403 0.35491198182850653
0.33783783783783783 0.35491198182850653
0.33765532144786603 0.35491198182850653
0.33747300215982723 0.35491198182850653
0.3378305450620615 0.35547984099943214
0.3376483279395901 0.35547984099943214
0.33746630727762805 0.35547984099943214
0.33728448275862066 0.35547984099943214
0.33710285406569734 0.35547984099943214
0.3369214208826695 0.35547984099943214
0.33674018289402907 0.35547984099943214
0.3365591397849462 0.35547984099943214
0.3363782912412681 0.35547984099943214
0.33619763694951665 0.35547984099943214
0.33601717659688674 0.35547984099943214
0.33583690987124465 0.35547984099943214
0.33619302949061663 0.35604770017035775
0.3360128617363344 0.35604770017035775
0.33583288698446706 0.35604770017035775
0.3356531049250535 0.35604770017035775
0.33600856072766183 0.35661555934128336
0.3358288770053476 0.35661555934128336
0.33564938535542493 0.35661555934128336
0.33547008547008544 0.35661555934128336
0.3358248798718633 0.35718341851220897
0.33564567769477055 0.35718341851220897
0.3354666666666667 0.35718341851220897
0.3352878464818763 0.35718341851220897
0.3351092168353756 0.35718341851220897
0.3349307774227902 0.35718341851220897
0.33475252794039384 0.35718341851220897
0.3351063829787234 0.3577512776831346
0.3349282296650718 0.3577512776831346
0.33475026567481403 0.3577512776831346
0.3345724907063197 0.3577512776831346
0.3343949044585987 0.3577512776831346
0.33421750663129973 0.3577512776831346
0.3340402969247084 0.3577512776831346
0.3338632750397456 0.3577512776831346
0.3336864406779661 0.3577512776831346
0.3340391741662255 0.3583191368540602
0.3343915343915344 0.3588869960249858
0.33421470121628766 0.3588869960249858
0.33403805496828753 0.3588869960249858
0.3338615953512942 0.3588869960249858
0.33368532206969376 0.3588869960249858
0.33350923482849604 0.3588869960249858
0.3333333333333333 0.3588869960249858
0.33368476541908276 0.3594548551959114
0.333508956796628 0.3594548551959114
0.3333333333333333 0.3594548551959114
0.3331578947368421 0.3594548551959114
0.33298264071541295 0.3594548551959114
0.33280757097791797 0.3594548551959114
0.3326326852338413 0.3594548551959114
0.3329831932773109 0.360022714366837
0.33280839895013126 0.360022714366837
0.33263378803777544 0.360022714366837
0.33245936025170425 0.360022714366837
0.33228511530398325 0.360022714366837
0.3321110529072813 0.360022714366837
0.3324607329842932 0.36059057353776264
0.3322867608581894 0.36059057353776264
0.3321129707112971 0.36059057353776264
0.3324621014113957 0.36115843270868825
0.3328108672936259 0.36172629187961386
0.33263707571801565 0.36172629187961386
0.3324634655532359 0.36172629187961386
0.33229003651538863 0.36172629187961386
0.33263816475495306 0.36229415105053947
0.33298593017196454 0.3628620102214651
0.3328125 0.3628620102214651
0.33263925039042164 0.3628620102214651
0.33246618106139436 0.3628620102214651
0.3328133125325013 0.3634298693923907
0.33264033264033266 0.3634298693923907
0.33246753246753247 0.3634298693923907
0.3322949117341641 0.3634298693923907
0.3321224701608718 0.3634298693923907
0.3324688796680498 0.3639977285633163
0.3322965266977709 0.3639977285633163
0.33264248704663213 0.3645655877342419
0.3324702226825479 0.3645655877342419
0.33229813664596275 0.3645655877342419
0.3321262286601138 0.3645655877342419
0.33195449844881075 0.3645655877342419
0.33178294573643413 0.3645655877342419
0.33212809917355374 0.3651334469051675
0.3324728962312855 0.36570130607609314
0.3323013415892673 0.36570130607609314
0.33212996389891697 0.36570130607609314
0.3319587628865979 0.36570130607609314
0.3323029366306028 0.36626916524701875
0.3321318228630278 0.36626916524701875
0.3319608852290273 0.36626916524701875
0.3323045267489712 0.36683702441794436
0.3326478149100257 0.36740488358886997
0.3324768756423433 0.36740488358886997
0.33281972265023113 0.3679727427597956
0.3326488706365503 0.3679727427597956
0.3324781939456131 0.3679727427597956
0.3323076923076923 0.3679727427597956
0.3326499231163506 0.3685406019307212
0.3324795081967213 0.3685406019307212
0.33230926779313874 0.3685406019307212
0.3321392016376663 0.3685406019307212
0.3319693094629156 0.3685406019307212
0.3323108384458078 0.3691084611016468
0.3321410321921308 0.3691084611016468
0.3319713993871297 0.3691084611016468
0.3318019397651863 0.3691084611016468
0.33214285714285713 0.3696763202725724
0.33197348291687917 0.3696763202725724
0.3318042813455658 0.3696763202725724
0.33163525216505346 0.3696763202725724
0.3314663951120163 0.3696763202725724
0.33129770992366414 0.3696763202725724
0.3316378433367243 0.370244179443498
0.33146924250127097 0.370244179443498
0.3313008130081301 0.370244179443498
0.33113255459624175 0.370244179443498
0.33096446700507615 0.370244179443498
0.33079654997463215 0.370244179443498
0.33113590263691683 0.37081203861442363
0.3309680689305626 0.37081203861442363
0.33080040526849036 0.37081203861442363
0.3311392405063291 0.37137989778534924
0.3309716599190283 0.37137989778534924
0.330804248861912 0.37137989778534924
0.33114256825075833 0.37194775695627486
0.3309752400202122 0.37194775695627486
0.33080808080808083 0.37194775695627486
0.33064109035840483 0.37194775695627486
0.3304742684157417 0.37194775695627486
0.3303076147251639 0.37194775695627486
0.33014112903225806 0.37194775695627486
0.32997481108312343 0.37194775695627486
0.3298086606243706 0.37194775695627486
0.3301459486663312 0.37251561612720047
0.3299798792756539 0.37251561612720047
0.3298139768728004 0.37251561612720047
0.32964824120603015 0.37251561612720047
0.32998493219487696 0.3730834752981261
0.32981927710843373 0.3730834752981261
0.3296537882589062 0.3730834752981261
0.3294884653961886 0.3730834752981261
0.3298245614035088 0.3736513344690517
0.32965931863727455 0.3736513344690517
0.3294942413620431 0.3736513344690517
0.32932932932932935 0.3736513344690517
0.3296648324162081 0.3742191936399773
0.33 0.3747870528109029
0.32983508245877063 0.3747870528109029
0.32967032967032966 0.3747870528109029
0.3295057413879181 0.3747870528109029
0.32934131736526945 0.3747870528109029
0.32917705735660846 0.3747870528109029
0.32901296111665007 0.3747870528109029
0.32884902840059793 0.3747870528109029
0.3286852589641434 0.3747870528109029
0.3285216525634644 0.3747870528109029
0.3288557213930348 0.3753549119818285
0.3286921929388364 0.3753549119818285
0.32852882703777336 0.3753549119818285
0.3283656234475907 0.3753549119818285
0.3282025819265144 0.3753549119818285
