11368 48 0.9956887364387512
11557 48 0.9956264495849609
61478 48 0.9948118925094604
77038 48 0.9947226047515869
54292 48 0.9940968751907349
11635 48 0.9940499067306519
80518 48 0.9940329194068909
11330 48 0.993385374546051
75131 48 0.9932831525802612
65399 48 0.9926290512084961
11324 48 0.9926179051399231
11609 48 0.991823136806488
77039 48 0.9911412000656128
29577 48 0.9908883571624756
11578 48 0.9906052947044373
11660 48 0.9897374510765076
48854 48 0.9895927906036377
37799 48 0.9880871772766113
11724 48 0.9875305891036987
21633 48 0.9851573705673218
11664 48 0.9851030707359314
29414 48 0.9844251871109009
65371 48 0.9834039807319641
37810 48 0.9814521670341492
54112 48 0.9813025593757629
11564 48 0.980798065662384
37605 48 0.9782830476760864
59226 48 0.9780840277671814
94778 48 0.9780502915382385
11318 48 0.9777880311012268
81183 48 0.9771305322647095
11473 48 0.9768460988998413
48907 48 0.9751563668251038
87460 48 0.9747784733772278
38630 48 0.9745791554450989
37719 48 0.9740652441978455
56749 48 0.9736906886100769
22278 48 0.972908079624176
80555 48 0.9727612733840942
22193 48 0.9726294279098511
11278 48 0.9725325703620911
51923 48 0.9721141457557678
37754 48 0.972055196762085
37712 48 0.9714455604553223
37015 48 0.9712278842926025
76409 48 0.9711592793464661
54236 48 0.9707264304161072
54225 48 0.9704025387763977
30874 48 0.9702099561691284
74296 48 0.9698118567466736
51984 48 0.9694408774375916
1644 48 0.9684581160545349
29622 48 0.9672901630401611
65377 48 0.9671525359153748
54156 48 0.9663894176483154
31100 48 0.9662923216819763
74171 48 0.9661733508110046
32681 29 0.9651749730110168
15419 48 0.963856041431427
93716 48 0.9636716842651367
58344 48 0.9618312120437622
59728 48 0.9617780447006226
37016 48 0.9613152742385864
11594 48 0.9609408378601074
7501 48 0.9606921076774597
44556 29 0.9605894684791565
68402 48 0.9604180455207825
37595 48 0.9603601694107056
22145 48 0.9580081701278687
87625 48 0.9576892256736755
7526 48 0.9575603604316711
42453 48 0.9569823741912842
48903 48 0.9569090008735657
11743 48 0.9567909240722656
81360 29 0.9564244747161865
11334 48 0.9564143419265747
62842 48 0.9558761715888977
7660 48 0.955870509147644
74162 48 0.9555965662002563
69911 29 0.9537645578384399
75627 48 0.9536597728729248
65307 48 0.9535053372383118
66301 48 0.9532698392868042
63294 48 0.9528488516807556
67375 48 0.9520436525344849
51979 48 0.951610803604126
54278 48 0.951560914516449
62788 48 0.951393187046051
74196 48 0.951291561126709
82400 48 0.9509746432304382
11808 48 0.9508064985275269
29399 48 0.9505123496055603
15577 48 0.9501385688781738
49347 48 0.9501287937164307
17486 29 0.9498854875564575
66174 48 0.9497973322868347
65781 48 0.9497220516204834
11450 48 0.9495546817779541
54260 48 0.9493990540504456
59520 48 0.9484830498695374
29624 48 0.9477716088294983
7689 48 0.9474669694900513
11692 48 0.9472326636314392
15551 48 0.9464293122291565
1645 48 0.946325957775116
15558 48 0.9460095167160034
77155 48 0.9454365372657776
11622 48 0.9451093077659607
87639 48 0.9449727535247803
58206 48 0.9446442127227783
50386 29 0.9441700577735901
75323 48 0.943021297454834
31066 48 0.9427993297576904
53403 48 0.942102313041687
76414 48 0.9414887428283691
84317 48 0.941057026386261
52369 48 0.9410169124603271
42652 48 0.9400583505630493
54227 48 0.939727783203125
37173 48 0.93878173828125
75460 48 0.9383992552757263
36998 48 0.9377239942550659
75141 48 0.9373498558998108
26205 29 0.9373222589492798
70445 48 0.9372745156288147
66224 48 0.9371684789657593
2427 48 0.9366825819015503
66614 48 0.936446487903595
12399 48 0.9361498951911926
2386 48 0.9360431432723999
15406 48 0.9359902739524841
37733 48 0.9356115460395813
82802 29 0.9346832036972046
31098 48 0.9337769746780396
22252 48 0.9336180686950684
80388 48 0.9331127405166626
2327 28 0.9330271482467651
49353 48 0.9324495196342468
7724 48 0.9312732815742493
11281 48 0.9310693740844727
58034 48 0.9308497905731201
65805 48 0.930804967880249
71396 29 0.9307644963264465
75093 48 0.9307267665863037
11809 48 0.9304037690162659
44507 48 0.9303051233291626
35428 48 0.9298068881034851
29504 48 0.9296677708625793
91991 48 0.9294118285179138
62913 48 0.9286132454872131
24173 48 0.9278132319450378
95402 48 0.9277573227882385
65491 48 0.9268159866333008
37599 48 0.9265905022621155
50560 48 0.9265891313552856
59771 48 0.926508903503418
76434 48 0.9253972172737122
54131 48 0.9251437783241272
49386 48 0.9239479303359985
21957 48 0.9237630367279053
25843 48 0.9236410856246948
45682 48 0.9234565496444702
86019 29 0.9222833514213562
15444 48 0.9220681190490723
37723 48 0.921933650970459
75270 48 0.9213563799858093
58227 48 0.9203720092773438
74281 48 0.9200965762138367
79642 48 0.9200470447540283
54711 48 0.9189898371696472
7591 48 0.9187102317810059
85949 48 0.9186431169509888
67879 29 0.9171414971351624
7798 48 0.916998028755188
5574 48 0.9158293008804321
11643 48 0.9153431057929993
7531 48 0.9147351384162903
6335 48 0.9133794903755188
68306 48 0.9131245613098145
37796 48 0.9129357933998108
49364 48 0.9125645160675049
65961 48 0.9115052223205566
7698 48 0.911388635635376
66204 48 0.9100279211997986
67838 48 0.9098004102706909
47066 48 0.9094017148017883
78787 48 0.9087339639663696
54814 48 0.9076756834983826
6143 48 0.9071108102798462
37738 48 0.9069867730140686
16706 48 0.9063715934753418
62857 48 0.9061762094497681
83995 48 0.9058367609977722
11513 48 0.9055671691894531
20859 48 0.9052570462226868
61402 48 0.9040974974632263
59658 48 0.903771698474884
11816 48 0.9031837582588196
29092 48 0.9024187922477722
38612 48 0.902170717716217
77008 48 0.9017763137817383
11601 48 0.9016463160514832
89200 48 0.9012007117271423
58387 48 0.9010842442512512
59272 48 0.900912880897522
11341 48 0.9005680680274963
7487 48 0.8998095989227295
22241 48 0.8996674418449402
27116 29 0.8996239304542542
30842 48 0.8990272283554077
15574 48 0.8990214467048645
66284 48 0.8984528183937073
65430 48 0.897797703742981
52885 48 0.8968440294265747
62820 48 0.8967899084091187
90131 48 0.8952028751373291
65401 48 0.8942791819572449
65921 48 0.8935307860374451
69230 28 0.8934799432754517
75135 48 0.893433153629303
74280 48 0.8932592868804932
7486 48 0.8930479884147644
59508 48 0.8930148482322693
54215 48 0.892427921295166
37185 48 0.8922498226165771
94768 48 0.8915608525276184
54121 48 0.890440821647644
50825 48 0.8901323080062866
37218 48 0.8897737264633179
73747 48 0.8893794417381287
87495 48 0.8877877593040466
53911 48 0.8875746130943298
49316 48 0.8866705298423767
54249 48 0.8862099051475525
83927 48 0.8861353397369385
29651 48 0.8860155940055847
16785 29 0.8857718110084534
53834 48 0.8857300281524658
1640 48 0.8852327466011047
94683 48 0.8836092352867126
23010 48 0.8832335472106934
19028 29 0.8830410242080688
11356 48 0.882473349571228
20385 48 0.8820482492446899
68811 48 0.8820008039474487
11591 48 0.8815522789955139
84840 48 0.8811633586883545
59857 48 0.8811264038085938
76509 48 0.880902886390686
65344 48 0.880804717540741
84925 48 0.8804618120193481
31116 48 0.8803632259368896
22065 48 0.8800832033157349
51560 48 0.8788191080093384
11424 48 0.878627359867096
66624 48 0.8782488703727722
62872 48 0.8780137300491333
49100 48 0.8771429061889648
11596 48 0.8761243224143982
39874 48 0.875572144985199
85908 48 0.8738808035850525
65358 48 0.873272716999054
79436 48 0.8724738359451294
35311 48 0.8717461228370667
15620 48 0.8715915679931641
75095 48 0.8712522983551025
79582 48 0.870509684085846
54261 48 0.869875967502594
42942 48 0.8692991137504578
50496 48 0.86811363697052
76588 48 0.8668062686920166
48924 48 0.8667595386505127
15580 48 0.8667047023773193
48315 29 0.8664768934249878
53328 48 0.8663110136985779
60322 48 0.8657125234603882
55432 48 0.8649842739105225
78326 48 0.864634096622467
75103 48 0.8639731407165527
15450 48 0.8636212348937988
11725 48 0.8633228540420532
49429 48 0.863051176071167
52439 48 0.86290043592453
24948 48 0.8628336191177368
76551 48 0.862582266330719
86762 48 0.8619967699050903
95381 48 0.8612647652626038
71634 48 0.8612532019615173
76133 29 0.8610721826553345
67100 28 0.8604171872138977
49155 48 0.8603866696357727
30855 48 0.8600171208381653
11729 48 0.8598487377166748
89734 48 0.8590667247772217
51280 28 0.8586511611938477
14832 48 0.8583791255950928
65997 48 0.8579877614974976
54748 48 0.8576326370239258
48043 48 0.8570903539657593
37654 48 0.8565757870674133
27390 48 0.8552864193916321
47062 48 0.8552094101905823
32889 28 0.8539298176765442
66323 48 0.8538650274276733
66064 48 0.8536787033081055
50813 48 0.8527642488479614
37266 48 0.8524205684661865
6129 48 0.8523056507110596
15473 48 0.8518725633621216
64143 48 0.851839005947113
39097 28 0.8508762121200562
32692 29 0.8508257865905762
48821 48 0.8499186038970947
67953 28 0.8498936891555786
73044 48 0.8488051295280457
84506 48 0.8480994701385498
11179 48 0.8477675318717957
72347 28 0.8471709489822388
79826 48 0.8470705151557922
22339 48 0.8470439314842224
65136 48 0.8457719683647156
21974 48 0.8453823924064636
74330 48 0.8453251123428345
51934 48 0.8445469737052917
48887 48 0.8440898656845093
11680 48 0.8438760638237
38141 48 0.8436806797981262
39537 29 0.8434292078018188
15578 48 0.8431624174118042
55987 28 0.842241644859314
59682 48 0.8420807719230652
80760 48 0.8420270681381226
66227 48 0.8418192267417908
66625 48 0.8415674567222595
94693 48 0.8410758376121521
30790 48 0.840980052947998
79659 48 0.8408676385879517
73861 48 0.8402776122093201
75316 48 0.840164840221405
84291 48 0.8400557041168213
50559 48 0.8395993709564209
89597 48 0.839047908782959
67093 48 0.8387007713317871
18483 28 0.838606595993042
75253 48 0.8384263515472412
65910 48 0.8371279239654541
80633 48 0.8359043002128601
22461 48 0.8353235125541687
27105 28 0.8349324464797974
50400 48 0.8349315524101257
11690 48 0.8345973491668701
48144 29 0.834229052066803
85880 48 0.8341863751411438
85569 48 0.8340783715248108
11818 48 0.8338155746459961
15603 48 0.8334622979164124
76367 48 0.8332285284996033
37354 48 0.8332118988037109
54117 48 0.8328644037246704
2370 48 0.8326455950737
65979 48 0.8317655920982361
65141 48 0.8314850330352783
843 48 0.8299124240875244
3284 48 0.8298368453979492
51895 48 0.8295479416847229
94712 48 0.8289293050765991
38440 28 0.8288226127624512
66674 48 0.8286214470863342
37176 48 0.8283271193504333
22987 48 0.8281232118606567
2741 28 0.8278758525848389
37918 48 0.827682614326477
89267 48 0.827508270740509
4485 28 0.8271353244781494
30363 29 0.8265694379806519
28399 28 0.826370358467102
94226 48 0.8259678483009338
71649 48 0.8255793452262878
49355 48 0.8246634006500244
93813 48 0.8244161009788513
17573 28 0.8241210579872131
59387 48 0.8240771889686584
93358 48 0.8239534497261047
11300 48 0.8237046599388123
37019 48 0.8232172131538391
79350 29 0.8231735825538635
69860 28 0.8221775889396667
24468 29 0.822041928768158
77029 48 0.8218432068824768
11494 48 0.8215843439102173
22356 48 0.8215511441230774
31671 48 0.821377694606781
77028 48 0.8212612271308899
30307 28 0.8210472464561462
25723 28 0.8203286528587341
64615 48 0.8203004598617554
94718 48 0.8199867606163025
26316 29 0.8196790814399719
16590 48 0.8193305134773254
11577 48 0.818852961063385
7608 48 0.8185784816741943
65952 48 0.8181836009025574
47970 28 0.817961573600769
10408 48 0.8175845742225647
37195 48 0.817283034324646
30298 28 0.8169299364089966
61704 29 0.816555380821228
3424 48 0.8165338039398193
55257 48 0.8165329694747925
37080 48 0.8165154457092285
36876 28 0.816461980342865
30936 48 0.8159592747688293
83812 48 0.8157052397727966
76793 48 0.8156106472015381
6205 48 0.8143252730369568
84789 48 0.8135430216789246
11671 48 0.8129662871360779
15483 48 0.812880277633667
3932 48 0.8127056360244751
37722 48 0.8124098181724548
67905 28 0.8107256889343262
1667 48 0.8104623556137085
54182 48 0.8102224469184875
93506 48 0.8093502521514893
48916 48 0.8093186616897583
57420 24 0.8091967701911926
28001 48 0.8087905049324036
3083 48 0.8085567951202393
6157 48 0.8082385063171387
51573 48 0.8058675527572632
15414 48 0.805662989616394
37666 48 0.8055802583694458
22411 48 0.8046141862869263
65167 29 0.8040500283241272
69724 28 0.8037554025650024
81202 48 0.8035301566123962
52870 48 0.803312361240387
90128 48 0.8033069968223572
27683 29 0.8030244708061218
77649 28 0.803016722202301
11457 48 0.8020738363265991
11815 48 0.8018147945404053
78631 48 0.8017869591712952
84522 48 0.8012209534645081
23226 28 0.801135241985321
38573 48 0.8004595637321472
4493 29 0.8003575205802917
83895 48 0.8002437353134155
9026 48 0.7993732690811157
77007 48 0.79823237657547
24327 28 0.7978790998458862
49356 48 0.7964491844177246
10071 28 0.7961682677268982
3967 48 0.7961075305938721
95275 48 0.79523766040802
22324 48 0.7948313355445862
32816 29 0.794625461101532
94414 48 0.7940542101860046
48519 29 0.7935724854469299
66312 48 0.7933143973350525
22178 48 0.7932682633399963
77031 48 0.7930779457092285
91764 48 0.7929730415344238
37621 48 0.7929170727729797
52195 48 0.7927040457725525
89587 48 0.792655348777771
80287 28 0.7918533682823181
65975 48 0.7916340231895447
52207 48 0.7911441922187805
84966 48 0.791081428527832
37167 48 0.7910581231117249
51897 48 0.7909495830535889
66561 48 0.7909291386604309
30830 48 0.7907320261001587
51938 48 0.7905521988868713
55889 48 0.7904092669487
94957 48 0.7903543710708618
15476 48 0.7898251414299011
37438 48 0.7894095182418823
65473 48 0.7882161140441895
21969 48 0.78795325756073
90737 48 0.7878430485725403
66173 48 0.7876927256584167
71625 48 0.7869555950164795
16616 48 0.7864120602607727
10507 48 0.7861632108688354
52588 48 0.7860514521598816
86765 48 0.7860345840454102
84641 48 0.7857388257980347
46379 28 0.7853659391403198
65393 48 0.7846639752388
84572 48 0.7839222550392151
73403 28 0.7832938432693481
84461 48 0.7831160426139832
30795 48 0.7830480933189392
50469 48 0.7830246686935425
49298 48 0.7826061248779297
11561 48 0.7821931838989258
65723 48 0.7820797562599182
62938 48 0.7819738388061523
60299 48 0.7819365859031677
77040 48 0.7816571593284607
78280 48 0.781592845916748
51900 48 0.7810435891151428
52747 28 0.780949056148529
55692 48 0.7807790637016296
1938 48 0.7807416319847107
64610 48 0.7806183695793152
15562 48 0.7805716395378113
84934 48 0.7801371216773987
11323 48 0.7800251245498657
66295 48 0.7796507477760315
7455 48 0.7789287567138672
73710 48 0.778633713722229
58244 48 0.7780076265335083
11547 48 0.7778962850570679
8918 28 0.7777416706085205
66503 48 0.7776666283607483
25562 48 0.7775272130966187
89390 48 0.7768269777297974
21384 29 0.776789665222168
37524 48 0.7758167386054993
22419 48 0.7752998471260071
72316 29 0.7748456597328186
30985 48 0.7746366858482361
71766 48 0.7745726108551025
424 48 0.7743783593177795
93693 48 0.7743507027626038
11355 48 0.7743439078330994
22936 48 0.7729119062423706
49402 48 0.7728740572929382
75635 48 0.772240936756134
20534 29 0.7721003890037537
65392 48 0.7719833850860596
48915 48 0.7717335820198059
48816 48 0.7714902758598328
62968 48 0.7712515592575073
80632 48 0.7706060409545898
31531 48 0.7704451084136963
65929 48 0.7700709700584412
31897 48 0.7692098021507263
6821 48 0.7690594792366028
65024 48 0.7689706683158875
11480 48 0.7685375809669495
29422 48 0.7683931589126587
47995 48 0.7679262757301331
11413 48 0.7678280472755432
78272 48 0.7668887972831726
37715 48 0.7668802738189697
29648 48 0.7665127515792847
65439 48 0.7664449214935303
4061 29 0.7661831378936768
93141 48 0.7659348845481873
67979 28 0.7657787799835205
76871 48 0.7656797766685486
49908 48 0.764412522315979
88882 48 0.764191210269928
82603 29 0.7635647654533386
48088 48 0.7633698582649231
11362 48 0.7631897926330566
94776 48 0.7624752521514893
50013 48 0.7612882256507874
75109 48 0.7610371708869934
48203 28 0.7597901225090027
44276 48 0.7594992518424988
84541 48 0.7590480446815491
15432 48 0.7590183019638062
3227 48 0.7589477300643921
34594 29 0.7587401270866394
75880 48 0.7584304809570312
65448 48 0.7581561803817749
11295 48 0.7576069831848145
61517 48 0.7572784423828125
11427 48 0.7559667825698853
77020 48 0.7553210258483887
38360 48 0.7547967433929443
2417 48 0.7544383406639099
11783 48 0.7532073259353638
38177 48 0.7527633905410767
84906 48 0.7526522874832153
61484 48 0.7525362968444824
22215 48 0.752265214920044
59649 48 0.7517930865287781
48932 48 0.7517200708389282
53322 48 0.7514253854751587
15609 48 0.7507708072662354
85914 48 0.7503394484519958
11375 48 0.7502132654190063
48859 48 0.7501649260520935
81164 48 0.7497371435165405
11268 48 0.7488572001457214
89243 48 0.7488020062446594
37829 48 0.748543918132782
6648 28 0.7485008239746094
44232 48 0.7483657598495483
65728 48 0.7482353448867798
9687 28 0.7478230595588684
29089 48 0.747622013092041
15412 48 0.7475749850273132
2099 48 0.7473830580711365
24923 29 0.7467564940452576
66611 48 0.7463815212249756
48072 48 0.7459350228309631
93228 48 0.7457535266876221
67670 28 0.7453926205635071
87673 48 0.7447719573974609
15507 48 0.7436718344688416
69330 29 0.7434530258178711
85735 48 0.7431490421295166
73076 28 0.742823600769043
79770 48 0.742527961730957
94737 48 0.7424288392066956
37351 48 0.7421208024024963
66755 48 0.7408641576766968
21920 48 0.740822970867157
94703 48 0.7404953241348267
80704 48 0.7400437593460083
85208 29 0.7399577498435974
21972 48 0.7390175461769104
37431 48 0.7387030720710754
54165 48 0.7381596565246582
48057 48 0.7379446625709534
26781 29 0.7375721335411072
16473 48 0.737301766872406
39759 28 0.7372183203697205
94426 48 0.7371457815170288
79212 48 0.7361400127410889
78273 48 0.7351559996604919
87795 48 0.7349527478218079
48891 48 0.7348429560661316
51932 48 0.7343728542327881
77670 28 0.7330322861671448
13744 48 0.7325348258018494
46994 48 0.7322123050689697
88633 48 0.7321459054946899
11820 48 0.7316773533821106
36996 48 0.7314307689666748
30362 29 0.7310079336166382
54169 48 0.7309088110923767
33358 36 0.7306264042854309
11348 48 0.7294232249259949
55548 48 0.729284405708313
38897 29 0.7289479374885559
54099 48 0.7288447618484497
48083 48 0.7286096215248108
59529 48 0.7279824614524841
7137 48 0.7274278998374939
15519 48 0.7266550064086914
5618 48 0.7260054349899292
46405 1 0.7260029911994934
860 48 0.7255135774612427
10737 48 0.7249351143836975
39481 28 0.7247380018234253
61495 48 0.7245941758155823
11317 48 0.7243309617042542
65023 28 0.724295437335968
52007 48 0.7241212725639343
7723 48 0.7238720655441284
94782 48 0.7235813736915588
91760 48 0.722924530506134
22227 48 0.7228041291236877
65706 48 0.7221156358718872
85969 48 0.7220380306243896
12017 48 0.7216970324516296
76962 48 0.7216362953186035
8736 29 0.7213326692581177
50831 48 0.7211787700653076
31542 48 0.7210761904716492
24429 48 0.7205393314361572
85245 48 0.71982741355896
54810 48 0.7196493148803711
7592 48 0.7189011573791504
55250 48 0.7184398174285889
37410 48 0.718388557434082
60774 48 0.718143880367279
70697 48 0.7176085710525513
15469 48 0.7174992561340332
34555 28 0.7173444628715515
84923 48 0.7165741324424744
11325 48 0.7164568901062012
11327 48 0.7162175178527832
20675 28 0.7161183953285217
79800 48 0.7157185077667236
25758 29 0.7153494954109192
15388 48 0.7150845527648926
95125 48 0.7149852514266968
94172 48 0.7148622274398804
2407 48 0.7144988179206848
75256 48 0.7144634127616882
7028 28 0.7139732837677002
22410 48 0.7135072946548462
12200 48 0.7130630016326904
77027 48 0.7129915356636047
62605 28 0.7126709222793579
20796 48 0.7123951315879822
29023 29 0.7121080160140991
93760 48 0.7116753458976746
66450 48 0.711359441280365
22087 48 0.7112413048744202
18316 48 0.7110756039619446
29542 48 0.7110186219215393
87634 48 0.7105382084846497
3674 48 0.7105315923690796
50409 48 0.7104780673980713
65410 48 0.709871232509613
15303 48 0.7098245024681091
29327 48 0.7096863985061646
85119 48 0.7088583111763
72146 29 0.7083988189697266
11632 48 0.7080696821212769
16713 48 0.7077181339263916
11526 48 0.7075587511062622
37002 48 0.7073065042495728
29506 48 0.7067517042160034
93599 48 0.7067201733589172
11145 48 0.7058589458465576
70646 48 0.7056044340133667
47455 48 0.7052760124206543
92090 48 0.7048736214637756
27781 28 0.7047908306121826
79219 28 0.7047637104988098
49372 48 0.7042036652565002
65311 48 0.7041901350021362
1493 24 0.7041721343994141
47535 48 0.7040584087371826
6052 48 0.7035870552062988
92300 48 0.7035411596298218
28071 28 0.7032725811004639
27764 29 0.7030954957008362
11784 48 0.7023888826370239
67537 28 0.7019051313400269
79699 48 0.7014628052711487
54283 48 0.7014404535293579
83819 48 0.700983464717865
28373 28 0.7005166411399841
87643 48 0.7004004716873169
84970 48 0.7000337243080139
38541 48 0.7000154852867126
88209 48 0.6998181343078613
10895 1 0.6993858218193054
30359 29 0.699093222618103
29697 48 0.6990528106689453
62931 48 0.6990072131156921
3442 48 0.6987676620483398
80771 1 0.6978445649147034
58089 28 0.6975857019424438
53862 48 0.6963793635368347
59391 48 0.6961941719055176
62607 28 0.6955519914627075
2469 48 0.6952911019325256
22328 48 0.6952894330024719
48658 29 0.694899320602417
54798 48 0.6946843266487122
18424 48 0.694408655166626
78673 48 0.6939702033996582
4967 29 0.693791925907135
61468 48 0.6936044096946716
90973 48 0.693538248538971
58136 48 0.6934844851493835
476 48 0.6934154033660889
22077 48 0.693342924118042
76553 48 0.6932831406593323
37822 48 0.6931725740432739
22286 48 0.6925061941146851
76777 48 0.6924372315406799
11602 48 0.6922092437744141
26 48 0.6913184523582458
81515 28 0.6912938952445984
62152 28 0.6910374760627747
36793 29 0.6906497478485107
47608 48 0.6905848383903503
11670 48 0.690519392490387
37433 48 0.6904486417770386
48020 48 0.690106987953186
30839 48 0.6899924278259277
88886 48 0.6898168921470642
90126 48 0.6897953152656555
66668 48 0.6892282366752625
66683 48 0.6890355348587036
15546 48 0.6889376044273376
49395 48 0.688823401927948
48091 48 0.6873779296875
75128 48 0.6872410774230957
50843 48 0.6868177056312561
63724 29 0.6864761710166931
68384 48 0.6862659454345703
19315 48 0.6862465143203735
28058 28 0.6861147880554199
22345 48 0.6857092976570129
6828 48 0.6856229305267334
26045 48 0.6856157183647156
75649 48 0.6853128671646118
47589 48 0.6851776242256165
85007 48 0.6849858164787292
79339 28 0.6849127411842346
33324 1 0.6846646666526794
11492 48 0.683775782585144
16709 48 0.6835041642189026
91579 48 0.6835035681724548
65649 48 0.6832126975059509
11507 48 0.6830061078071594
11419 48 0.682900607585907
10657 48 0.6827912926673889
47958 28 0.6825959086418152
41594 29 0.6825343370437622
27380 48 0.6825182437896729
22194 48 0.6821231842041016
48008 48 0.6817039251327515
79821 48 0.6816970109939575
11213 48 0.6816542148590088
49906 48 0.6812763214111328
61523 48 0.6810356974601746
26350 28 0.6810286641120911
92727 1 0.6808198094367981
11676 48 0.6807180643081665
65374 48 0.6806597709655762
75102 48 0.6796018481254578
63621 28 0.6792342066764832
58032 48 0.6791430711746216
49002 28 0.6785088181495667
89426 48 0.6783899068832397
59839 48 0.6778932213783264
58047 48 0.6772089600563049
22322 48 0.6768508553504944
26093 28 0.6766917705535889
2380 48 0.6764693856239319
65853 48 0.6764477491378784
87382 48 0.6759743094444275
94779 48 0.6756037473678589
80990 48 0.6755800843238831
37122 48 0.6753455996513367
67791 36 0.675343930721283
30468 28 0.6752794981002808
15624 48 0.675143837928772
66431 48 0.6750497221946716
76478 48 0.674961268901825
7490 48 0.6746577620506287
36920 48 0.6743945479393005
94721 48 0.6739704608917236
52952 28 0.6738411784172058
32524 28 0.6736755967140198
7470 48 0.673612117767334
79776 48 0.6732110977172852
61067 28 0.6731196045875549
82817 28 0.6729950308799744
75653 48 0.6727722883224487
64542 48 0.6719154119491577
37109 48 0.6715986728668213
11319 48 0.6705508828163147
9380 48 0.6704033017158508
67374 48 0.670393168926239
42188 28 0.6701241731643677
74243 48 0.6701172590255737
52911 29 0.6696842312812805
35860 28 0.6696194410324097
16708 48 0.6696080565452576
25625 48 0.6696016788482666
76495 48 0.6694273352622986
64583 48 0.6692580580711365
65457 48 0.6687857508659363
29646 48 0.6686393618583679
64976 29 0.6678687930107117
8655 48 0.6678491234779358
22401 48 0.667678952217102
22458 48 0.6676629781723022
29393 48 0.6669650077819824
3275 48 0.666483461856842
77030 48 0.6660634279251099
2333 48 0.6654993295669556
15617 48 0.6653968691825867
48877 48 0.6653006672859192
11795 48 0.6644847393035889
84636 48 0.6643874645233154
49403 48 0.6640559434890747
11648 48 0.663788914680481
41332 48 0.6633966565132141
11694 48 0.6632049679756165
7017 48 0.6631830930709839
4054 29 0.6630078554153442
55936 48 0.6627795100212097
22318 48 0.662731409072876
10995 28 0.6625497341156006
76167 28 0.6605876684188843
19223 29 0.6603149175643921
1270 1 0.6598052382469177
21994 48 0.6597450971603394
93663 48 0.6594330668449402
76745 28 0.6593051552772522
37191 48 0.6592079997062683
88069 24 0.6592032313346863
28545 48 0.6591300368309021
37453 48 0.6588289737701416
95700 48 0.6587659120559692
37200 48 0.6579608917236328
11657 48 0.657916247844696
31664 48 0.6577011346817017
11589 48 0.6576602458953857
49147 48 0.6574179530143738
94758 48 0.6573882699012756
93978 48 0.6572700142860413
48036 48 0.6565689444541931
27581 29 0.6559994220733643
75136 48 0.655691921710968
50482 48 0.654873788356781
61962 28 0.6547307968139648
93466 1 0.6544457077980042
47057 24 0.6542242169380188
24072 48 0.6541736125946045
54270 48 0.6540225148200989
80190 48 0.6537027955055237
54726 48 0.6534683108329773
65841 48 0.6530124545097351
65309 48 0.6527532339096069
29647 48 0.652232825756073
37444 48 0.652173638343811
77017 48 0.6521600484848022
58019 48 0.6513602137565613
11737 48 0.6510332822799683
49371 48 0.6508744359016418
545 1 0.6508644819259644
7109 48 0.6508482694625854
1673 48 0.6506187915802002
59519 48 0.6503785252571106
22230 48 0.650347888469696
49879 48 0.6498784422874451
49111 48 0.6495193243026733
22075 48 0.6495101451873779
11525 48 0.6483369469642639
79644 48 0.6483151912689209
9865 48 0.6483122110366821
52814 48 0.6482517719268799
8765 28 0.6480066180229187
15417 48 0.6474263072013855
31065 48 0.6472104787826538
19149 28 0.646969735622406
22378 48 0.6465369462966919
61377 48 0.6457865238189697
80527 48 0.6456235647201538
11383 48 0.645114004611969
11369 48 0.6450850367546082
85680 48 0.6449491381645203
27489 29 0.6446191072463989
63876 29 0.6441736817359924
66650 48 0.6441007852554321
37534 48 0.6439010500907898
45476 48 0.643735945224762
11498 48 0.6432561278343201
65425 48 0.642890214920044
56527 48 0.6425350904464722
87129 48 0.6419585347175598
76534 48 0.6418583393096924
49950 48 0.6416200995445251
49369 48 0.6414502263069153
71343 29 0.6410961151123047
22028 48 0.6408605575561523
16435 48 0.6403898596763611
91628 48 0.6400848627090454
51521 48 0.6399493217468262
91364 48 0.6397721171379089
52899 48 0.6395283937454224
12532 28 0.639270007610321
62606 28 0.6390373706817627
62260 28 0.638961672782898
29340 48 0.6384135484695435
77032 48 0.6383002996444702
13750 48 0.6380302309989929
17406 28 0.6378107666969299
76604 48 0.6377267837524414
38633 48 0.637617826461792
94707 48 0.6373741030693054
81153 48 0.6373009085655212
6881 28 0.6365112662315369
11624 48 0.6361593008041382
73234 36 0.6361417770385742
44226 48 0.6359860897064209
66249 48 0.6358615756034851
59766 48 0.6352560520172119
37960 28 0.6352271437644958
65874 48 0.6350584030151367
66569 48 0.6343497037887573
37389 48 0.634060263633728
62869 48 0.6340556740760803
29454 48 0.6339949369430542
54743 48 0.6339737772941589
85598 28 0.6334587335586548
11315 48 0.6334335207939148
73716 28 0.6332918405532837
48028 48 0.6329848766326904
25134 28 0.632795512676239
66210 48 0.6327508091926575
54302 48 0.6324666738510132
51919 48 0.6323953866958618
74314 48 0.6320348381996155
79596 24 0.6320092082023621
11468 48 0.6310954093933105
11207 48 0.6306514739990234
41703 28 0.6300749778747559
14839 48 0.6299389600753784
36979 48 0.6285979151725769
94701 48 0.6285644173622131
11587 48 0.628502607345581
25929 28 0.6284462213516235
83266 48 0.6280975937843323
13406 36 0.6272976994514465
52076 48 0.6270855665206909
79459 48 0.6269439458847046
22414 48 0.6262242197990417
49967 48 0.625990092754364
65480 48 0.625777006149292
15445 48 0.6249417662620544
59438 48 0.6248469948768616
52040 48 0.6244139671325684
11627 48 0.6241979002952576
80750 48 0.6234921813011169
47988 48 0.6233180165290833
12214 48 0.623187780380249
75592 48 0.6225435137748718
38557 48 0.6224005818367004
36674 29 0.6222679615020752
22889 48 0.6222559213638306
37056 48 0.6214925646781921
10169 48 0.6214667558670044
24463 29 0.6213585734367371
17136 48 0.6212088465690613
22352 48 0.6209425926208496
16662 48 0.6204613447189331
37207 48 0.6201881170272827
85841 48 0.6201121211051941
92251 48 0.6199321746826172
77042 48 0.6198844313621521
11612 48 0.6197616457939148
66337 48 0.6197564601898193
48879 48 0.619522213935852
29354 48 0.619332492351532
71910 29 0.6188247799873352
56157 28 0.6186855435371399
71805 48 0.6185236573219299
47060 1 0.6183629035949707
16636 48 0.618322491645813
39554 28 0.618053674697876
2659 48 0.6173097491264343
34494 28 0.6172599792480469
89622 48 0.6172577738761902
47565 48 0.6168712973594666
75628 48 0.616815447807312
71829 48 0.6163011193275452
80758 48 0.6161162257194519
38208 48 0.6152715682983398
31519 48 0.6150581240653992
30867 48 0.6149236559867859
32383 28 0.6147246360778809
73923 29 0.6145496964454651
38586 48 0.61443030834198
41359 29 0.6142099499702454
81200 48 0.6139127612113953
50854 48 0.6133981347084045
80612 48 0.6132349967956543
7558 48 0.6131824851036072
93702 1 0.6129457354545593
15553 48 0.6129385232925415
57640 48 0.6129344701766968
22055 48 0.6119444370269775
67540 28 0.6116605997085571
54214 48 0.6115780472755432
30354 28 0.6113965511322021
60315 48 0.6113028526306152
31043 48 0.611293375492096
22334 48 0.6112762093544006
42029 36 0.6112595796585083
86758 48 0.6109353303909302
74630 48 0.6106968522071838
17293 28 0.6104184985160828
58450 48 0.6103801131248474
8927 1 0.6102408170700073
5283 48 0.6098626255989075
30932 48 0.6087979674339294
84259 48 0.6078357100486755
79451 48 0.6078036427497864
47559 48 0.6077550649642944
65566 29 0.6074568033218384
5554 48 0.6074472069740295
87132 48 0.607309103012085
93690 48 0.6073012351989746
60903 48 0.6065250039100647
95683 48 0.6063836216926575
33868 48 0.6062367558479309
78500 48 0.6057637929916382
16294 48 0.6053993105888367
52841 48 0.6053433418273926
35328 48 0.605339765548706
51548 48 0.6051049828529358
79760 48 0.6048737168312073
58338 48 0.6047371625900269
34847 29 0.6046987771987915
4808 48 0.6046829223632812
80202 48 0.6044363379478455
87596 48 0.6043906211853027
11463 48 0.6043094396591187
85217 48 0.6042402982711792
90713 48 0.6041861772537231
77720 48 0.6039861440658569
89337 48 0.6039764881134033
37783 48 0.6037729978561401
37296 48 0.6035931706428528
37493 48 0.6034102439880371
74425 36 0.6032476425170898
75524 48 0.603232741355896
36937 48 0.6028638482093811
41918 28 0.6027861833572388
53286 48 0.6027740836143494
48050 48 0.6026458740234375
42444 48 0.6024870276451111
90017 48 0.6024349331855774
24993 29 0.6023285984992981
71824 48 0.6021777987480164
29705 48 0.602044403553009
48797 48 0.6019963026046753
11522 48 0.6015990972518921
37678 48 0.6015183925628662
18755 48 0.6014622449874878
79678 48 0.6012848615646362
52669 28 0.6012392640113831
52901 48 0.6004689335823059
36997 48 0.6004631519317627
30993 48 0.6004300117492676
79546 28 0.6001982688903809
15528 48 0.600114643573761
11366 48 0.5999268293380737
30952 48 0.5997011065483093
10870 48 0.5987987518310547
33355 28 0.5987040996551514
29529 48 0.5982970595359802
62168 48 0.5981401801109314
18698 48 0.5979325771331787
54565 48 0.5978562831878662
82257 29 0.5975844860076904
51115 28 0.5975765585899353
54934 36 0.597406804561615
35522 48 0.597037672996521
76308 48 0.5969433784484863
85295 48 0.5968619585037231
71651 48 0.5968447923660278
33041 36 0.5961048007011414
60181 48 0.5960389375686646
58153 48 0.5956653952598572
80748 48 0.5955422520637512
75133 48 0.5954269766807556
84257 48 0.5953929424285889
29474 48 0.5952981114387512
17866 28 0.5952977538108826
88136 36 0.595295250415802
66626 48 0.5952069759368896
49362 48 0.5947011709213257
61498 48 0.5945947170257568
87135 48 0.5943689942359924
37180 48 0.593597412109375
49957 48 0.593400776386261
22061 48 0.5932929515838623
66644 48 0.5926003456115723
59305 48 0.5922656059265137
30986 48 0.5920687913894653
76816 48 0.5919339656829834
86363 24 0.5918095707893372
92084 48 0.5917727947235107
66542 48 0.5913574695587158
30818 48 0.5913041234016418
84649 48 0.5912814736366272
14892 28 0.5912202000617981
94673 48 0.5911078453063965
62355 48 0.5908328294754028
25382 48 0.5906358957290649
5589 48 0.5900546312332153
50004 48 0.5900249481201172
58904 29 0.5899215936660767
85017 48 0.5897133946418762
13802 48 0.5897077322006226
50927 29 0.58943110704422
30831 48 0.5893685817718506
65962 48 0.5891193747520447
16292 28 0.5888006687164307
24784 48 0.5885950326919556
81289 48 0.5885684490203857
85013 48 0.587979257106781
826 48 0.5878011584281921
63253 28 0.5874752998352051
49927 48 0.5874149203300476
77701 28 0.5873606204986572
67150 28 0.5872790813446045
49394 48 0.5872035026550293
80526 48 0.5870435237884521
37927 48 0.5867812037467957
51940 48 0.5867559909820557
37074 48 0.5867469310760498
13000 48 0.5867204666137695
47759 48 0.5863491296768188
52041 48 0.5862933397293091
49009 29 0.586124062538147
11131 48 0.5860074162483215
42430 48 0.5859686136245728
79693 28 0.5859582424163818
62597 28 0.5858553051948547
36978 48 0.5850590467453003
85574 24 0.585018515586853
30811 48 0.5849003195762634
82594 48 0.5847154259681702
59376 48 0.5843130350112915
89579 48 0.5842782855033875
50183 28 0.5841097831726074
32169 48 0.583854615688324
76384 48 0.5835664868354797
75137 48 0.5834893584251404
29348 48 0.5833361148834229
22009 48 0.5829136967658997
84937 48 0.5825964212417603
19102 1 0.5825608968734741
37553 29 0.5823695659637451
94553 48 0.5822550058364868
11646 48 0.5821710228919983
29636 48 0.5817314982414246
64958 29 0.5815296173095703
29522 48 0.581524133682251
56158 48 0.5814661979675293
30161 48 0.5813454389572144
11470 48 0.5812364816665649
61547 48 0.5811325907707214
66011 48 0.580758273601532
3344 48 0.580711305141449
65709 48 0.5804279446601868
12966 48 0.5800976753234863
3799 28 0.5797787308692932
87690 48 0.5797511339187622
33814 29 0.5794882774353027
31704 36 0.5793939828872681
34427 28 0.5793548226356506
2667 48 0.5789675116539001
29554 48 0.5786446928977966
61515 48 0.5784952044487
65971 48 0.5784870982170105
11552 48 0.5782653093338013
56325 28 0.5782391428947449
37531 48 0.5778787732124329
79765 48 0.5774950981140137
52209 48 0.5771802067756653
79422 48 0.5770679712295532
19294 48 0.5769844055175781
32549 29 0.5769117474555969
47562 48 0.5766773819923401
78625 48 0.5759016871452332
92225 48 0.5755662322044373
16066 28 0.5752919912338257
53309 29 0.5748515725135803
31095 48 0.5746101140975952
52032 48 0.5745952725410461
84751 24 0.5745270252227783
61354 28 0.5742345452308655
3244 48 0.5741060376167297
51906 48 0.5736191272735596
11748 48 0.5734376907348633
56174 29 0.5734123587608337
93427 48 0.5733690857887268
22758 24 0.5730330944061279
21732 29 0.5729263424873352
16495 48 0.5725373029708862
70937 28 0.5724121928215027
75822 28 0.5721998810768127
76558 48 0.5721268653869629
80702 48 0.5719293355941772
90499 48 0.5717499256134033
94720 48 0.5717387199401855
37238 48 0.5711691975593567
59828 48 0.5709649324417114
55338 48 0.5708555579185486
75124 48 0.5705046057701111
10180 48 0.5704745650291443
22096 48 0.5702654123306274
17389 28 0.5702506899833679
16696 48 0.5701171159744263
65417 48 0.570010244846344
53243 36 0.5697207450866699
55571 48 0.5695841312408447
49884 48 0.5695595741271973
62507 36 0.5695486664772034
5731 28 0.5685115456581116
6241 48 0.5684650540351868
28925 29 0.5682719945907593
76603 48 0.5681357383728027
93642 48 0.5680364966392517
65696 48 0.5674375891685486
37946 48 0.567394495010376
10419 48 0.5673532485961914
11584 48 0.5672562718391418
11723 48 0.5669314861297607
49415 48 0.5667526721954346
77652 36 0.566364049911499
65483 48 0.5654720664024353
16641 48 0.5654560923576355
11485 48 0.5652488470077515
59349 48 0.5650240182876587
68856 24 0.5648864507675171
28296 29 0.5645765066146851
67835 48 0.5640612244606018
45885 28 0.5639808773994446
22875 48 0.5639461874961853
3307 48 0.5638428330421448
37510 48 0.5634850263595581
54714 48 0.5633553266525269
70095 28 0.5632516741752625
66324 48 0.5628553628921509
46075 28 0.5626685619354248
70629 48 0.562494158744812
18280 36 0.562159538269043
11373 48 0.5619131922721863
30981 48 0.561684250831604
84711 48 0.5612045526504517
87645 48 0.561174213886261
30843 48 0.5611305236816406
36969 48 0.5610617399215698
45815 28 0.5605296492576599
65482 48 0.5604602694511414
29498 48 0.5603756308555603
27362 28 0.5602811574935913
77159 48 0.5599589943885803
62662 29 0.5595433115959167
37662 48 0.5594333410263062
1157 48 0.5593545436859131
37661 48 0.5592401623725891
94188 48 0.5588040947914124
58319 48 0.5586393475532532
56361 29 0.5583851337432861
19441 36 0.5580176115036011
25186 48 0.5579754114151001
79841 48 0.5579418540000916
65312 48 0.5579330325126648
34615 28 0.5576802492141724
62769 48 0.5574832558631897
11811 48 0.5574119687080383
37780 48 0.5571891665458679
30373 29 0.557080864906311
49312 48 0.5567411184310913
24228 48 0.5567351579666138
16861 36 0.5559338331222534
37342 48 0.5554726719856262
53674 48 0.5552340149879456
88884 48 0.555145800113678
85002 48 0.5550395846366882
10534 48 0.554617702960968
60250 48 0.5542906522750854
30844 48 0.5541020035743713
82814 28 0.5534225702285767
75602 48 0.5528219938278198
52863 48 0.5527584552764893
89917 48 0.551899790763855
87462 48 0.5514487624168396
27484 48 0.5512562394142151
11790 48 0.551184356212616
29427 48 0.5510305166244507
4809 48 0.5509347319602966
84829 48 0.5508044958114624
94783 48 0.5504046082496643
49416 48 0.5502204895019531
81174 48 0.5502066016197205
38759 29 0.5502049326896667
15495 48 0.5501716732978821
15615 48 0.5500485897064209
7492 48 0.549918532371521
71657 48 0.5496736764907837
68276 28 0.549571692943573
11807 48 0.549523115158081
45307 48 0.5495166182518005
76757 48 0.5490845441818237
37688 48 0.54904705286026
25040 28 0.5487090349197388
3281 48 0.5485764145851135
48880 48 0.5484402775764465
16094 48 0.5481486916542053
80513 48 0.5478376746177673
22370 48 0.5477043986320496
86764 48 0.5474344491958618
79450 48 0.5470793843269348
80514 48 0.5470619201660156
17184 28 0.5467963814735413
75196 36 0.5467658042907715
95318 48 0.5462937355041504
17268 28 0.5462067723274231
2356 48 0.5460242629051208
22413 48 0.5460171103477478
66680 48 0.5455722808837891
64102 28 0.5452182292938232
29404 48 0.5451603531837463
90169 36 0.5448855757713318
93449 48 0.5448011755943298
11593 48 0.5445243716239929
21820 29 0.5441201329231262
54173 48 0.5441180467605591
38880 29 0.5439978241920471
18333 36 0.5438936948776245
29226 36 0.543769896030426
12839 48 0.5436860918998718
80761 48 0.5433710813522339
22137 48 0.5433104634284973
66615 48 0.5430939793586731
29701 48 0.54257732629776
49934 48 0.5423411130905151
66528 48 0.5422462821006775
81040 48 0.5418287515640259
60911 28 0.5418175458908081
46686 29 0.5416567921638489
52898 48 0.5415626168251038
59647 48 0.5406628251075745
1262 48 0.5404903888702393
48813 48 0.5403389930725098
11756 48 0.5396014451980591
64515 48 0.5393943786621094
64545 48 0.5391504168510437
34563 28 0.538948655128479
72618 24 0.5384216904640198
50478 48 0.5381280183792114
77034 48 0.5377932786941528
6161 48 0.5370365381240845
94704 48 0.5366835594177246
54281 48 0.536342203617096
42455 48 0.5358580350875854
58721 29 0.5356831550598145
21825 24 0.5356825590133667
67043 6 0.5354348421096802
2095 48 0.5352304577827454
11342 48 0.5351908206939697
37045 48 0.5349249243736267
86506 48 0.5347256660461426
39479 28 0.5346461534500122
67842 48 0.5345327258110046
35088 28 0.5343421101570129
65486 48 0.5342993140220642
61092 28 0.5341237187385559
62711 48 0.5340759754180908
37393 48 0.5339045524597168
30734 48 0.5338544249534607
43863 48 0.5337858200073242
55474 48 0.5336621999740601
30534 29 0.5335975289344788
64567 48 0.5335910320281982
36557 28 0.5335012674331665
69463 36 0.5334228277206421
27713 28 0.5333704352378845
11683 48 0.5330416560173035
54816 48 0.5327202677726746
77383 28 0.5326462984085083
46741 6 0.5324420928955078
57639 48 0.5323612689971924
31111 48 0.5322325825691223
22029 48 0.53212970495224
76505 48 0.5318999290466309
60594 29 0.5317808985710144
5390 48 0.5316927433013916
7032 36 0.5316710472106934
11501 48 0.5316513776779175
62850 48 0.5313820242881775
73225 36 0.5310631990432739
91835 28 0.5310513377189636
84921 48 0.5305513739585876
94769 48 0.5303279757499695
62829 48 0.5303241610527039
5462 48 0.5302634239196777
12410 48 0.5300624966621399
58223 48 0.5300467610359192
66331 48 0.5299455523490906
29614 48 0.529931902885437
19989 28 0.5298914313316345
3752 28 0.5297360420227051
55442 48 0.5297241806983948
59437 48 0.5294679999351501
11261 48 0.5293540358543396
4462 36 0.5292763113975525
24532 28 0.5291677713394165
56273 28 0.5289940237998962
79421 48 0.528856635093689
37132 48 0.5286021828651428
49317 48 0.5281205177307129
71817 48 0.528089702129364
42432 48 0.5280359387397766
61500 48 0.5275059342384338
75101 48 0.5273666381835938
66002 48 0.527265191078186
2264 48 0.5266866683959961
59670 48 0.5262748003005981
9303 36 0.525862455368042
77004 36 0.525646448135376
92092 48 0.5255026817321777
12938 48 0.5254350900650024
48865 48 0.5253830552101135
66703 48 0.5253300070762634
74013 36 0.5239421725273132
31094 48 0.5238592624664307
53773 48 0.5235899090766907
11556 48 0.5234382748603821
94136 48 0.5233621001243591
54220 48 0.5233221054077148
74743 28 0.5233064293861389
54776 48 0.5231803059577942
29436 48 0.5227521061897278
11722 48 0.522556483745575
22053 48 0.5224418044090271
22008 48 0.5223780274391174
12073 28 0.5223426818847656
60516 28 0.5219188928604126
61443 48 0.521642804145813
12952 48 0.5215429067611694
22217 48 0.5212609171867371
93018 36 0.5211805701255798
22319 48 0.5211625099182129
68305 48 0.5210063457489014
84858 48 0.5209189057350159
48835 48 0.5206946730613708
54764 48 0.5206752419471741
8199 48 0.5203320980072021
68592 28 0.5200230479240417
21998 48 0.5197409987449646
18509 29 0.519737958908081
14069 28 0.5194745659828186
49113 48 0.5193474292755127
31601 48 0.5193163156509399
86079 36 0.5192325711250305
51322 29 0.5192176103591919
37103 48 0.5189546346664429
42030 36 0.5188918113708496
51941 48 0.518670380115509
7421 28 0.5186693072319031
50172 48 0.5185790657997131
22113 48 0.518255352973938
32403 28 0.5181519389152527
30880 48 0.518079400062561
92271 48 0.5180451273918152
54568 48 0.5178301930427551
66382 48 0.5176841616630554
58202 48 0.517524003982544
88386 28 0.5175079703330994
28445 36 0.5174069404602051
2658 48 0.5173385143280029
68793 48 0.5172792077064514
56289 48 0.5171998143196106
4965 28 0.5171685218811035
71181 36 0.5170075297355652
48826 48 0.5169132351875305
66627 48 0.5166913866996765
79247 28 0.5166793465614319
73685 28 0.5166549682617188
65525 28 0.5162664651870728
92910 48 0.5152883529663086
65893 48 0.5152641534805298
43685 48 0.5152631998062134
83129 48 0.5151764154434204
75286 48 0.5151191353797913
77346 48 0.5146421790122986
16275 28 0.5144703388214111
91856 28 0.5138615369796753
11504 48 0.5138173699378967
11409 48 0.5137000679969788
94200 48 0.5135433673858643
57121 28 0.5134342908859253
95206 48 0.5133812427520752
91079 28 0.513303816318512
28623 48 0.5132101774215698
85823 48 0.5131601095199585
88988 48 0.5129363536834717
11947 36 0.512911856174469
22999 48 0.5129022002220154
84852 48 0.5128361582756042
49374 48 0.5128064751625061
80521 48 0.5125066637992859
33359 36 0.5123341679573059
37208 48 0.5119681358337402
84501 48 0.5118101835250854
66444 48 0.5114173889160156
58325 48 0.5109735727310181
20963 28 0.5107846260070801
67564 29 0.510698139667511
11574 48 0.5103742480278015
79560 28 0.5102977156639099
55880 48 0.5102185010910034
93581 48 0.5095157623291016
11751 48 0.5086134672164917
37183 48 0.5085054636001587
51961 48 0.5084899067878723
15492 48 0.5084765553474426
11687 48 0.5084250569343567
36965 48 0.5080782771110535
35948 48 0.5079787969589233
55536 48 0.5078554153442383
49326 48 0.5077101588249207
47609 48 0.507550835609436
33887 48 0.5074952840805054
51700 36 0.507463812828064
15618 48 0.5074033737182617
58307 48 0.5071401596069336
42133 28 0.5066847801208496
30911 24 0.5066590309143066
11786 48 0.5066452026367188
76407 48 0.5062075853347778
42483 48 0.5058467388153076
67565 29 0.5057891607284546
87897 48 0.5056846737861633
53261 48 0.5056734085083008
31086 48 0.5055117011070251
78718 48 0.5054956674575806
31072 48 0.5053541660308838
48919 48 0.5052745938301086
68022 28 0.5048603415489197
37347 48 0.5047567486763
30194 48 0.5047125220298767
31652 48 0.5045675039291382
83552 28 0.5044742226600647
21955 48 0.5044294595718384
66378 48 0.5041699409484863
65340 48 0.5040942430496216
49930 48 0.5040470361709595
84293 48 0.5040038228034973
85009 48 0.5039828419685364
66411 48 0.5039661526679993
79209 28 0.5036209225654602
94689 48 0.5035501718521118
37734 48 0.5034513473510742
2504 48 0.5034452080726624
86196 28 0.5034169554710388
168 48 0.5032619833946228
11372 48 0.5032199621200562
39322 29 0.5026624202728271
66759 48 0.5026214122772217
79683 48 0.5025683641433716
31017 48 0.5025500655174255
3841 28 0.5024638175964355
93556 48 0.5022739768028259
52210 48 0.5021073818206787
76918 48 0.5016276240348816
30956 48 0.501491904258728
6360 48 0.5013811588287354
16432 48 0.5011449456214905
94686 48 0.5011196732521057
30361 29 0.5007479786872864
7031 36 0.5006722807884216
22379 48 0.500430166721344
36661 36 0.5000991225242615
78188 28 0.5000205636024475
92461 28 0.4998578131198883
13095 36 0.4996027648448944
11661 48 0.49956586956977844
74877 48 0.4995391368865967
18686 48 0.4993317723274231
83324 28 0.499118447303772
11446 48 0.4990587830543518
16585 28 0.4988456964492798
59382 48 0.49879857897758484
86735 48 0.498788446187973
7635 48 0.49874988198280334
54279 48 0.4986812174320221
58023 48 0.49860823154449463
54361 48 0.498548686504364
18351 36 0.4985335171222687
26149 48 0.49827417731285095
30950 48 0.49784737825393677
16673 48 0.4978052079677582
58321 48 0.4975391626358032
84928 48 0.4974815845489502
59591 48 0.4971855580806732
64587 48 0.49715331196784973
11461 48 0.49708160758018494
30937 48 0.4970155656337738
69876 48 0.49700361490249634
37138 48 0.4967765808105469
75411 48 0.496748149394989
1933 48 0.49633610248565674
34431 28 0.49627771973609924
89620 48 0.4961850643157959
37481 48 0.49607762694358826
30978 48 0.4958724081516266
28524 48 0.4957159757614136
67307 48 0.49569717049598694
49383 48 0.4953542947769165
85189 48 0.49527183175086975
22262 48 0.4952281415462494
42952 28 0.4951961636543274
52946 28 0.4950597286224365
29091 48 0.49470752477645874
22441 29 0.49399375915527344
30883 48 0.49389615654945374
80735 48 0.49352917075157166
29547 48 0.4932975769042969
9661 28 0.4931914806365967
80637 48 0.4930725693702698
64540 48 0.49285200238227844
37220 48 0.49272218346595764
20858 48 0.49135643243789673
71590 48 0.491319477558136
30859 48 0.49123817682266235
59868 48 0.48995867371559143
23227 36 0.48992106318473816
55960 28 0.48922619223594666
59385 48 0.4873027503490448
17950 36 0.48714959621429443
60887 48 0.4871295690536499
59343 48 0.48652952909469604
21236 29 0.4861743748188019
9722 48 0.4852246940135956
42005 36 0.4849308431148529
27117 36 0.48460131883621216
27009 36 0.4829557538032532
64300 36 0.48285287618637085
37503 48 0.48276084661483765
74260 48 0.4827081263065338
36202 6 0.48065245151519775
37192 48 0.4800911545753479
18941 29 0.4790789484977722
6589 36 0.4789958894252777
51558 24 0.4785333275794983
49131 48 0.47795894742012024
9591 28 0.47711825370788574
56316 48 0.4764316976070404
66715 48 0.4761109948158264
73217 36 0.47594448924064636
12056 48 0.4758128523826599
8861 29 0.4736831784248352
59363 49 0.4735729992389679
59294 48 0.47310736775398254
83302 48 0.47302961349487305
47584 48 0.472339391708374
16653 48 0.4723062217235565
37425 48 0.47206833958625793
53392 29 0.4720437228679657
75461 48 0.4719204008579254
37515 48 0.4699380695819855
19059 36 0.4698258936405182
35881 24 0.4680626690387726
38026 48 0.4679054617881775
51597 36 0.467648983001709
79767 48 0.4673444330692291
31018 48 0.4667791724205017
63407 48 0.4660605490207672
67089 48 0.46577221155166626
1316 48 0.4655042290687561
82153 28 0.4655027985572815
28374 36 0.465351402759552
39863 48 0.46474751830101013
83843 48 0.46468788385391235
55376 36 0.4646415114402771
76110 36 0.4646108150482178
67862 36 0.46353593468666077
43712 36 0.46255746483802795
56639 1 0.46224990487098694
34542 1 0.46224159002304077
48484 1 0.45958906412124634
13097 36 0.4594231843948364
86808 36 0.45856618881225586
75469 48 0.45817244052886963
12398 48 0.45722696185112
45793 48 0.4557383358478546
31137 36 0.4548777937889099
68848 28 0.4546867609024048
80308 36 0.45435696840286255
75839 36 0.4528694748878479
3359 28 0.45249125361442566
64249 36 0.45218804478645325
45188 36 0.45101356506347656
30980 48 0.44953465461730957
53106 36 0.44901496171951294
74837 36 0.44888198375701904
79430 48 0.44721707701683044
12328 6 0.4471946954727173
50790 48 0.44593802094459534
42110 24 0.4457276165485382
52482 48 0.44339999556541443
32059 36 0.44281885027885437
37992 48 0.4420859217643738
32874 36 0.4416709542274475
33236 36 0.44162026047706604
72079 36 0.4407077133655548
41612 28 0.43934139609336853
73198 36 0.4376610815525055
20962 36 0.43757209181785583
68682 36 0.4370190501213074
47774 36 0.436625599861145
58574 36 0.4355601370334625
51598 36 0.4352070391178131
7025 48 0.43478837609291077
31056 48 0.4343699514865875
25049 36 0.43414056301116943
81422 36 0.433996319770813
27345 36 0.4335748553276062
50688 28 0.43111473321914673
72285 28 0.4303256571292877
13426 36 0.4287172257900238
36362 36 0.4259985387325287
17380 1 0.42492109537124634
64236 36 0.4249134957790375
74762 36 0.42376604676246643
67268 1 0.4223119616508484
27128 36 0.41927799582481384
67776 36 0.4176817834377289
30650 36 0.4172583520412445
16507 36 0.41600069403648376
12899 1 0.4153200089931488
59986 36 0.4142872393131256
56864 36 0.4117890000343323
69536 36 0.411525160074234
21527 36 0.41108471155166626
21668 36 0.4068741798400879
71524 36 0.40407952666282654
62674 36 0.40215495228767395
37125 48 0.40105512738227844
38879 36 0.39952921867370605
36247 36 0.3989354968070984
72041 36 0.3982735872268677
53676 36 0.39755523204803467
26756 36 0.3962607681751251
74563 36 0.39453285932540894
73262 36 0.39276358485221863
20518 36 0.39126598834991455
82104 36 0.3910180628299713
55134 36 0.3876084089279175
39209 36 0.3867427408695221
36732 36 0.38646578788757324
77347 36 0.3856353163719177
53666 36 0.3836839497089386
10717 36 0.3834521472454071
38188 48 0.38232168555259705
46703 36 0.38109996914863586
15881 36 0.38090333342552185
69495 36 0.3804662823677063
72047 36 0.3803577423095703
34767 36 0.3793548345565796
56907 36 0.3790484070777893
81807 36 0.3786267042160034
50189 1 0.3775021731853485
21251 36 0.3765343427658081
67731 36 0.3751794695854187
51382 36 0.37480148673057556
37440 48 0.3733447790145874
81362 36 0.37322282791137695
37044 49 0.3730131983757019
56713 36 0.37289804220199585
68179 36 0.37107038497924805
51274 36 0.37039148807525635
33744 36 0.3701276183128357
66990 36 0.36959418654441833
18891 36 0.3678775727748871
47121 36 0.3607354462146759
55865 49 0.3605536222457886
86301 36 0.36046648025512695
26404 36 0.3593882620334625
19060 36 0.3586672246456146
92372 36 0.3586168885231018
36730 36 0.35844510793685913
80767 36 0.35752710700035095
73438 36 0.35623663663864136
10730 48 0.3560876250267029
38017 48 0.35571718215942383
59414 48 0.3554712235927582
29030 36 0.34784212708473206
37141 24 0.34704339504241943
70609 36 0.3462332785129547
74747 36 0.3455839157104492
19698 36 0.3441075086593628
67116 36 0.3420412242412567
81728 36 0.34159034490585327
30623 36 0.34021443128585815
20041 36 0.3374437093734741
49921 48 0.33633852005004883
81540 36 0.3361832797527313
12627 36 0.3340506851673126
48220 36 0.33382558822631836
71339 36 0.33025118708610535
87458 1 0.32898566126823425
13452 36 0.32719841599464417
87115 36 0.327078640460968
16134 36 0.32632333040237427
59509 49 0.32472458481788635
10540 36 0.3214196562767029
19066 36 0.319724440574646
67505 36 0.3125106692314148
67097 9 0.3113076686859131
76226 36 0.3102604150772095
70961 1 0.25517353415489197
