1.0 0.0
1.0 0.0005678591709256105
1.0 0.001135718341851221
1.0 0.0017035775127768314
0.75 0.0017035775127768314
0.8 0.002271436683702442
0.6666666666666666 0.002271436683702442
0.7142857142857143 0.0028392958546280523
0.75 0.0034071550255536627
0.6666666666666666 0.0034071550255536627
0.6 0.0034071550255536627
0.6363636363636364 0.003975014196479273
0.5833333333333334 0.003975014196479273
0.6153846153846154 0.004542873367404884
0.6428571428571429 0.005110732538330494
0.6666666666666666 0.0056785917092561046
0.6875 0.006246450880181715
0.6470588235294118 0.006246450880181715
0.6666666666666666 0.0068143100511073255
0.631578947368421 0.0068143100511073255
0.6 0.0068143100511073255
0.5714285714285714 0.0068143100511073255
0.5454545454545454 0.0068143100511073255
0.5652173913043478 0.0073821692220329355
0.5416666666666666 0.0073821692220329355
0.56 0.007950028392958546
0.5384615384615384 0.007950028392958546
0.5555555555555556 0.008517887563884156
0.5714285714285714 0.009085746734809767
0.5862068965517241 0.009653605905735378
0.6 0.010221465076660987
0.6129032258064516 0.010789324247586598
0.59375 0.010789324247586598
0.5757575757575758 0.010789324247586598
0.5882352941176471 0.011357183418512209
0.6 0.01192504258943782
0.6111111111111112 0.01249290176036343
0.5945945945945946 0.01249290176036343
0.6052631578947368 0.01306076093128904
0.5897435897435898 0.01306076093128904
0.575 0.01306076093128904
0.5609756097560976 0.01306076093128904
0.5714285714285714 0.013628620102214651
0.5813953488372093 0.014196479273140262
0.5909090909090909 0.014764338444065871
0.6 0.015332197614991482
0.6086956521739131 0.01590005678591709
0.5957446808510638 0.01590005678591709
0.5833333333333334 0.01590005678591709
0.5918367346938775 0.016467915956842702
0.58 0.016467915956842702
0.5686274509803921 0.016467915956842702
0.5769230769230769 0.017035775127768313
0.5849056603773585 0.017603634298693924
0.5925925925925926 0.018171493469619535
0.5818181818181818 0.018171493469619535
0.5892857142857143 0.018739352640545145
0.5964912280701754 0.019307211811470756
0.603448275862069 0.019875070982396367
0.5932203389830508 0.019875070982396367
0.5833333333333334 0.019875070982396367
0.5737704918032787 0.019875070982396367
0.5806451612903226 0.020442930153321975
0.5873015873015873 0.021010789324247586
0.59375 0.021578648495173196
0.6 0.022146507666098807
0.6060606060606061 0.022714366837024418
0.6119402985074627 0.02328222600795003
0.6029411764705882 0.02328222600795003
0.5942028985507246 0.02328222600795003
0.6 0.02385008517887564
0.6056338028169014 0.02441794434980125
0.6111111111111112 0.02498580352072686
0.6164383561643836 0.02555366269165247
0.6081081081081081 0.02555366269165247
0.6 0.02555366269165247
0.5921052631578947 0.02555366269165247
0.5844155844155844 0.02555366269165247
0.5769230769230769 0.02555366269165247
0.569620253164557 0.02555366269165247
0.5625 0.02555366269165247
0.5679012345679012 0.02612152186257808
0.573170731707317 0.02668938103350369
0.5783132530120482 0.027257240204429302
0.5833333333333334 0.027825099375354913
0.5882352941176471 0.028392958546280524
0.5930232558139535 0.028960817717206135
0.5862068965517241 0.028960817717206135
0.5795454545454546 0.028960817717206135
0.5842696629213483 0.029528676888131742
0.5888888888888889 0.030096536059057353
0.5934065934065934 0.030664395229982964
0.5978260869565217 0.031232254400908575
0.6021505376344086 0.03180011357183418
0.5957446808510638 0.03180011357183418
0.6 0.03236797274275979
0.6041666666666666 0.032935831913685404
0.6082474226804123 0.033503691084611015
0.6122448979591837 0.034071550255536626
0.6161616161616161 0.034639409426462237
0.62 0.03520726859738785
0.6237623762376238 0.03577512776831346
0.6274509803921569 0.03634298693923907
0.6213592233009708 0.03634298693923907
0.625 0.03691084611016468
0.6285714285714286 0.03747870528109029
0.6226415094339622 0.03747870528109029
0.6261682242990654 0.0380465644520159
0.6296296296296297 0.03861442362294151
0.6330275229357798 0.039182282793867124
0.6272727272727273 0.039182282793867124
0.6306306306306306 0.039750141964792735
0.625 0.039750141964792735
0.6194690265486725 0.039750141964792735
0.6228070175438597 0.04031800113571834
0.6260869565217392 0.04088586030664395
0.6206896551724138 0.04088586030664395
0.6153846153846154 0.04088586030664395
0.6101694915254238 0.04088586030664395
0.6134453781512605 0.04145371947756956
0.6166666666666667 0.04202157864849517
0.6115702479338843 0.04202157864849517
0.6147540983606558 0.04258943781942078
0.6178861788617886 0.04315729699034639
0.6209677419354839 0.043725156161272004
0.616 0.043725156161272004
0.6190476190476191 0.044293015332197615
0.6220472440944882 0.044860874503123226
0.625 0.045428733674048836
0.6201550387596899 0.045428733674048836
0.6230769230769231 0.04599659284497445
0.6259541984732825 0.04656445201590006
0.6212121212121212 0.04656445201590006
0.6165413533834586 0.04656445201590006
0.6119402985074627 0.04656445201590006
0.6074074074074074 0.04656445201590006
0.6102941176470589 0.04713231118682567
0.6058394160583942 0.04713231118682567
0.6086956521739131 0.04770017035775128
0.6115107913669064 0.04826802952867689
0.6142857142857143 0.0488358886996025
0.6170212765957447 0.049403747870528106
0.6197183098591549 0.04997160704145372
0.6223776223776224 0.05053946621237933
0.6180555555555556 0.05053946621237933
0.6206896551724138 0.05110732538330494
0.6164383561643836 0.05110732538330494
0.6190476190476191 0.05167518455423055
0.6216216216216216 0.05224304372515616
0.6174496644295302 0.05224304372515616
0.6133333333333333 0.05224304372515616
0.6158940397350994 0.05281090289608177
0.618421052631579 0.05337876206700738
0.6209150326797386 0.05394662123793299
0.6168831168831169 0.05394662123793299
0.6193548387096774 0.054514480408858604
0.6217948717948718 0.055082339579784215
0.6178343949044586 0.055082339579784215
0.6139240506329114 0.055082339579784215
0.610062893081761 0.055082339579784215
0.6125 0.055650198750709826
0.6149068322981367 0.056218057921635436
0.6172839506172839 0.05678591709256105
0.6134969325153374 0.05678591709256105
0.6097560975609756 0.05678591709256105
0.6121212121212121 0.05735377626348666
0.6144578313253012 0.05792163543441227
0.6107784431137725 0.05792163543441227
0.6071428571428571 0.05792163543441227
0.6035502958579881 0.05792163543441227
0.6058823529411764 0.05848949460533787
0.6081871345029239 0.059057353776263484
0.6104651162790697 0.059625212947189095
0.6127167630057804 0.060193072118114706
0.6091954022988506 0.060193072118114706
0.6057142857142858 0.060193072118114706
0.6079545454545454 0.06076093128904032
0.6045197740112994 0.06076093128904032
0.6067415730337079 0.06132879045996593
0.6089385474860335 0.06189664963089154
0.6111111111111112 0.06246450880181715
0.6132596685082873 0.06303236797274275
0.6153846153846154 0.06360022714366836
0.6174863387978142 0.06416808631459398
0.6195652173913043 0.06473594548551959
0.6162162162162163 0.06473594548551959
0.6129032258064516 0.06473594548551959
0.6096256684491979 0.06473594548551959
0.6063829787234043 0.06473594548551959
0.6031746031746031 0.06473594548551959
0.6 0.06473594548551959
0.6020942408376964 0.0653038046564452
0.6041666666666666 0.06587166382737081
0.6062176165803109 0.06643952299829642
0.6082474226804123 0.06700738216922203
0.6102564102564103 0.06757524134014764
0.6071428571428571 0.06757524134014764
0.6091370558375635 0.06814310051107325
0.6111111111111112 0.06871095968199886
0.6130653266331658 0.06927881885292447
0.615 0.06984667802385008
0.6119402985074627 0.06984667802385008
0.6089108910891089 0.06984667802385008
0.6108374384236454 0.0704145371947757
0.6127450980392157 0.0709823963657013
0.6097560975609756 0.0709823963657013
0.6116504854368932 0.07155025553662692
0.6135265700483091 0.07211811470755253
0.6105769230769231 0.07211811470755253
0.6076555023923444 0.07211811470755253
0.6095238095238096 0.07268597387847814
0.6113744075829384 0.07325383304940375
0.6084905660377359 0.07325383304940375
0.6103286384976526 0.07382169222032936
0.6121495327102804 0.07438955139125497
0.6093023255813953 0.07438955139125497
0.6111111111111112 0.07495741056218058
0.6129032258064516 0.07552526973310619
0.6146788990825688 0.0760931289040318
0.6118721461187214 0.0760931289040318
0.6136363636363636 0.07666098807495741
0.6153846153846154 0.07722884724588303
0.6126126126126126 0.07722884724588303
0.6143497757847534 0.07779670641680864
0.6160714285714286 0.07836456558773425
0.6177777777777778 0.07893242475865986
0.6150442477876106 0.07893242475865986
0.6167400881057269 0.07950028392958547
0.618421052631579 0.08006814310051108
0.6200873362445415 0.08063600227143668
0.6217391304347826 0.08120386144236229
0.6190476190476191 0.08120386144236229
0.6163793103448276 0.08120386144236229
0.6180257510729614 0.0817717206132879
0.6196581196581197 0.08233957978421351
0.6170212765957447 0.08233957978421351
0.6186440677966102 0.08290743895513912
0.620253164556962 0.08347529812606473
0.6176470588235294 0.08347529812606473
0.6192468619246861 0.08404315729699034
0.6166666666666667 0.08404315729699034
0.6141078838174274 0.08404315729699034
0.6157024793388429 0.08461101646791595
0.6131687242798354 0.08461101646791595
0.6147540983606558 0.08517887563884156
0.6163265306122448 0.08574673480976717
0.6178861788617886 0.08631459398069279
0.6194331983805668 0.0868824531516184
0.6209677419354839 0.08745031232254401
0.6224899598393574 0.08801817149346962
0.624 0.08858603066439523
0.6215139442231076 0.08858603066439523
0.623015873015873 0.08915388983532084
0.6205533596837944 0.08915388983532084
0.6220472440944882 0.08972174900624645
0.6235294117647059 0.09028960817717206
0.625 0.09085746734809767
0.622568093385214 0.09085746734809767
0.624031007751938 0.09142532651902328
0.6254826254826255 0.0919931856899489
0.6230769230769231 0.0919931856899489
0.6245210727969349 0.0925610448608745
0.6221374045801527 0.0925610448608745
0.623574144486692 0.09312890403180012
0.6212121212121212 0.09312890403180012
0.6226415094339622 0.09369676320272573
0.6240601503759399 0.09426462237365134
0.6217228464419475 0.09426462237365134
0.6194029850746269 0.09426462237365134
0.620817843866171 0.09483248154457695
0.6222222222222222 0.09540034071550256
0.6236162361623616 0.09596819988642817
0.6213235294117647 0.09596819988642817
0.6190476190476191 0.09596819988642817
0.6204379562043796 0.09653605905735378
0.6218181818181818 0.09710391822827939
0.6231884057971014 0.097671777399205
0.6209386281588448 0.097671777399205
0.6187050359712231 0.097671777399205
0.6200716845878136 0.0982396365701306
0.6178571428571429 0.0982396365701306
0.6156583629893239 0.0982396365701306
0.6170212765957447 0.09880749574105621
0.6148409893992933 0.09880749574105621
0.6126760563380281 0.09880749574105621
0.6140350877192983 0.09937535491198182
0.6153846153846154 0.09994321408290743
0.6132404181184669 0.09994321408290743
0.6145833333333334 0.10051107325383304
0.615916955017301 0.10107893242475866
0.6137931034482759 0.10107893242475866
0.6151202749140894 0.10164679159568427
0.6164383561643836 0.10221465076660988
0.6143344709897611 0.10221465076660988
0.6122448979591837 0.10221465076660988
0.6135593220338983 0.10278250993753549
0.6148648648648649 0.1033503691084611
0.6127946127946128 0.1033503691084611
0.6140939597315436 0.10391822827938671
0.6153846153846154 0.10448608745031232
0.6166666666666667 0.10505394662123793
0.6146179401993356 0.10505394662123793
0.6125827814569537 0.10505394662123793
0.6105610561056105 0.10505394662123793
0.6118421052631579 0.10562180579216354
0.6131147540983607 0.10618966496308915
0.6111111111111112 0.10618966496308915
0.6123778501628665 0.10675752413401476
0.6136363636363636 0.10732538330494037
0.6116504854368932 0.10732538330494037
0.6096774193548387 0.10732538330494037
0.6109324758842444 0.10789324247586599
0.6089743589743589 0.10789324247586599
0.610223642172524 0.1084611016467916
0.60828025477707 0.1084611016467916
0.6063492063492063 0.1084611016467916
0.6075949367088608 0.10902896081771721
0.6088328075709779 0.10959681998864282
0.610062893081761 0.11016467915956843
0.6112852664576802 0.11073253833049404
0.609375 0.11073253833049404
0.6105919003115264 0.11130039750141965
0.6118012422360248 0.11186825667234526
0.6099071207430341 0.11186825667234526
0.6080246913580247 0.11186825667234526
0.6061538461538462 0.11186825667234526
0.6042944785276073 0.11186825667234526
0.6055045871559633 0.11243611584327087
0.6036585365853658 0.11243611584327087
0.6048632218844985 0.11300397501419648
0.603030303030303 0.11300397501419648
0.6042296072507553 0.1135718341851221
0.6024096385542169 0.1135718341851221
0.6036036036036037 0.1141396933560477
0.6047904191616766 0.11470755252697332
0.6029850746268657 0.11470755252697332
0.6041666666666666 0.11527541169789893
0.6053412462908012 0.11584327086882454
0.606508875739645 0.11641113003975014
0.6047197640117994 0.11641113003975014
0.6058823529411764 0.11697898921067575
0.6041055718475073 0.11697898921067575
0.6052631578947368 0.11754684838160136
0.6034985422740525 0.11754684838160136
0.6017441860465116 0.11754684838160136
0.6028985507246377 0.11811470755252697
0.6040462427745664 0.11868256672345258
0.6023054755043228 0.11868256672345258
0.603448275862069 0.11925042589437819
0.6045845272206304 0.1198182850653038
0.6028571428571429 0.1198182850653038
0.603988603988604 0.12038614423622941
0.6022727272727273 0.12038614423622941
0.603399433427762 0.12095400340715502
0.6045197740112994 0.12152186257808063
0.6028169014084507 0.12152186257808063
0.601123595505618 0.12152186257808063
0.6022408963585434 0.12208972174900624
0.6033519553072626 0.12265758091993186
0.6044568245125348 0.12322544009085747
0.6055555555555555 0.12379329926178308
0.6066481994459834 0.12436115843270869
0.6077348066298343 0.1249290176036343
0.6088154269972452 0.1254968767745599
0.6071428571428571 0.1254968767745599
0.6054794520547945 0.1254968767745599
0.6065573770491803 0.1260647359454855
0.6049046321525886 0.1260647359454855
0.6059782608695652 0.12663259511641112
0.6070460704607046 0.12720045428733673
0.6054054054054054 0.12720045428733673
0.6037735849056604 0.12720045428733673
0.6021505376344086 0.12720045428733673
0.6005361930294906 0.12720045428733673
0.6016042780748663 0.12776831345826234
0.6026666666666667 0.12833617262918795
0.601063829787234 0.12833617262918795
0.6021220159151194 0.12890403180011356
0.6005291005291006 0.12890403180011356
0.6015831134564644 0.12947189097103917
0.6026315789473684 0.13003975014196478
0.6010498687664042 0.13003975014196478
0.599476439790576 0.13003975014196478
0.6005221932114883 0.1306076093128904
0.6015625 0.131175468483816
0.6025974025974026 0.13174332765474162
0.6010362694300518 0.13174332765474162
0.6020671834625323 0.13231118682566723
0.6030927835051546 0.13287904599659284
0.6041131105398457 0.13344690516751845
0.6051282051282051 0.13401476433844406
0.6061381074168798 0.13458262350936967
0.6045918367346939 0.13458262350936967
0.6030534351145038 0.13458262350936967
0.6040609137055838 0.13515048268029528
0.6025316455696202 0.13515048268029528
0.6035353535353535 0.1357183418512209
0.6045340050377834 0.1362862010221465
0.6030150753768844 0.1362862010221465
0.6040100250626567 0.1368540601930721
0.605 0.13742191936399772
0.6034912718204489 0.13742191936399772
0.6019900497512438 0.13742191936399772
0.6029776674937966 0.13798977853492334
0.6014851485148515 0.13798977853492334
0.6024691358024692 0.13855763770584895
0.603448275862069 0.13912549687677456
0.6044226044226044 0.13969335604770017
0.6029411764705882 0.13969335604770017
0.6014669926650367 0.13969335604770017
0.6 0.13969335604770017
0.5985401459854015 0.13969335604770017
0.5995145631067961 0.14026121521862578
0.6004842615012107 0.1408290743895514
0.6014492753623188 0.141396933560477
0.6 0.141396933560477
0.6009615384615384 0.1419647927314026
0.6019184652278178 0.14253265190232822
0.6028708133971292 0.14310051107325383
0.6014319809069213 0.14310051107325383
0.6 0.14310051107325383
0.6009501187648456 0.14366837024417944
0.6018957345971564 0.14423622941510506
0.6004728132387707 0.14423622941510506
0.6014150943396226 0.14480408858603067
0.6 0.14480408858603067
0.6009389671361502 0.14537194775695628
0.5995316159250585 0.14537194775695628
0.5981308411214953 0.14537194775695628
0.5990675990675991 0.1459398069278819
0.6 0.1465076660988075
0.6009280742459396 0.1470755252697331
0.5995370370370371 0.1470755252697331
0.5981524249422633 0.1470755252697331
0.5990783410138248 0.14764338444065872
0.6 0.14821124361158433
0.5986238532110092 0.14821124361158433
0.597254004576659 0.14821124361158433
0.5981735159817352 0.14877910278250994
0.5968109339407744 0.14877910278250994
0.5954545454545455 0.14877910278250994
0.5963718820861678 0.14934696195343555
0.5972850678733032 0.14991482112436116
0.5959367945823928 0.14991482112436116
0.5945945945945946 0.14991482112436116
0.5932584269662922 0.14991482112436116
0.5919282511210763 0.14991482112436116
0.5906040268456376 0.14991482112436116
0.5892857142857143 0.14991482112436116
0.5902004454342984 0.15048268029528677
0.5911111111111111 0.15105053946621239
0.5920177383592018 0.151618398637138
0.5907079646017699 0.151618398637138
0.5916114790286976 0.1521862578080636
0.5925110132158591 0.15275411697898922
0.5934065934065934 0.15332197614991483
0.5921052631578947 0.15332197614991483
0.5929978118161926 0.15388983532084044
0.5917030567685589 0.15388983532084044
0.5904139433551199 0.15388983532084044
0.5891304347826087 0.15388983532084044
0.5878524945770065 0.15388983532084044
0.5865800865800865 0.15388983532084044
0.5853131749460043 0.15388983532084044
0.584051724137931 0.15388983532084044
0.5849462365591398 0.15445769449176605
0.5836909871244635 0.15445769449176605
0.5845824411134903 0.15502555366269166
0.5854700854700855 0.15559341283361727
0.5863539445628998 0.15616127200454288
0.5872340425531914 0.1567291311754685
0.5859872611464968 0.1567291311754685
0.586864406779661 0.1572969903463941
0.587737843551797 0.15786484951731972
0.5864978902953587 0.15786484951731972
0.5873684210526315 0.15843270868824533
0.5861344537815126 0.15843270868824533
0.5849056603773585 0.15843270868824533
0.5857740585774058 0.15900056785917094
0.5845511482254697 0.15900056785917094
0.5854166666666667 0.15956842703009655
0.5862785862785863 0.16013628620102216
0.5871369294605809 0.16070414537194777
0.5859213250517599 0.16070414537194777
0.5847107438016529 0.16070414537194777
0.5835051546391753 0.16070414537194777
0.5843621399176955 0.16127200454287335
0.5852156057494866 0.16183986371379896
0.5840163934426229 0.16183986371379896
0.5828220858895705 0.16183986371379896
0.5836734693877551 0.16240772288472458
0.5845213849287169 0.1629755820556502
0.5853658536585366 0.1635434412265758
0.5841784989858012 0.1635434412265758
0.582995951417004 0.1635434412265758
0.5818181818181818 0.1635434412265758
0.5806451612903226 0.1635434412265758
0.579476861167002 0.1635434412265758
0.5783132530120482 0.1635434412265758
0.5791583166332666 0.1641113003975014
0.58 0.16467915956842702
0.5808383233532934 0.16524701873935263
0.5816733067729084 0.16581487791027824
0.5805168986083499 0.16581487791027824
0.5813492063492064 0.16638273708120385
0.5821782178217821 0.16695059625212946
0.5810276679841897 0.16695059625212946
0.5818540433925049 0.16751845542305507
0.5826771653543307 0.16808631459398068
0.581532416502947 0.16808631459398068
0.5803921568627451 0.16808631459398068
0.5812133072407045 0.1686541737649063
0.58203125 0.1692220329358319
0.5828460038986355 0.16978989210675752
0.5817120622568094 0.16978989210675752
0.5825242718446602 0.17035775127768313
0.5813953488372093 0.17035775127768313
0.5822050290135397 0.17092561044860874
0.581081081081081 0.17092561044860874
0.581888246628131 0.17149346961953435
0.5826923076923077 0.17206132879045996
0.5834932821497121 0.17262918796138557
0.5842911877394636 0.17319704713231118
0.5831739961759083 0.17319704713231118
0.583969465648855 0.1737649063032368
0.5847619047619048 0.1743327654741624
0.5855513307984791 0.17490062464508802
0.5844402277039848 0.17490062464508802
0.5833333333333334 0.17490062464508802
0.5841209829867675 0.17546848381601363
0.5849056603773585 0.17603634298693924
0.5856873822975518 0.17660420215786485
0.5845864661654135 0.17660420215786485
0.5834896810506567 0.17660420215786485
0.5823970037453183 0.17660420215786485
0.5831775700934579 0.17717206132879046
0.582089552238806 0.17717206132879046
0.5810055865921788 0.17717206132879046
0.5799256505576208 0.17717206132879046
0.5807050092764379 0.17773992049971607
0.5814814814814815 0.17830777967064168
0.5804066543438078 0.17830777967064168
0.5811808118081181 0.1788756388415673
0.580110497237569 0.1788756388415673
0.5790441176470589 0.1788756388415673
0.5779816513761468 0.1788756388415673
0.5769230769230769 0.1788756388415673
0.5776965265082267 0.1794434980124929
0.5784671532846716 0.1800113571834185
0.5774134790528234 0.1800113571834185
0.5763636363636364 0.1800113571834185
0.5753176043557169 0.1800113571834185
0.5760869565217391 0.18057921635434412
0.5750452079566004 0.18057921635434412
0.575812274368231 0.18114707552526974
0.5765765765765766 0.18171493469619535
0.5773381294964028 0.18228279386712096
0.578096947935368 0.18285065303804657
0.5770609318996416 0.18285065303804657
0.5760286225402504 0.18285065303804657
0.575 0.18285065303804657
0.5739750445632799 0.18285065303804657
0.5747330960854092 0.18341851220897218
0.5737122557726465 0.18341851220897218
0.5726950354609929 0.18341851220897218
0.5716814159292035 0.18341851220897218
0.5724381625441696 0.1839863713798978
0.5714285714285714 0.1839863713798978
0.5721830985915493 0.1845542305508234
0.5711775043936731 0.1845542305508234
0.5719298245614035 0.185122089721749
0.5726795096322241 0.18568994889267462
0.5734265734265734 0.18625780806360023
0.5724258289703316 0.18625780806360023
0.5714285714285714 0.18625780806360023
0.5721739130434783 0.18682566723452584
0.5711805555555556 0.18682566723452584
0.5719237435008665 0.18739352640545145
0.5709342560553633 0.18739352640545145
0.5716753022452504 0.18796138557637707
0.5706896551724138 0.18796138557637707
0.5714285714285714 0.18852924474730268
0.5721649484536082 0.1890971039182283
0.5711835334476844 0.1890971039182283
0.571917808219178 0.1896649630891539
0.5726495726495726 0.1902328222600795
0.5733788395904437 0.19080068143100512
0.5724020442930153 0.19080068143100512
0.5731292517006803 0.19136854060193073
0.5738539898132428 0.19193639977285634
0.5745762711864407 0.19250425894378195
0.5736040609137056 0.19250425894378195
0.5726351351351351 0.19250425894378195
0.5733558178752108 0.19307211811470756
0.5723905723905723 0.19307211811470756
0.5714285714285714 0.19307211811470756
0.5704697986577181 0.19307211811470756
0.5695142378559463 0.19307211811470756
0.5702341137123745 0.19363997728563317
0.5709515859766278 0.19420783645655879
0.57 0.19420783645655879
0.5707154742096506 0.1947756956274844
0.5714285714285714 0.19534355479841
0.5704809286898839 0.19534355479841
0.5695364238410596 0.19534355479841
0.5685950413223141 0.19534355479841
0.5676567656765676 0.19534355479841
0.5667215815485996 0.19534355479841
0.5674342105263158 0.19591141396933562
0.5665024630541872 0.19591141396933562
0.5672131147540984 0.1964792731402612
0.5679214402618658 0.1970471323111868
0.5686274509803921 0.19761499148211242
0.567699836867863 0.19761499148211242
0.5667752442996743 0.19761499148211242
0.567479674796748 0.19818285065303803
0.5681818181818182 0.19875070982396364
0.5688816855753647 0.19931856899488926
0.56957928802589 0.19988642816581487
0.5702746365105008 0.20045428733674048
0.5693548387096774 0.20045428733674048
0.5684380032206119 0.20045428733674048
0.567524115755627 0.20045428733674048
0.5666131621187801 0.20045428733674048
0.5673076923076923 0.2010221465076661
0.568 0.2015900056785917
0.5670926517571885 0.2015900056785917
0.5677830940988836 0.2021578648495173
0.5668789808917197 0.2021578648495173
0.5675675675675675 0.20272572402044292
0.5682539682539682 0.20329358319136853
0.5673534072900158 0.20329358319136853
0.5664556962025317 0.20329358319136853
0.5671406003159558 0.20386144236229414
0.5678233438485805 0.20442930153321975
0.5669291338582677 0.20442930153321975
0.5660377358490566 0.20442930153321975
0.565149136577708 0.20442930153321975
0.5642633228840125 0.20442930153321975
0.5633802816901409 0.20442930153321975
0.5640625 0.20499716070414536
0.5631825273010921 0.20499716070414536
0.5638629283489096 0.20556501987507098
0.5645412130637636 0.2061328790459966
0.5636645962732919 0.2061328790459966
0.5643410852713179 0.2067007382169222
0.565015479876161 0.2072685973878478
0.5656877897990726 0.20783645655877342
0.566358024691358 0.20840431572969903
0.5670261941448382 0.20897217490062464
0.5661538461538461 0.20897217490062464
0.5668202764976958 0.20954003407155025
0.5674846625766872 0.21010789324247586
0.5666156202143952 0.21010789324247586
0.5657492354740061 0.21010789324247586
0.5648854961832062 0.21010789324247586
0.5655487804878049 0.21067575241340147
0.5646879756468798 0.21067575241340147
0.5638297872340425 0.21067575241340147
0.5629742033383915 0.21067575241340147
0.5621212121212121 0.21067575241340147
0.5627836611195158 0.21124361158432708
0.5634441087613293 0.2118114707552527
0.5641025641025641 0.2123793299261783
0.5647590361445783 0.21294718909710392
0.5654135338345865 0.21351504826802953
0.566066066066066 0.21408290743895514
0.5667166416791605 0.21465076660988075
0.5673652694610778 0.21521862578080636
0.5680119581464873 0.21578648495173197
0.5671641791044776 0.21578648495173197
0.5678092399403875 0.21635434412265758
0.5684523809523809 0.2169222032935832
0.5676077265973254 0.2169222032935832
0.5682492581602374 0.2174900624645088
0.5674074074074074 0.2174900624645088
0.5665680473372781 0.2174900624645088
0.5672082717872969 0.21805792163543442
0.5663716814159292 0.21805792163543442
0.5670103092783505 0.21862578080636003
0.5676470588235294 0.21919363997728564
0.5682819383259912 0.21976149914821125
0.5689149560117303 0.22032935831913686
0.568081991215227 0.22032935831913686
0.5687134502923976 0.22089721749006247
0.5678832116788322 0.22089721749006247
0.5670553935860059 0.22089721749006247
0.5662299854439592 0.22089721749006247
0.5668604651162791 0.22146507666098808
0.5674891146589259 0.2220329358319137
0.5681159420289855 0.2226007950028393
0.5672937771345875 0.2226007950028393
0.5679190751445087 0.2231686541737649
0.5670995670995671 0.2231686541737649
0.5662824207492796 0.2231686541737649
0.5654676258992806 0.2231686541737649
0.5646551724137931 0.2231686541737649
0.563845050215208 0.2231686541737649
0.5630372492836676 0.2231686541737649
0.5622317596566524 0.2231686541737649
0.5614285714285714 0.2231686541737649
0.5620542082738944 0.22373651334469052
0.5626780626780626 0.22430437251561613
0.561877667140825 0.22430437251561613
0.5610795454545454 0.22430437251561613
0.5602836879432624 0.22430437251561613
0.5594900849858357 0.22430437251561613
0.5586987270155587 0.22430437251561613
0.559322033898305 0.22487223168654175
0.5585331452750353 0.22487223168654175
0.5577464788732395 0.22487223168654175
0.5583684950773559 0.22544009085746736
0.5589887640449438 0.22600795002839297
0.5596072931276297 0.22657580919931858
0.5602240896358543 0.2271436683702442
0.5608391608391609 0.2277115275411698
0.5614525139664804 0.2282793867120954
0.5620641562064156 0.22884724588302102
0.5612813370473537 0.22884724588302102
0.5618915159944368 0.22941510505394663
0.5625 0.22998296422487224
0.5617198335644937 0.22998296422487224
0.5609418282548476 0.22998296422487224
0.5615491009681881 0.23055082339579785
0.5621546961325967 0.23111868256672347
0.5627586206896552 0.23168654173764908
0.5633608815426997 0.23225440090857466
0.562585969738652 0.23225440090857466
0.5618131868131868 0.23225440090857466
0.5610425240054869 0.23225440090857466
0.5602739726027397 0.23225440090857466
0.560875512995896 0.23282226007950027
0.5614754098360656 0.23339011925042588
0.5607094133697135 0.23339011925042588
0.5613079019073569 0.2339579784213515
0.5605442176870749 0.2339579784213515
0.561141304347826 0.2345258375922771
0.5617367706919946 0.23509369676320271
0.5609756097560976 0.23509369676320271
0.5602165087956699 0.23509369676320271
0.5608108108108109 0.23566155593412833
0.5600539811066126 0.23566155593412833
0.5606469002695418 0.23622941510505394
0.5598923283983849 0.23622941510505394
0.5604838709677419 0.23679727427597955
0.5610738255033557 0.23736513344690516
0.561662198391421 0.23793299261783077
0.5609103078982597 0.23793299261783077
0.5601604278074866 0.23793299261783077
0.5607476635514018 0.23850085178875638
0.56 0.23850085178875638
0.5605858854860186 0.239068710959682
0.5611702127659575 0.2396365701306076
0.5617529880478087 0.2402044293015332
0.5623342175066313 0.24077228847245882
0.56158940397351 0.24077228847245882
0.5608465608465608 0.24077228847245882
0.5614266842800528 0.24134014764338443
0.5606860158311345 0.24134014764338443
0.5599472990777339 0.24134014764338443
0.5592105263157895 0.24134014764338443
0.5597897503285151 0.24190800681431004
0.5590551181102362 0.24190800681431004
0.5583224115334207 0.24190800681431004
0.5575916230366492 0.24190800681431004
0.5568627450980392 0.24190800681431004
0.556135770234987 0.24190800681431004
0.5567144719687093 0.24247586598523566
0.5559895833333334 0.24247586598523566
0.5565669700910273 0.24304372515616127
0.5558441558441558 0.24304372515616127
0.5551232166018158 0.24304372515616127
0.5544041450777202 0.24304372515616127
0.5549805950840879 0.24361158432708688
0.5542635658914729 0.24361158432708688
0.5535483870967742 0.24361158432708688
0.5528350515463918 0.24361158432708688
0.5534105534105535 0.2441794434980125
0.5539845758354756 0.2447473026689381
0.5532734274711169 0.2447473026689381
0.5525641025641026 0.2447473026689381
0.5518565941101152 0.2447473026689381
0.5524296675191815 0.2453151618398637
0.5517241379310345 0.2453151618398637
0.5510204081632653 0.2453151618398637
0.5503184713375796 0.2453151618398637
0.5508905852417303 0.24588302101078932
0.5501905972045743 0.24588302101078932
0.549492385786802 0.24588302101078932
0.5487959442332065 0.24588302101078932
0.5481012658227848 0.24588302101078932
0.5474083438685209 0.24588302101078932
0.547979797979798 0.24645088018171493
0.5472887767969735 0.24645088018171493
0.5478589420654912 0.24701873935264054
0.5484276729559748 0.24758659852356615
0.5477386934673367 0.24758659852356615
0.5470514429109159 0.24758659852356615
0.5476190476190477 0.24815445769449176
0.5469336670838548 0.24815445769449176
0.54625 0.24815445769449176
0.5455680399500624 0.24815445769449176
0.5461346633416458 0.24872231686541738
0.5466998754669987 0.249290176036343
0.5460199004975125 0.249290176036343
0.5453416149068323 0.249290176036343
0.5459057071960298 0.2498580352072686
0.5452292441140025 0.2498580352072686
0.5445544554455446 0.2498580352072686
0.5438813349814586 0.2498580352072686
0.5444444444444444 0.2504258943781942
0.5437731196054254 0.2504258943781942
0.5443349753694581 0.2509937535491198
0.5436654366543665 0.2509937535491198
0.542997542997543 0.2509937535491198
0.5435582822085889 0.2515616127200454
0.5428921568627451 0.2515616127200454
0.5422276621787026 0.2515616127200454
0.5427872860635696 0.252129471890971
0.5421245421245421 0.252129471890971
0.5414634146341464 0.252129471890971
0.5420219244823387 0.2526973310618966
0.5413625304136253 0.2526973310618966
0.5407047387606319 0.2526973310618966
0.5400485436893204 0.2526973310618966
0.5406060606060606 0.25326519023282223
0.5411622276029056 0.25383304940374785
0.5417170495767836 0.25440090857467346
0.5410628019323671 0.25440090857467346
0.5416164053075995 0.25496876774559907
0.5421686746987951 0.2555366269165247
0.542719614921781 0.2561044860874503
0.5420673076923077 0.2561044860874503
0.5426170468187275 0.2566723452583759
0.5419664268585132 0.2566723452583759
0.5413173652694611 0.2566723452583759
0.5406698564593302 0.2566723452583759
0.5400238948626045 0.2566723452583759
0.5405727923627685 0.2572402044293015
0.5399284862932062 0.2572402044293015
0.5392857142857143 0.2572402044293015
0.5386444708680143 0.2572402044293015
0.5380047505938242 0.2572402044293015
0.5373665480427047 0.2572402044293015
0.5367298578199052 0.2572402044293015
0.5360946745562131 0.2572402044293015
0.5366430260047281 0.2578080636002271
0.5371900826446281 0.25837592277115273
0.5377358490566038 0.25894378194207834
0.5371024734982333 0.25894378194207834
0.5364705882352941 0.25894378194207834
0.5370152761457109 0.25951164111300395
0.5363849765258216 0.25951164111300395
0.5357561547479485 0.25951164111300395
0.5362997658079626 0.26007950028392957
0.5356725146198831 0.26007950028392957
0.5362149532710281 0.2606473594548552
0.5355892648774796 0.2606473594548552
0.5361305361305362 0.2612152186257808
0.5355064027939465 0.2612152186257808
0.5348837209302325 0.2612152186257808
0.5342624854819977 0.2612152186257808
0.5336426914153132 0.2612152186257808
0.5330243337195828 0.2612152186257808
0.5335648148148148 0.2617830777967064
0.5329479768786127 0.2617830777967064
0.5323325635103926 0.2617830777967064
0.5317185697808535 0.2617830777967064
0.5311059907834101 0.2617830777967064
0.5304948216340621 0.2617830777967064
0.5298850574712644 0.2617830777967064
0.529276693455798 0.2617830777967064
0.5286697247706422 0.2617830777967064
0.5280641466208477 0.2617830777967064
0.5274599542334096 0.2617830777967064
0.5268571428571428 0.2617830777967064
0.5273972602739726 0.262350936967632
0.5267958950969214 0.262350936967632
0.5261958997722096 0.262350936967632
0.5267349260523322 0.2629187961385576
0.5261363636363636 0.2629187961385576
0.5266742338251986 0.26348665530948323
0.5272108843537415 0.26405451448040884
0.5266138165345413 0.26405451448040884
0.5260180995475113 0.26405451448040884
0.5254237288135594 0.26405451448040884
0.5259593679458239 0.26462237365133445
0.5253664036076663 0.26462237365133445
0.5247747747747747 0.26462237365133445
0.5241844769403825 0.26462237365133445
0.5247191011235955 0.26519023282226006
0.5241301907968574 0.26519023282226006
0.5246636771300448 0.2657580919931857
0.5240761478163494 0.2657580919931857
0.5246085011185683 0.2663259511641113
0.5251396648044693 0.2668938103350369
0.5256696428571429 0.2674616695059625
0.5261984392419174 0.2680295286768881
0.5256124721603563 0.2680295286768881
0.525027808676307 0.2680295286768881
0.5255555555555556 0.26859738784781373
0.5249722530521642 0.26859738784781373
0.524390243902439 0.26859738784781373
0.5238095238095238 0.26859738784781373
0.5243362831858407 0.26916524701873934
0.5248618784530387 0.26973310618966495
0.5242825607064018 0.26973310618966495
0.5248070562293274 0.27030096536059056
0.525330396475771 0.2708688245315162
0.5247524752475248 0.2708688245315162
0.5252747252747253 0.2714366837024418
0.5257958287596048 0.2720045428733674
0.5252192982456141 0.2720045428733674
0.524644030668127 0.2720045428733674
0.524070021881838 0.2720045428733674
0.5234972677595628 0.2720045428733674
0.5229257641921398 0.2720045428733674
0.5223555070883316 0.2720045428733674
0.5217864923747276 0.2720045428733674
0.5223068552774756 0.272572402044293
0.5217391304347826 0.272572402044293
0.5222584147665581 0.2731402612152186
0.5227765726681128 0.2737081203861442
0.52329360780065 0.27427597955706984
0.5227272727272727 0.27427597955706984
0.5232432432432432 0.27484383872799545
0.5226781857451404 0.27484383872799545
0.52319309600863 0.27541169789892106
0.5237068965517241 0.27597955706984667
0.5231431646932185 0.27597955706984667
0.5225806451612903 0.27597955706984667
0.523093447905478 0.2765474162407723
0.5225321888412017 0.2765474162407723
0.5230439442658092 0.2771152754116979
0.5224839400428265 0.2771152754116979
0.5229946524064171 0.2776831345826235
0.5235042735042735 0.2782509937535491
0.5229455709711847 0.2782509937535491
0.5223880597014925 0.2782509937535491
0.5218317358892439 0.2782509937535491
0.5212765957446809 0.2782509937535491
0.5207226354941552 0.2782509937535491
0.5201698513800425 0.2782509937535491
0.5196182396606575 0.2782509937535491
0.5190677966101694 0.2782509937535491
0.5185185185185185 0.2782509937535491
0.5179704016913319 0.2782509937535491
0.5174234424498416 0.2782509937535491
0.5168776371308017 0.2782509937535491
0.5163329820864068 0.2782509937535491
0.5168421052631579 0.2788188529244747
0.5162986330178759 0.2788188529244747
0.5168067226890757 0.27938671209540034
0.5162644281217209 0.27938671209540034
0.5157232704402516 0.27938671209540034
0.5162303664921466 0.27995457126632595
0.5156903765690377 0.27995457126632595
0.51619644723093 0.28052243043725156
0.5167014613778705 0.28109028960817717
0.516162669447341 0.28109028960817717
0.5166666666666667 0.2816581487791028
0.5171696149843913 0.2822260079500284
0.5176715176715176 0.282793867120954
0.5171339563862928 0.282793867120954
0.516597510373444 0.282793867120954
0.5160621761658031 0.282793867120954
0.515527950310559 0.282793867120954
0.516028955532575 0.2833617262918796
0.515495867768595 0.2833617262918796
0.5149638802889577 0.2833617262918796
0.5144329896907216 0.2833617262918796
0.513903192584964 0.2833617262918796
0.51440329218107 0.2839295854628052
0.513874614594039 0.2839295854628052
0.5133470225872689 0.2839295854628052
0.5128205128205128 0.2839295854628052
0.5122950819672131 0.2839295854628052
0.5117707267144319 0.2839295854628052
0.5122699386503068 0.28449744463373083
0.5117466802860061 0.28449744463373083
0.5112244897959184 0.28449744463373083
0.5107033639143731 0.28449744463373083
0.5112016293279023 0.28506530380465644
0.5106815869786369 0.28506530380465644
0.5111788617886179 0.28563316297558206
0.5106598984771573 0.28563316297558206
0.5101419878296146 0.28563316297558206
0.5106382978723404 0.28620102214650767
0.5111336032388664 0.2867688813174333
0.5116279069767442 0.2873367404883589
0.5111111111111111 0.2873367404883589
0.5105953582240161 0.2873367404883589
0.5100806451612904 0.2873367404883589
0.5105740181268882 0.2879045996592845
0.5110663983903421 0.2884724588302101
0.5105527638190954 0.2884724588302101
0.5110441767068273 0.2890403180011357
0.5105315947843531 0.2890403180011357
0.5110220440881763 0.28960817717206133
0.5105105105105106 0.28960817717206133
0.51 0.28960817717206133
0.5104895104895105 0.29017603634298694
0.5099800399201597 0.29017603634298694
0.5094715852442672 0.29017603634298694
0.5099601593625498 0.29074389551391255
0.5094527363184079 0.29074389551391255
0.5099403578528827 0.29131175468483816
0.5104270109235353 0.2918796138557638
0.5099206349206349 0.2918796138557638
0.5094152626362736 0.2918796138557638
0.5089108910891089 0.2918796138557638
0.5093966369930761 0.2924474730266894
0.508893280632411 0.2924474730266894
0.508390918065153 0.2924474730266894
0.5078895463510849 0.2924474730266894
0.5073891625615764 0.2924474730266894
0.5068897637795275 0.2924474730266894
0.5063913470993117 0.2924474730266894
0.5058939096267191 0.2924474730266894
0.5053974484789009 0.2924474730266894
0.5049019607843137 0.2924474730266894
0.5044074436826641 0.2924474730266894
0.5048923679060665 0.293015332197615
0.5043988269794721 0.293015332197615
0.5048828125 0.2935831913685406
0.504390243902439 0.2935831913685406
0.5038986354775828 0.2935831913685406
0.5034079844206426 0.2935831913685406
0.5029182879377432 0.2935831913685406
0.5034013605442177 0.2941510505394662
0.503883495145631 0.29471890971039183
0.5033947623666344 0.29471890971039183
0.5038759689922481 0.29528676888131744
0.5033881897386253 0.29528676888131744
0.5038684719535783 0.29585462805224305
0.5033816425120773 0.29585462805224305
0.502895752895753 0.29585462805224305
0.5033751205400193 0.29642248722316866
0.5028901734104047 0.29642248722316866
0.5024061597690087 0.29642248722316866
0.5019230769230769 0.29642248722316866
0.5014409221902018 0.29642248722316866
0.5009596928982726 0.29642248722316866
0.5004793863854267 0.29642248722316866
0.5 0.29642248722316866
0.4995215311004785 0.29642248722316866
0.49904397705544934 0.29642248722316866
0.4995224450811843 0.2969903463940943
0.49904580152671757 0.2969903463940943
0.49857006673021925 0.2969903463940943
0.4990476190476191 0.2975582055650199
0.49857278782112274 0.2975582055650199
0.49809885931558934 0.2975582055650199
0.4976258309591643 0.2975582055650199
0.4971537001897533 0.2975582055650199
0.4966824644549763 0.2975582055650199
0.4962121212121212 0.2975582055650199
0.4966887417218543 0.2981260647359455
0.497164461247637 0.2986939239068711
0.4966949952785647 0.2986939239068711
0.4962264150943396 0.2986939239068711
0.4957587181903864 0.2986939239068711
0.4952919020715631 0.2986939239068711
0.49576669802445905 0.2992617830777967
0.49624060150375937 0.29982964224872233
0.49671361502347416 0.30039750141964794
0.4971857410881801 0.30096536059057355
0.4967197750702905 0.30096536059057355
0.49719101123595505 0.30153321976149916
0.49672591206735267 0.30153321976149916
0.497196261682243 0.30210107893242477
0.49673202614379086 0.30210107893242477
0.4962686567164179 0.30210107893242477
0.4958061509785648 0.30210107893242477
0.4962756052141527 0.3026689381033504
0.4967441860465116 0.303236797274276
0.4962825278810409 0.303236797274276
0.49675023212627667 0.3038046564452016
0.4962894248608534 0.3038046564452016
0.49582947173308617 0.3038046564452016
0.4962962962962963 0.3043725156161272
0.4967622571692877 0.3049403747870528
0.49630314232902034 0.3049403747870528
0.49584487534626037 0.3049403747870528
0.496309963099631 0.30550823395797844
0.49585253456221196 0.30550823395797844
0.496316758747698 0.30607609312890405
0.49678012879484823 0.30664395229982966
0.4963235294117647 0.30664395229982966
0.49586776859504134 0.30664395229982966
0.4963302752293578 0.30721181147075527
0.49587534372135655 0.30721181147075527
0.49542124542124544 0.30721181147075527
0.494967978042086 0.30721181147075527
0.4954296160877514 0.3077796706416809
0.4949771689497717 0.3077796706416809
0.49452554744525545 0.3077796706416809
0.4949863263445761 0.3083475298126065
0.49453551912568305 0.3083475298126065
0.49499545040946313 0.3089153889835321
0.49454545454545457 0.3089153889835321
0.4950045413260672 0.3094832481544577
0.4945553539019964 0.3094832481544577
0.4941069809610154 0.3094832481544577
0.4936594202898551 0.3094832481544577
0.49321266968325794 0.3094832481544577
0.49276672694394213 0.3094832481544577
0.4932249322493225 0.3100511073253833
0.4927797833935018 0.3100511073253833
0.49233543733092877 0.3100511073253833
0.4918918918918919 0.3100511073253833
0.49234923492349236 0.31061896649630893
0.4919064748201439 0.31061896649630893
0.4914645103324349 0.31061896649630893
0.4910233393177738 0.31061896649630893
0.4905829596412556 0.31061896649630893
0.49014336917562723 0.31061896649630893
0.4897045658012534 0.31061896649630893
0.4892665474060823 0.31061896649630893
0.48882931188561213 0.31061896649630893
0.48839285714285713 0.31061896649630893
0.487957181088314 0.31061896649630893
0.48841354723707664 0.31118682566723455
0.4879786286731968 0.31118682566723455
0.4875444839857651 0.31118682566723455
0.4871111111111111 0.31118682566723455
0.4866785079928952 0.31118682566723455
0.4862466725820763 0.31118682566723455
0.4867021276595745 0.31175468483816016
0.4862710363153233 0.31175468483816016
0.48672566371681414 0.31232254400908577
0.48629531388152075 0.31232254400908577
0.48586572438162545 0.31232254400908577
0.4854368932038835 0.31232254400908577
0.4858906525573192 0.3128904031800114
0.4863436123348018 0.313458262350937
0.4867957746478873 0.3140261215218626
0.48636763412489004 0.3140261215218626
0.4859402460456942 0.3140261215218626
0.485513608428446 0.3140261215218626
0.48596491228070177 0.3145939806927882
0.4864154250657318 0.3151618398637138
0.4868651488616462 0.31572969903463943
0.4873140857392826 0.31629755820556504
0.48776223776223776 0.31686541737649065
0.4873362445414847 0.31686541737649065
0.4869109947643979 0.31686541737649065
0.4873583260680035 0.31743327654741627
0.4878048780487805 0.3180011357183419
0.48738033072236725 0.3180011357183419
0.48695652173913045 0.3180011357183419
0.48653344917463076 0.3180011357183419
0.4861111111111111 0.3180011357183419
0.4865568083261058 0.3185689948892675
0.48700173310225303 0.3191368540601931
0.48658008658008656 0.3191368540601931
0.486159169550173 0.3191368540601931
0.48660328435609335 0.3197047132311187
0.48618307426597585 0.3197047132311187
0.48662640207075064 0.3202725724020443
0.4870689655172414 0.32084043157296993
0.48664944013781225 0.32084043157296993
0.48709122203098104 0.32140829074389554
0.4866723989681857 0.32140829074389554
0.48625429553264604 0.32140829074389554
0.4858369098712446 0.32140829074389554
0.4854202401372213 0.32140829074389554
0.48500428449014565 0.32140829074389554
0.4845890410958904 0.32140829074389554
0.48417450812660395 0.32140829074389554
0.48376068376068376 0.32140829074389554
0.484201537147737 0.3219761499148211
0.48378839590443684 0.3219761499148211
0.4833759590792839 0.3219761499148211
0.4829642248722317 0.3219761499148211
0.4825531914893617 0.3219761499148211
0.48299319727891155 0.3225440090857467
0.4825828377230246 0.3225440090857467
0.48217317487266553 0.3225440090857467
0.4817642069550466 0.3225440090857467
0.48135593220338985 0.3225440090857467
0.4809483488569009 0.3225440090857467
0.4813874788494078 0.3231118682566723
0.4818258664412511 0.32367972742759793
0.4814189189189189 0.32367972742759793
0.48185654008438816 0.32424758659852354
0.4814502529510961 0.32424758659852354
0.481044650379107 0.32424758659852354
0.48063973063973064 0.32424758659852354
0.4802354920100925 0.32424758659852354
0.47983193277310926 0.32424758659852354
0.4802686817800168 0.32481544576944915
0.4798657718120805 0.32481544576944915
0.47946353730092206 0.32481544576944915
0.47906197654941374 0.32481544576944915
0.4794979079497908 0.32538330494037476
0.4790969899665552 0.32538330494037476
0.47869674185463656 0.32538330494037476
0.4782971619365609 0.32538330494037476
0.4778982485404504 0.32538330494037476
0.4775 0.32538330494037476
0.47793505412156534 0.3259511641113004
0.47753743760399336 0.3259511641113004
0.4771404821280133 0.3259511641113004
0.4775747508305648 0.326519023282226
0.47800829875518674 0.3270868824531516
0.478441127694859 0.3276547416240772
0.4780447390223695 0.3276547416240772
0.4776490066225166 0.3276547416240772
0.47808105872622003 0.3282226007950028
0.47768595041322315 0.3282226007950028
0.4772914946325351 0.3282226007950028
0.4768976897689769 0.3282226007950028
0.4765045342126958 0.3282226007950028
0.47611202635914335 0.3282226007950028
0.4757201646090535 0.3282226007950028
0.4753289473684211 0.3282226007950028
0.47576006573541496 0.3287904599659284
0.4753694581280788 0.3287904599659284
0.4749794913863823 0.3287904599659284
0.4745901639344262 0.3287904599659284
0.4742014742014742 0.3287904599659284
0.47381342062193127 0.3287904599659284
0.473426001635323 0.3287904599659284
0.4730392156862745 0.3287904599659284
0.4726530612244898 0.3287904599659284
0.4722675367047308 0.3287904599659284
0.47269763651181745 0.32935831913685404
0.4723127035830619 0.32935831913685404
0.47192839707078926 0.32935831913685404
0.4715447154471545 0.32935831913685404
0.471161657189277 0.32935831913685404
0.4707792207792208 0.32935831913685404
0.47039740470397406 0.32935831913685404
0.4708265802269044 0.32992617830777965
0.47044534412955463 0.32992617830777965
0.47006472491909385 0.32992617830777965
0.4696847210994341 0.32992617830777965
0.4693053311793215 0.32992617830777965
0.46973365617433416 0.33049403747870526
0.4693548387096774 0.33049403747870526
0.46897663174858983 0.33049403747870526
0.46859903381642515 0.33049403747870526
0.4682220434432824 0.33049403747870526
0.46864951768488744 0.33106189664963087
0.4682730923694779 0.33106189664963087
0.46869983948635635 0.3316297558205565
0.46832397754611066 0.3316297558205565
0.46875 0.3321976149914821
0.46837469975980783 0.3321976149914821
0.468 0.3321976149914821
0.4676258992805755 0.3321976149914821
0.4672523961661342 0.3321976149914821
0.4668794892258579 0.3321976149914821
0.46730462519936206 0.3327654741624077
0.46772908366533866 0.3333333333333333
0.46735668789808915 0.3333333333333333
0.4677804295942721 0.3339011925042589
0.46740858505564387 0.3339011925042589
0.46783161239078636 0.33446905167518454
0.46746031746031746 0.33446905167518454
0.46788263283108644 0.33503691084611015
0.4675118858954041 0.33503691084611015
0.4671417260490895 0.33503691084611015
0.4675632911392405 0.33560477001703576
0.4671936758893281 0.33560477001703576
0.466824644549763 0.33560477001703576
0.4664561957379637 0.33560477001703576
0.46608832807570977 0.33560477001703576
0.4657210401891253 0.33560477001703576
0.4653543307086614 0.33560477001703576
0.46498819826907944 0.33560477001703576
0.46462264150943394 0.33560477001703576
0.46504320502749413 0.33617262918796137
0.46467817896389324 0.33617262918796137
0.46431372549019606 0.33617262918796137
0.4647335423197492 0.336740488358887
0.46515270164447925 0.3373083475298126
0.46557120500782473 0.3378762067007382
0.4652071931196247 0.3378762067007382
0.46484375 0.3378762067007382
0.4644808743169399 0.3378762067007382
0.4641185647425897 0.3378762067007382
0.4637568199532346 0.3378762067007382
0.46417445482866043 0.3384440658716638
0.46459143968871597 0.3390119250425894
0.4642301710730949 0.3390119250425894
0.46386946386946387 0.3390119250425894
0.4635093167701863 0.3390119250425894
0.46314972847168345 0.3390119250425894
0.4627906976744186 0.3390119250425894
0.4632068164213788 0.33957978421351503
0.4628482972136223 0.33957978421351503
0.46249033255993816 0.33957978421351503
0.46213292117465227 0.33957978421351503
0.4617760617760618 0.33957978421351503
0.46219135802469136 0.34014764338444065
0.4618350038550501 0.34014764338444065
0.46147919876733434 0.34014764338444065
0.4618937644341801 0.34071550255536626
0.4623076923076923 0.34128336172629187
0.4619523443504996 0.34128336172629187
0.46159754224270355 0.34128336172629187
0.4620107444359171 0.3418512208972175
0.4624233128834356 0.3424190800681431
0.46206896551724136 0.3424190800681431
0.46171516079632463 0.3424190800681431
0.4613618974751339 0.3424190800681431
0.4617737003058104 0.3429869392390687
0.4614209320091673 0.3429869392390687
0.4618320610687023 0.3435547984099943
0.4614797864225782 0.3435547984099943
0.46189024390243905 0.3441226575809199
0.46153846153846156 0.3441226575809199
0.4619482496194825 0.34469051675184553
0.4623574144486692 0.34525837592277114
0.46200607902735563 0.34525837592277114
0.4616552771450266 0.34525837592277114
0.4613050075872534 0.34525837592277114
0.46171341925701287 0.34582623509369675
0.46136363636363636 0.34582623509369675
0.4610143830431491 0.34582623509369675
0.46142208774583965 0.34639409426462237
0.46107331821617537 0.34639409426462237
0.4607250755287009 0.34639409426462237
0.46037735849056605 0.34639409426462237
0.46003016591251883 0.34639409426462237
0.4604370761115298 0.346961953435548
0.46009036144578314 0.346961953435548
0.4597441685477803 0.346961953435548
0.45939849624060153 0.346961953435548
0.459053343350864 0.346961953435548
0.4587087087087087 0.346961953435548
0.45836459114778694 0.346961953435548
0.4580209895052474 0.346961953435548
0.45767790262172287 0.346961953435548
0.4573353293413174 0.346961953435548
0.4569932685115931 0.346961953435548
0.45739910313901344 0.3475298126064736
0.4570575056011949 0.3475298126064736
0.45671641791044776 0.3475298126064736
0.4563758389261745 0.3475298126064736
0.45603576751117736 0.3475298126064736
0.45569620253164556 0.3475298126064736
0.45535714285714285 0.3475298126064736
0.4557620817843866 0.3480976717773992
0.4554234769687964 0.3480976717773992
0.4550853749072012 0.3480976717773992
0.4547477744807122 0.3480976717773992
0.45441067457375833 0.3480976717773992
0.45481481481481484 0.3486655309483248
0.4544781643227239 0.3486655309483248
0.4541420118343195 0.3486655309483248
0.45454545454545453 0.3492333901192504
0.45420974889217136 0.3492333901192504
0.45387453874538747 0.3492333901192504
0.45353982300884954 0.3492333901192504
0.45320560058953574 0.3492333901192504
0.4536082474226804 0.34980124929017603
0.45327446651949965 0.34980124929017603
0.45294117647058824 0.34980124929017603
0.45260837619397504 0.34980124929017603
0.45301027900146845 0.35036910846110164
0.45267791636096844 0.35036910846110164
0.45234604105571846 0.35036910846110164
0.452014652014652 0.35036910846110164
0.45168374816983897 0.35036910846110164
0.451353328456474 0.35036910846110164
0.4510233918128655 0.35036910846110164
0.45069393718042366 0.35036910846110164
0.4510948905109489 0.35093696763202725
0.45149525893508385 0.35150482680295286
0.4511661807580175 0.35150482680295286
0.45083758193736345 0.35150482680295286
0.450509461426492 0.35150482680295286
0.4509090909090909 0.3520726859738785
0.45058139534883723 0.3520726859738785
0.4502541757443718 0.3520726859738785
0.44992743105950656 0.3520726859738785
0.44960116026105873 0.3520726859738785
0.4492753623188406 0.3520726859738785
0.4489500362056481 0.3520726859738785
0.44862518089725034 0.3520726859738785
0.4483007953723789 0.3520726859738785
0.4479768786127168 0.3520726859738785
0.4483754512635379 0.3526405451448041
0.44805194805194803 0.3526405451448041
0.44772891131939435 0.3526405451448041
0.4474063400576369 0.3526405451448041
0.4478041756659467 0.3532084043157297
0.4482014388489209 0.3537762634866553
0.4485981308411215 0.3543441226575809
0.4482758620689655 0.3543441226575809
0.44795405599425697 0.3543441226575809
0.44763271162123386 0.3543441226575809
0.44731182795698926 0.3543441226575809
0.4469914040114613 0.3543441226575809
0.44667143879742305 0.3543441226575809
0.4470672389127325 0.35491198182850653
0.4474624731951394 0.35547984099943214
0.4471428571428571 0.35547984099943214
0.44682369735902927 0.35547984099943214
0.44650499286733236 0.35547984099943214
0.44618674269422665 0.35547984099943214
0.4458689458689459 0.35547984099943214
0.44555160142348754 0.35547984099943214
0.44523470839260315 0.35547984099943214
0.44562899786780386 0.35604770017035775
0.4453125 0.35604770017035775
0.44499645138396027 0.35604770017035775
0.4453900709219858 0.35661555934128336
0.445074415308292 0.35661555934128336
0.4454674220963173 0.35718341851220897
0.4451521585279547 0.35718341851220897
0.4448373408769448 0.35718341851220897
0.44452296819787984 0.35718341851220897
0.4442090395480226 0.35718341851220897
0.44389555398729713 0.35718341851220897
0.44358251057827924 0.35718341851220897
0.4439746300211416 0.3577512776831346
0.44366197183098594 0.3577512776831346
0.4433497536945813 0.3577512776831346
0.4430379746835443 0.3577512776831346
0.44342937456078707 0.3583191368540602
0.4431179775280899 0.3583191368540602
0.44280701754385965 0.3583191368540602
0.4431977559607293 0.3588869960249858
0.4428871758934828 0.3588869960249858
0.4432773109243697 0.3594548551959114
0.443666899930021 0.360022714366837
0.4433566433566434 0.360022714366837
0.44304682040531096 0.360022714366837
0.44273743016759776 0.360022714366837
0.4424284717376134 0.360022714366837
0.4421199442119944 0.360022714366837
0.4418118466898955 0.360022714366837
0.4415041782729805 0.360022714366837
0.44119693806541405 0.360022714366837
0.44089012517385257 0.360022714366837
0.4412786657400973 0.36059057353776264
0.4409722222222222 0.36059057353776264
0.44136016655100624 0.36115843270868825
0.44105409153952846 0.36115843270868825
0.4407484407484408 0.36115843270868825
0.44113573407202217 0.36172629187961386
0.4408304498269896 0.36172629187961386
0.4405255878284924 0.36172629187961386
0.4402211472011057 0.36172629187961386
0.4399171270718232 0.36172629187961386
0.4396135265700483 0.36172629187961386
0.4393103448275862 0.36172629187961386
0.43969676085458304 0.36229415105053947
0.44008264462809915 0.3628620102214651
0.440467997247075 0.3634298693923907
0.4401650618982118 0.3634298693923907
0.43986254295532645 0.3634298693923907
0.43956043956043955 0.3634298693923907
0.43925875085792726 0.3634298693923907
0.438957475994513 0.3634298693923907
0.4393420150788211 0.3639977285633163
0.43904109589041096 0.3639977285633163
0.43874058863791926 0.3639977285633163
0.4384404924760602 0.3639977285633163
0.4381408065618592 0.3639977285633163
0.4378415300546448 0.3639977285633163
0.437542662116041 0.3639977285633163
0.43724420190995905 0.3639977285633163
0.43694614860259035 0.3639977285633163
0.4366485013623978 0.3639977285633163
0.43703199455411845 0.3645655877342419
0.43673469387755104 0.3645655877342419
0.43643779741672334 0.3645655877342419
0.4361413043478261 0.3645655877342419
0.43584521384928715 0.3645655877342419
0.4362279511533243 0.3651334469051675
0.4359322033898305 0.3651334469051675
0.4356368563685637 0.3651334469051675
0.43534190927555855 0.3651334469051675
0.43504736129905275 0.3651334469051675
0.4347532116294794 0.3651334469051675
0.43513513513513513 0.36570130607609314
0.4348413234301148 0.36570130607609314
0.43454790823211875 0.36570130607609314
0.4342548887390425 0.36570130607609314
0.43463611859838275 0.36626916524701875
0.43434343434343436 0.36626916524701875
0.43405114401076716 0.36626916524701875
0.433759246805649 0.36626916524701875
0.43413978494623656 0.36683702441794436
0.4338482202820685 0.36683702441794436
0.43355704697986575 0.36683702441794436
0.43326626425217973 0.36683702441794436
0.43297587131367293 0.36683702441794436
0.4333556597454789 0.36740488358886997
0.4330655957161981 0.36740488358886997
0.43277591973244145 0.36740488358886997
0.4324866310160428 0.36740488358886997
0.43219772879091517 0.36740488358886997
0.4319092122830441 0.36740488358886997
0.43162108072048033 0.36740488358886997
0.432 0.3679727427597956
0.43171219187208526 0.3679727427597956
0.43142476697736354 0.3679727427597956
0.4318030605455755 0.3685406019307212
0.4315159574468085 0.3685406019307212
0.4312292358803987 0.3685406019307212
0.4309428950863214 0.3685406019307212
0.4306569343065693 0.3685406019307212
0.4303713527851459 0.3685406019307212
0.4300861497680583 0.3685406019307212
0.42980132450331127 0.3685406019307212
0.42951687624090007 0.3685406019307212
0.4298941798941799 0.3691084611016468
0.43027098479841375 0.3696763202725724
0.4299867899603699 0.3696763202725724
0.4303630363036304 0.370244179443498
0.43007915567282323 0.370244179443498
0.4297956493078444 0.370244179443498
0.4295125164690382 0.370244179443498
0.4292297564186965 0.370244179443498
0.42894736842105263 0.370244179443498
0.4286653517422748 0.370244179443498
0.4290407358738502 0.37081203861442363
0.4287590282337492 0.37081203861442363
0.42913385826771655 0.37137989778534924
0.42885245901639346 0.37137989778534924
0.42857142857142855 0.37137989778534924
0.42829076620825146 0.37137989778534924
0.4280104712041885 0.37137989778534924
0.4277305428384565 0.37137989778534924
0.42745098039215684 0.37137989778534924
0.4271717831482691 0.37137989778534924
0.42689295039164493 0.37137989778534924
0.42661448140900193 0.37137989778534924
0.42633637548891784 0.37137989778534924
0.4260586319218241 0.37137989778534924
0.4264322916666667 0.37194775695627486
0.4261548471047495 0.37194775695627486
0.4265279583875163 0.37251561612720047
0.4262508122157245 0.37251561612720047
0.42597402597402595 0.37251561612720047
0.42569759896171316 0.37251561612720047
0.4254215304798962 0.37251561612720047
0.4251458198314971 0.37251561612720047
0.42487046632124353 0.37251561612720047
0.42459546925566344 0.37251561612720047
0.42496765847347995 0.3730834752981261
0.4246929541047188 0.3730834752981261
0.42441860465116277 0.3730834752981261
0.42479018721755973 0.3736513344690517
0.42451612903225805 0.3736513344690517
0.42488716956802064 0.3742191936399773
0.42461340206185566 0.3742191936399773
0.42433998712169996 0.3742191936399773
0.4240669240669241 0.3742191936399773
0.4237942122186495 0.3742191936399773
0.4235218508997429 0.3742191936399773
0.4238921001926782 0.3747870528109029
0.42362002567394097 0.3747870528109029
0.423348300192431 0.3747870528109029
0.4230769230769231 0.3747870528109029
0.42344650864830236 0.3753549119818285
0.4231754161331626 0.3753549119818285
0.4229046705054383 0.3753549119818285
0.4226342710997442 0.3753549119818285
0.42236421725239615 0.3753549119818285
0.4220945083014049 0.3753549119818285
0.42182514358647094 0.3753549119818285
0.4215561224489796 0.3753549119818285
0.4212874442319949 0.3753549119818285
0.4210191082802548 0.3753549119818285
0.4207511139401655 0.3753549119818285
0.42048346055979646 0.3753549119818285
0.42085187539732993 0.37592277115275413
0.420584498094028 0.37592277115275413
0.4203174603174603 0.37592277115275413
0.4206852791878173 0.37649063032367974
0.4204185161699429 0.37649063032367974
0.4207858048162231 0.37705848949460535
0.42051931602279924 0.37705848949460535
0.42025316455696204 0.37705848949460535
0.4199873497786211 0.37705848949460535
0.4197218710493047 0.37705848949460535
0.41945672773215414 0.37705848949460535
0.41919191919191917 0.37705848949460535
0.4189274447949527 0.37705848949460535
0.41866330390920553 0.37705848949460535
0.4183994959042218 0.37705848949460535
0.4181360201511335 0.37705848949460535
0.41787287602265577 0.37705848949460535
0.41823899371069184 0.37762634866553096
0.4179761156505343 0.37762634866553096
0.4183417085427136 0.3781942078364566
0.418706842435656 0.3787620670073822
0.41844416562107906 0.3787620670073822
0.41818181818181815 0.3787620670073822
0.41854636591478694 0.3793299261783078
0.41828428303068255 0.3793299261783078
0.41802252816020025 0.3793299261783078
0.41776110068792993 0.3793299261783078
0.4175 0.3793299261783078
0.41723922548407244 0.3793299261783078
0.41760299625468167 0.3798977853492334
0.41734248284466624 0.3798977853492334
0.4170822942643391 0.3798977853492334
0.41682242990654206 0.3798977853492334
0.41718555417185554 0.380465644520159
0.4169259489732421 0.380465644520159
0.4166666666666667 0.380465644520159
0.4170292106898695 0.38103350369108463
0.41677018633540375 0.38103350369108463
0.4171322160148976 0.38160136286201024
0.41687344913151364 0.38160136286201024
0.41661500309981403 0.38160136286201024
0.4163568773234201 0.38160136286201024
0.41609907120743034 0.38160136286201024
0.4158415841584158 0.38160136286201024
0.4155844155844156 0.38160136286201024
0.415327564894932 0.38160136286201024
0.4150710315009265 0.38160136286201024
0.4148148148148148 0.38160136286201024
0.4151758173966687 0.38216922203293585
0.4149198520345253 0.38216922203293585
0.414664202094886 0.38216922203293585
0.4144088669950739 0.38216922203293585
0.4147692307692308 0.38273708120386146
0.4151291512915129 0.3833049403747871
0.4148740012292563 0.3833049403747871
0.4146191646191646 0.3833049403747871
0.4143646408839779 0.3833049403747871
0.41411042944785276 0.3833049403747871
0.41385652973635806 0.3833049403747871
0.41360294117647056 0.3833049403747871
0.41334966319657074 0.3833049403747871
0.41370869033047736 0.3838727995457127
0.41345565749235474 0.3838727995457127
0.4132029339853301 0.3838727995457127
0.4129505192425168 0.3838727995457127
0.4126984126984127 0.3838727995457127
0.4124466137888957 0.3838727995457127
0.4121951219512195 0.3838727995457127
0.41194393662400974 0.3838727995457127
0.41169305724725946 0.3838727995457127
0.411442483262325 0.3838727995457127
0.41119221411192214 0.3838727995457127
0.41094224924012157 0.3838727995457127
0.4106925880923451 0.3838727995457127
0.41044323011536127 0.3838727995457127
0.41019417475728154 0.3838727995457127
0.4099454214675561 0.3838727995457127
0.40969696969696967 0.3838727995457127
0.4094488188976378 0.3838727995457127
0.40980629539951574 0.3844406587166383
0.40955837870538414 0.3844406587166383
0.40931076178960096 0.3844406587166383
0.40906344410876133 0.3844406587166383
0.40942028985507245 0.3850085178875639
0.4091732045866023 0.3850085178875639
0.4089264173703257 0.3850085178875639
0.40867992766726946 0.3850085178875639
0.40843373493975904 0.3850085178875639
0.40818783865141484 0.3850085178875639
0.40794223826714804 0.3850085178875639
0.40829825616355986 0.3855763770584895
0.40805288461538464 0.3855763770584895
0.4078078078078078 0.3855763770584895
0.40756302521008403 0.3855763770584895
0.40791841631673664 0.3861442362294151
0.407673860911271 0.3861442362294151
0.40742959856201316 0.3861442362294151
0.40718562874251496 0.3861442362294151
0.4069419509275883 0.3861442362294151
0.4072966507177033 0.38671209540034074
0.40765092647937834 0.38727995457126635
0.4074074074074074 0.38727995457126635
0.4071641791044776 0.38727995457126635
0.40692124105011934 0.38727995457126635
0.40667859272510437 0.38727995457126635
0.4064362336114422 0.38727995457126635
0.4061941631923764 0.38727995457126635
0.40595238095238095 0.38727995457126635
0.40571088637715647 0.38727995457126635
0.4054696789536266 0.38727995457126635
0.4058229352346999 0.38784781374219196
0.40558194774346795 0.38784781374219196
0.4053412462908012 0.38784781374219196
0.40510083036773425 0.38784781374219196
0.4048606994665086 0.38784781374219196
0.4046208530805687 0.38784781374219196
0.4049733570159858 0.38841567291311757
0.40532544378698226 0.3889835320840432
0.4050857480780603 0.3889835320840432
0.40484633569739953 0.3889835320840432
0.40460720614294154 0.3889835320840432
0.40436835891381345 0.3889835320840432
0.40412979351032446 0.3889835320840432
0.4044811320754717 0.3895513912549688
0.4048320565704184 0.3901192504258944
0.40518256772673733 0.39068710959682
0.4049440847557387 0.39068710959682
0.4047058823529412 0.39068710959682
0.40505584950029394 0.3912549687677456
0.40481786133960046 0.3912549687677456
0.40458015267175573 0.3912549687677456
0.4043427230046948 0.3912549687677456
0.40410557184750734 0.3912549687677456
0.40386869871043374 0.3912549687677456
0.4036321031048623 0.3912549687677456
0.40398126463700235 0.39182282793867124
0.403744880046811 0.39182282793867124
0.40350877192982454 0.39182282793867124
0.4032729398012858 0.39182282793867124
0.4036214953271028 0.39239068710959685
0.40338587273788673 0.39239068710959685
0.4031505250875146 0.39239068710959685
0.40291545189504374 0.39239068710959685
0.4026806526806527 0.39239068710959685
0.40244612696563775 0.39239068710959685
0.4022118742724098 0.39239068710959685
0.40255962769051773 0.3929585462805224
0.40232558139534885 0.3929585462805224
0.4020918070889018 0.3929585462805224
0.40185830429732866 0.3929585462805224
0.4022054556006965 0.393526405451448
0.4019721577726218 0.393526405451448
0.4023188405797101 0.3940942646223736
0.4020857473928158 0.3940942646223736
0.4018529241459178 0.3940942646223736
0.40219907407407407 0.39466212379329924
0.40196645459803354 0.39466212379329924
0.40173410404624277 0.39466212379329924
0.4015020219526285 0.39466212379329924
0.40127020785219397 0.39466212379329924
0.40103866128101556 0.39466212379329924
0.4013840830449827 0.39522998296422485
0.40115273775216137 0.39522998296422485
0.4014976958525346 0.39579784213515046
0.4012665515256189 0.39579784213515046
0.40103567318757194 0.39579784213515046
0.40080506037952845 0.39579784213515046
0.40057471264367817 0.39579784213515046
0.4003446295232625 0.39579784213515046
0.4006888633754305 0.39636570130607607
0.4010327022375215 0.3969335604770017
0.4013761467889908 0.3975014196479273
0.40114613180515757 0.3975014196479273
0.40148911798396336 0.3980692788188529
0.4012593016599886 0.3980692788188529
0.4010297482837529 0.3980692788188529
0.400800457404231 0.3980692788188529
0.4005714285714286 0.3980692788188529
0.4003426613363792 0.3980692788188529
0.4001141552511416 0.3980692788188529
0.4004563605248146 0.3986371379897785
0.4007981755986317 0.3992049971607041
0.4011396011396011 0.39977285633162973
0.4009111617312073 0.39977285633162973
0.4012521343198634 0.40034071550255534
0.40102389078498296 0.40034071550255534
0.4007959067652075 0.40034071550255534
0.4005681818181818 0.40034071550255534
0.40034071550255534 0.40034071550255534
0.40068104426787743 0.40090857467348096
0.40045377197958026 0.40090857467348096
0.4002267573696145 0.40090857467348096
0.4005665722379603 0.40147643384440657
0.4003397508493771 0.40147643384440657
0.400679117147708 0.4020442930153322
0.4004524886877828 0.4020442930153322
0.40079140757490106 0.4026121521862578
0.4011299435028249 0.4031800113571834
0.4009034443817053 0.4031800113571834
0.40124153498871334 0.403747870528109
0.4010152284263959 0.403747870528109
0.40135287485907556 0.4043157296990346
0.40169014084507043 0.40488358886996023
0.40146396396396394 0.40488358886996023
0.4012380416432189 0.40488358886996023
0.40101237345331836 0.40488358886996023
0.40134907251264756 0.40545144804088584
0.40168539325842695 0.40601930721181145
0.40145985401459855 0.40601930721181145
0.40179573512906847 0.40658716638273706
0.4015703869882221 0.40658716638273706
0.4019058295964126 0.4071550255536627
0.4016806722689076 0.4071550255536627
0.40145576707726766 0.4071550255536627
0.4012311135982093 0.4071550255536627
0.401006711409396 0.4071550255536627
0.4007825600894354 0.4071550255536627
0.4005586592178771 0.4071550255536627
0.400893355667225 0.4077228847245883
0.40122767857142855 0.4082907438955139
0.4015616285554936 0.4088586030664395
0.4013377926421405 0.4088586030664395
0.4011142061281337 0.4088586030664395
0.40089086859688194 0.4088586030664395
0.4006677796327212 0.4088586030664395
0.40044493882091214 0.4088586030664395
0.4002223457476376 0.4088586030664395
0.4 0.4088586030664395
0.39977790116601886 0.4088586030664395
0.3995560488346282 0.4088586030664395
0.39933444259567386 0.4088586030664395
0.3991130820399113 0.4088586030664395
0.3988919667590028 0.4088586030664395
0.39867109634551495 0.4088586030664395
0.3984504703929164 0.4088586030664395
0.398783185840708 0.4094264622373651
0.39856274184632395 0.4094264622373651
0.3983425414364641 0.4094264622373651
0.3981225842076201 0.4094264622373651
0.39790286975717437 0.4094264622373651
0.39768339768339767 0.4094264622373651
0.3974641675854465 0.4094264622373651
0.3972451790633609 0.4094264622373651
0.3970264317180617 0.4094264622373651
0.3968079251513484 0.4094264622373651
0.3965896589658966 0.4094264622373651
0.39692138537658056 0.40999432140829073
0.3967032967032967 0.40999432140829073
0.39648544755628773 0.40999432140829073
0.39626783754116357 0.40999432140829073
0.3960504662643993 0.40999432140829073
0.3958333333333333 0.40999432140829073
0.39616438356164385 0.41056218057921634
0.395947426067908 0.41056218057921634
0.3957307060755337 0.41056218057921634
0.39606126914660833 0.41113003975014195
0.3963914707490432 0.41169789892106756
0.39617486338797814 0.41169789892106756
0.3959584926269798 0.41169789892106756
0.39574235807860264 0.41169789892106756
0.3955264593562466 0.41169789892106756
0.39531079607415487 0.41169789892106756
0.39509536784741145 0.41169789892106756
0.394880174291939 0.41169789892106756
0.3946652150244965 0.41169789892106756
0.3944504896626768 0.41169789892106756
0.3942359978249048 0.41169789892106756
0.39456521739130435 0.4122657580919932
0.3948940793047257 0.4128336172629188
0.3952225841476656 0.4134014764338444
0.3950081389039609 0.4134014764338444
0.3953362255965293 0.41396933560477
0.3956639566395664 0.4145371947756956
0.39544962080173346 0.4145371947756956
0.3952355170546833 0.4145371947756956
0.395021645021645 0.4145371947756956
0.3948080043266631 0.4145371947756956
0.3945945945945946 0.4145371947756956
0.3943814154511075 0.4145371947756956
0.3941684665226782 0.4145371947756956
0.3939557474365893 0.4145371947756956
0.39374325782092773 0.4145371947756956
0.3935309973045822 0.4145371947756956
0.3933189655172414 0.4145371947756956
0.3931071620893915 0.4145371947756956
