67879 29 0.9967047572135925
61067 28 0.9957813024520874
32681 29 0.9957584738731384
76133 29 0.9951701760292053
73076 28 0.9949288368225098
27683 29 0.9943683743476868
11557 48 0.9933363199234009
69911 29 0.9915744662284851
52747 28 0.9910284876823425
32692 29 0.9910207390785217
57534 28 0.9905166029930115
52669 28 0.9897071123123169
50386 29 0.9895554780960083
24993 29 0.9888876080513
26205 29 0.9885106086730957
35054 28 0.9871155023574829
67953 28 0.986983060836792
61478 48 0.9869556427001953
48144 29 0.9867575168609619
29399 48 0.986598014831543
11609 48 0.9863141775131226
16785 29 0.9861506819725037
11635 48 0.9857127666473389
81360 29 0.9855436086654663
11664 48 0.985255241394043
63621 28 0.9849193096160889
34594 29 0.9849165081977844
11324 48 0.9846691489219666
11330 48 0.9840567111968994
11473 48 0.9839979410171509
71396 29 0.9837064743041992
11724 48 0.9836089015007019
30469 28 0.9832874536514282
17293 28 0.9832139015197754
34615 28 0.9828092455863953
36674 29 0.982727587223053
11368 48 0.9818560481071472
65525 28 0.9817968606948853
11578 48 0.9811986684799194
19223 29 0.9810241460800171
36790 28 0.9803086519241333
26316 29 0.977482795715332
74743 28 0.9766819477081299
15603 48 0.976337194442749
54278 48 0.9759869575500488
79247 28 0.975816011428833
77038 48 0.9753554463386536
26802 28 0.9750145673751831
38897 29 0.9747918248176575
37605 48 0.9747562408447266
56325 28 0.9728975892066956
80290 28 0.9711182713508606
11564 48 0.969322919845581
65399 48 0.9682303071022034
54260 48 0.9678551554679871
22441 29 0.967439591884613
80518 48 0.9671333432197571
75131 48 0.9667327404022217
32816 29 0.9665900468826294
51923 48 0.9663068056106567
27116 29 0.9660271406173706
54225 48 0.9653714895248413
54292 48 0.9641976356506348
11815 48 0.9641687870025635
77689 28 0.9641116261482239
62012 28 0.9640587568283081
11660 48 0.9638500809669495
72316 29 0.9637797474861145
29577 48 0.9631361961364746
65377 48 0.9621554613113403
84618 28 0.9619439244270325
67100 28 0.9610819816589355
67979 28 0.9605318307876587
64116 28 0.9598586559295654
18537 28 0.959463894367218
11622 48 0.9588846564292908
58299 28 0.9583492279052734
79219 28 0.9582312107086182
34427 28 0.9579171538352966
11341 48 0.9578529596328735
60583 28 0.9577412009239197
37719 48 0.9571272730827332
44556 29 0.9567155241966248
82802 29 0.9566239714622498
48315 29 0.9556863903999329
1644 48 0.9546861052513123
65491 48 0.9541979432106018
20963 28 0.9535332918167114
84317 48 0.9535307884216309
30354 28 0.953315794467926
11743 48 0.9529285430908203
64106 29 0.9524877071380615
59226 48 0.9514983296394348
37173 48 0.9509933590888977
19686 28 0.9483547210693359
51280 28 0.94818115234375
16706 48 0.9471865296363831
34563 28 0.9460181593894958
48854 48 0.9457083344459534
18509 29 0.9450249075889587
21367 28 0.9434558153152466
39516 28 0.9429318904876709
11680 48 0.9421725869178772
37712 48 0.9421554207801819
37266 48 0.941931962966919
37218 48 0.9409860968589783
19149 28 0.9407240748405457
16585 28 0.940132737159729
29622 48 0.9400346875190735
46704 28 0.9398960471153259
38880 29 0.9393050074577332
17389 28 0.9386804699897766
11356 48 0.9381393790245056
79367 28 0.9379203915596008
11334 48 0.9367731809616089
54249 48 0.9366747736930847
24468 29 0.936262845993042
15419 48 0.9361277222633362
37015 48 0.9358224868774414
36996 48 0.9343367218971252
65534 28 0.9329010248184204
85208 29 0.9328411817550659
75135 48 0.9327906966209412
50825 48 0.9324266314506531
62788 48 0.9323620796203613
50559 48 0.9318763017654419
35734 28 0.9311736226081848
50102 28 0.930777907371521
59120 29 0.9295936226844788
51897 48 0.9295632243156433
37595 48 0.9293115139007568
74196 48 0.9287545680999756
11692 48 0.9281500577926636
37738 48 0.9267945289611816
2327 28 0.9265440106391907
27713 28 0.9262449741363525
64976 29 0.9260072708129883
62842 48 0.9259544014930725
30362 29 0.925239086151123
48998 28 0.9251115322113037
6881 28 0.9250481724739075
10507 48 0.9248700141906738
75270 48 0.9245591163635254
69860 28 0.9237473607063293
1645 48 0.923294186592102
73029 28 0.9230267405509949
84949 48 0.922838032245636
31098 48 0.9220973253250122
11594 48 0.9218741059303284
60428 28 0.9214648604393005
17406 28 0.9204580187797546
79350 29 0.9200453162193298
52885 48 0.9196953177452087
39537 29 0.9196839928627014
51279 28 0.9193727374076843
47958 28 0.9189162254333496
79582 48 0.9187660813331604
27781 28 0.9176458120346069
37016 48 0.9155588150024414
85908 48 0.9151527881622314
38759 29 0.9142208695411682
21633 48 0.9141178131103516
17486 29 0.9131251573562622
54112 48 0.9126363396644592
26200 28 0.9119328856468201
59728 48 0.9119171500205994
57188 28 0.9118756055831909
48907 48 0.9115223288536072
53911 48 0.9112675786018372
77468 28 0.9112288355827332
52911 29 0.9100205898284912
50843 48 0.9098426103591919
50560 48 0.9094082117080688
22252 48 0.9091647863388062
65371 48 0.9090493321418762
69230 28 0.9089611768722534
70001 28 0.9080187678337097
86019 29 0.9073494672775269
64038 28 0.9073202013969421
76138 29 0.9070747494697571
25309 28 0.9067652821540833
8918 28 0.9064289331436157
48915 48 0.9054651856422424
85598 28 0.9053590893745422
56534 28 0.9035966396331787
11809 48 0.9031485319137573
62872 48 0.9024146199226379
59520 48 0.9018871188163757
74296 48 0.901016354560852
20693 28 0.9009186029434204
36406 28 0.9003615975379944
37167 48 0.9000301957130432
52369 48 0.8982426524162292
48903 48 0.8979495763778687
37185 48 0.8979042768478394
79826 48 0.8969330191612244
8736 29 0.896586537361145
29648 48 0.8963219523429871
28296 29 0.8959280848503113
77029 48 0.8956421613693237
71594 48 0.8950701355934143
49877 48 0.8950014710426331
2707 24 0.8948048949241638
37132 48 0.8940398693084717
24540 28 0.8938472270965576
1667 48 0.893485963344574
37722 48 0.89335036277771
15834 28 0.8932955265045166
34548 29 0.8932651281356812
60181 48 0.8923435807228088
15414 48 0.8919774293899536
13926 28 0.8917628526687622
65509 28 0.8915762305259705
38440 28 0.8914246559143066
18483 28 0.8910565972328186
23010 48 0.8902204632759094
25758 29 0.8891990780830383
77039 48 0.8891165852546692
84402 28 0.888839066028595
26093 28 0.8885754346847534
45885 28 0.8882817625999451
38141 48 0.8882147073745728
48924 48 0.887852132320404
11318 48 0.8877198100090027
30358 28 0.8877085447311401
54261 48 0.8875721096992493
24923 29 0.887052595615387
74281 48 0.8863715529441833
29414 48 0.8861146569252014
64958 29 0.8859620094299316
76264 28 0.8858951926231384
37351 48 0.8855633735656738
69330 29 0.8852919936180115
87163 29 0.8850169777870178
48274 28 0.8841648101806641
59272 48 0.8839247226715088
3284 48 0.8838023543357849
50927 29 0.8827205300331116
11808 48 0.8823607563972473
545 1 0.8822450041770935
10995 28 0.88197261095047
50688 28 0.881624698638916
59387 48 0.8804317712783813
65480 48 0.8801043629646301
14494 28 0.8794348239898682
26816 28 0.8789929747581482
82817 28 0.87874835729599
77662 29 0.87847501039505
47970 28 0.8776410222053528
64544 24 0.8767419457435608
48526 28 0.8764476180076599
62065 28 0.8761519193649292
37195 48 0.8760470747947693
85914 48 0.8759220242500305
33355 28 0.8741443157196045
23878 28 0.8735062479972839
11408 48 0.8725261092185974
11643 48 0.8722067475318909
75141 48 0.87179034948349
11513 48 0.8714590072631836
82473 29 0.8714144825935364
54169 48 0.8703523278236389
14266 28 0.8687193989753723
37176 48 0.8679929971694946
74280 48 0.8679919838905334
37431 48 0.8666837811470032
72347 28 0.8660171031951904
19728 29 0.8657928705215454
30874 48 0.8657130599021912
29614 48 0.8657086491584778
94426 48 0.8656235337257385
21438 28 0.8652945756912231
63294 48 0.8651055693626404
27764 29 0.8648834824562073
11494 48 0.8643921613693237
86548 28 0.8638591766357422
39555 23 0.8635714650154114
2858 28 0.8632832765579224
30363 29 0.863120436668396
61704 29 0.8624629378318787
69724 28 0.8623153567314148
36360 29 0.862251877784729
59857 48 0.8614230155944824
13507 28 0.8613396883010864
85279 28 0.8612383604049683
56086 29 0.8609933257102966
11816 48 0.8609454035758972
67670 28 0.8605996966362
20859 48 0.8593937754631042
19627 28 0.8584393858909607
31100 48 0.8581197261810303
84789 48 0.8559918403625488
86765 48 0.8558714389801025
7028 28 0.855319619178772
16292 28 0.8543657660484314
24327 28 0.8538197875022888
73499 28 0.8537495136260986
10071 28 0.8533251881599426
83895 48 0.8530730605125427
75460 48 0.8530107140541077
36998 48 0.8519733548164368
11300 48 0.8517711758613586
54283 48 0.8508797287940979
65167 29 0.8507757186889648
59391 48 0.8506133556365967
30375 29 0.8505853414535522
19929 28 0.8505196571350098
75627 48 0.8504085540771484
79642 48 0.8497852087020874
28472 28 0.8497202396392822
26350 28 0.8495128154754639
80135 28 0.8495041728019714
52870 48 0.8494735956192017
77645 28 0.8493892550468445
52439 48 0.8490048050880432
20948 28 0.8488787412643433
18286 28 0.8487642407417297
66596 48 0.8484863638877869
13000 48 0.848403811454773
54814 48 0.847930371761322
83766 28 0.8478108048439026
26315 29 0.8464805483818054
60635 28 0.8461869955062866
10385 29 0.846156895160675
59170 28 0.8461131453514099
61517 48 0.8460025191307068
51938 48 0.845201313495636
52802 28 0.843932569026947
39410 28 0.8437581658363342
32990 28 0.8433310389518738
44232 48 0.8431593179702759
34401 29 0.842989444732666
29554 48 0.842864990234375
75095 48 0.8426218628883362
47125 28 0.841792106628418
17184 28 0.8412697911262512
55936 48 0.8409079909324646
60250 48 0.8403367400169373
65515 28 0.8401403427124023
56174 29 0.8401235342025757
27362 28 0.8394021391868591
15578 48 0.8388612270355225
82589 1 0.8386707305908203
36997 48 0.8385510444641113
33746 28 0.8384544849395752
49147 48 0.8378807306289673
48036 48 0.837781548500061
64966 28 0.837663471698761
77649 28 0.8372144103050232
37799 48 0.8365830183029175
56157 28 0.8364744782447815
3478 28 0.8354907631874084
11450 48 0.8351483345031738
77008 48 0.8351380825042725
39481 28 0.8348610401153564
35181 29 0.8346952795982361
77882 28 0.834352970123291
63724 29 0.832807183265686
68402 48 0.8327314853668213
41594 29 0.8326477408409119
11762 48 0.8323236703872681
79800 48 0.8318468928337097
79659 48 0.8317733407020569
37688 48 0.8295491933822632
37796 48 0.8294111490249634
32449 28 0.8288760781288147
17209 28 0.8286049962043762
82862 28 0.8281794190406799
62607 28 0.8276404738426208
33700 28 0.8275943398475647
36217 28 0.8274189829826355
11348 48 0.8266415596008301
52910 29 0.8265693783760071
73923 29 0.8265143036842346
53449 28 0.8263547420501709
11492 48 0.8259111642837524
54302 48 0.825567364692688
61351 28 0.8253664970397949
4485 28 0.8252862691879272
11591 48 0.8250413537025452
62857 48 0.8247504830360413
6520 28 0.8240444660186768
20675 28 0.8237488269805908
72434 28 0.8233798742294312
75080 28 0.8232135772705078
22702 29 0.8226799368858337
29687 48 0.8226457238197327
74162 48 0.8223764896392822
56621 29 0.8219979405403137
41669 28 0.8218538761138916
11533 48 0.821188747882843
32889 28 0.8200894594192505
57395 28 0.8199126124382019
22525 29 0.8172242045402527
27941 29 0.8170963525772095
11457 48 0.8167904019355774
74844 28 0.8166978359222412
59771 48 0.8162428140640259
28925 29 0.8147452473640442
24463 29 0.8144373893737793
62458 29 0.8144161105155945
65952 48 0.8138782382011414
15473 48 0.8133224248886108
38630 48 0.813022792339325
22241 48 0.8126047253608704
78066 28 0.8122309446334839
82788 28 0.8120908141136169
15954 28 0.8119105696678162
53328 48 0.8113216757774353
14007 28 0.8112407922744751
74171 48 0.8111799955368042
11424 48 0.8110913038253784
61922 29 0.8110684752464294
59177 28 0.8108334541320801
54031 28 0.8106352686882019
38908 29 0.8101691603660583
72285 28 0.8094328045845032
63615 28 0.8087595105171204
20899 28 0.8086110353469849
69175 28 0.8084182739257812
11369 48 0.8082572817802429
38360 48 0.8082200288772583
30298 28 0.8069357872009277
15551 48 0.8064513802528381
87261 29 0.805940568447113
84840 48 0.8054277300834656
56022 28 0.8050742745399475
21447 28 0.8046388626098633
48655 28 0.8040938973426819
79644 48 0.8040326237678528
61425 29 0.8037453889846802
5574 48 0.8035588264465332
7977 28 0.8035045266151428
18978 28 0.8034225702285767
58206 48 0.8033066987991333
65430 48 0.8011351227760315
26027 29 0.8010939359664917
13998 29 0.8004640340805054
27464 28 0.8004568219184875
58227 48 0.8003613352775574
60322 48 0.800016462802887
15577 48 0.7995936274528503
54236 48 0.798640251159668
87717 29 0.7985088229179382
25295 28 0.7984451651573181
77297 28 0.7983503341674805
10085 28 0.7982918620109558
11427 48 0.7980926036834717
22278 48 0.7973827719688416
62260 28 0.7967932820320129
49950 48 0.7963926792144775
84934 48 0.7959480285644531
72560 29 0.7950264811515808
28197 28 0.7946146726608276
84906 48 0.7940349578857422
31806 28 0.7939974665641785
11375 48 0.7936980128288269
81659 28 0.7930521368980408
51895 48 0.7928786277770996
31174 28 0.792728066444397
11584 48 0.7926697731018066
11445 48 0.7921118140220642
16500 28 0.7918651700019836
76745 28 0.7916304469108582
26411 28 0.7914299964904785
76588 48 0.7906088829040527
54549 29 0.790381908416748
62605 28 0.7899888753890991
95693 29 0.7897842526435852
63865 28 0.788546621799469
26097 28 0.7883433103561401
16616 48 0.7883175015449524
37733 48 0.7880401015281677
62281 29 0.7878226041793823
17473 28 0.787501871585846
37245 48 0.787470817565918
30855 48 0.7866959571838379
54983 28 0.7850219011306763
31116 48 0.784972608089447
94683 48 0.7843748927116394
50354 28 0.7841324806213379
62662 29 0.7836514711380005
11950 28 0.7831974625587463
534 28 0.7830907702445984
49356 48 0.7827901840209961
37715 48 0.7825048565864563
54841 28 0.7811674475669861
92727 1 0.7807298302650452
92327 48 0.7804239988327026
20534 29 0.7797955274581909
61726 48 0.7796869874000549
30914 28 0.7795019149780273
11601 48 0.7784855365753174
30359 29 0.7782363295555115
7689 48 0.7774280905723572
76793 48 0.7773618102073669
90188 24 0.777043879032135
11278 48 0.7768755555152893
26225 28 0.7756164073944092
61523 48 0.7752771377563477
54744 48 0.7748401165008545
19221 28 0.7742461562156677
22987 48 0.7742014527320862
29858 29 0.7738689184188843
37080 48 0.7737894654273987
78203 28 0.7737634181976318
48519 29 0.7736424803733826
11690 48 0.773503303527832
55889 48 0.772851824760437
75602 48 0.7723425626754761
73416 28 0.7721959352493286
17573 28 0.770381510257721
37191 48 0.7703225016593933
1493 24 0.7696840763092041
82153 28 0.7694025039672852
34555 28 0.7693374752998352
44226 48 0.7693161368370056
59839 48 0.7687634825706482
11516 48 0.7682114839553833
78449 29 0.7682021856307983
37666 48 0.7677373886108398
87732 28 0.7665109634399414
29656 48 0.7662246823310852
36876 28 0.7658174633979797
18686 48 0.7655401825904846
50469 48 0.765167236328125
11737 48 0.764743447303772
37200 48 0.7646048069000244
65307 48 0.7645995020866394
54530 28 0.7637253999710083
19727 29 0.7618611454963684
32690 29 0.7618321180343628
32549 29 0.7603421211242676
48259 29 0.7602232098579407
30936 48 0.7601620554924011
28969 23 0.7600137591362
75628 48 0.7586996555328369
11327 48 0.7586167454719543
42453 48 0.7567415237426758
11366 48 0.7562971711158752
37078 48 0.7561916708946228
37654 48 0.7559971213340759
68825 28 0.7552908062934875
71625 48 0.7550995945930481
69455 28 0.7544195055961609
10239 28 0.7541923522949219
15325 28 0.7537989616394043
11624 48 0.7530967593193054
31275 29 0.7527331709861755
56970 29 0.7527021169662476
52863 48 0.7525460720062256
11577 48 0.7524181008338928
53091 28 0.7518134117126465
64037 28 0.7515568733215332
20251 29 0.7515047788619995
55081 28 0.7513056397438049
11470 48 0.7507275342941284
32524 28 0.7506091594696045
37723 48 0.7506030201911926
34473 28 0.7505174875259399
83995 48 0.7503231167793274
82400 48 0.7499109506607056
87110 28 0.7487705945968628
49353 48 0.7487407326698303
15620 48 0.7485888600349426
15406 48 0.7481536269187927
31704 36 0.7479797601699829
11671 48 0.7476224899291992
29821 29 0.7470725774765015
25843 48 0.7470483183860779
54227 48 0.7465288043022156
7137 48 0.746525228023529
11596 48 0.7459166049957275
94414 48 0.74580317735672
48797 48 0.745532214641571
52458 28 0.7446689009666443
80417 29 0.7445341944694519
54156 48 0.7444981932640076
91408 28 0.7444850206375122
7082 28 0.7442795634269714
54711 48 0.7436573505401611
29493 48 0.7435816526412964
84925 48 0.7431173324584961
72440 28 0.7429315447807312
61515 48 0.7413612008094788
35274 29 0.7411761283874512
27314 28 0.7410251498222351
68663 29 0.7409242391586304
65979 48 0.7398720979690552
54329 28 0.7397590279579163
34759 28 0.7393772006034851
11676 48 0.7393082976341248
69080 28 0.7392336130142212
57092 28 0.738952100276947
24864 28 0.7386646270751953
39759 28 0.7366784811019897
11606 48 0.7365788221359253
81183 48 0.7360331416130066
83324 28 0.735510528087616
35881 24 0.7354266047477722
65311 48 0.7348181009292603
11504 48 0.7346641421318054
72624 28 0.7345806956291199
71634 48 0.7344086766242981
82603 29 0.7335688471794128
26166 29 0.7334824204444885
71181 8 0.7333084344863892
11662 48 0.7331490516662598
4061 29 0.7309527397155762
11355 48 0.730780303478241
4068 28 0.730709433555603
73685 28 0.7296460270881653
83533 28 0.7296279668807983
34764 29 0.7289757132530212
79693 28 0.728216290473938
88136 8 0.7279359698295593
52588 48 0.7273701429367065
64546 48 0.7269786596298218
15483 48 0.726915717124939
2850 28 0.7265955805778503
31072 48 0.7264659404754639
11319 48 0.7263665795326233
11268 48 0.7263105511665344
27811 28 0.7262847423553467
60594 29 0.7260342240333557
28058 28 0.7253428101539612
48203 28 0.7249904274940491
29506 48 0.7246991991996765
37960 28 0.7242543697357178
61484 48 0.7238815426826477
21994 48 0.723442018032074
85005 48 0.7233117818832397
38916 29 0.7227742671966553
62820 48 0.7221445441246033
85574 24 0.7219905257225037
87096 28 0.7219279408454895
12980 48 0.7218325734138489
31066 48 0.7217597961425781
17528 28 0.7216137647628784
76409 48 0.7208942174911499
49418 28 0.7208093404769897
22145 48 0.7206690311431885
84948 48 0.7203776240348816
79770 48 0.7201550602912903
84970 48 0.7192683219909668
85007 48 0.7191978096961975
18351 36 0.7191894054412842
28114 29 0.71869957447052
59508 48 0.7182934880256653
67223 28 0.7179554104804993
41864 29 0.7168898582458496
37058 48 0.7160120606422424
69696 28 0.7159119248390198
61470 48 0.7156693339347839
59682 48 0.7154212594032288
30468 28 0.7150560021400452
53392 29 0.7148040533065796
46686 29 0.7144968509674072
172 23 0.7139590978622437
79225 28 0.7128925919532776
37633 48 0.7128034830093384
49227 28 0.7116570472717285
15450 48 0.71160489320755
35669 29 0.7114284634590149
19153 28 0.7113646864891052
77244 28 0.7111753821372986
48821 48 0.7110490202903748
12561 28 0.7103992104530334
11947 36 0.7082776427268982
11566 48 0.7077454328536987
5553 48 0.706014096736908
39313 28 0.7056228518486023
22075 48 0.7045469284057617
84966 48 0.7041841745376587
11704 48 0.7041248083114624
94761 48 0.7037398815155029
56749 48 0.7034484148025513
61540 48 0.7033770084381104
37621 48 0.7026905417442322
21820 29 0.7026863098144531
87639 48 0.7023756504058838
29023 29 0.7022051811218262
87271 28 0.7021321654319763
50013 48 0.7011981010437012
28941 28 0.7010188698768616
75093 48 0.7006049752235413
11582 48 0.6991987228393555
29699 48 0.6987909078598022
67497 28 0.6984850764274597
75028 24 0.6984419226646423
69174 29 0.6983634829521179
26539 28 0.6977782249450684
48743 29 0.6975212693214417
49921 48 0.696767270565033
49884 48 0.696683943271637
49364 48 0.6965448260307312
59414 48 0.6962116360664368
59658 48 0.6960299015045166
66614 48 0.6959455609321594
61528 48 0.6953967809677124
83198 29 0.6948033571243286
79821 48 0.6947504281997681
58344 48 0.6944918632507324
30307 28 0.6943438649177551
17824 28 0.6939446330070496
82910 29 0.6932458877563477
77937 28 0.6932177543640137
22818 28 0.6928342580795288
47057 24 0.6927112936973572
36368 28 0.6919693350791931
23877 28 0.6898366808891296
37354 48 0.6897725462913513
47101 28 0.689673125743866
6129 48 0.6895012855529785
73747 48 0.6894952654838562
65417 48 0.6894257068634033
13100 28 0.6887896060943604
68898 28 0.6886202692985535
87060 28 0.6882509589195251
29624 48 0.686623752117157
79436 48 0.6864665150642395
89390 48 0.685458779335022
47141 28 0.6851552128791809
69232 6 0.6849579215049744
72049 28 0.6845000982284546
16696 48 0.6835707426071167
8179 29 0.6833971738815308
13406 36 0.6832559108734131
2427 48 0.6832391619682312
67043 6 0.68318110704422
48346 29 0.6825207471847534
79508 48 0.6822516322135925
31094 48 0.6820340752601624
21732 29 0.6817092299461365
31012 48 0.6812125444412231
15432 48 0.6811797618865967
85009 48 0.6809141039848328
63253 28 0.6804680228233337
57389 29 0.6800276041030884
29542 48 0.679411768913269
2469 48 0.6789568066596985
34760 28 0.6785094738006592
19028 29 0.6778722405433655
41456 29 0.6778499484062195
3359 28 0.6772885322570801
37122 48 0.6768499612808228
59129 28 0.6767807602882385
3932 48 0.6764137744903564
52382 48 0.6760602593421936
46741 6 0.6758743524551392
72146 29 0.6758703589439392
59384 48 0.6757858395576477
21527 8 0.6753265857696533
72406 28 0.6752001643180847
36557 28 0.674322783946991
68022 28 0.6742034554481506
60755 48 0.6741791367530823
29819 8 0.6735104918479919
14683 48 0.6733703017234802
45517 24 0.6731539368629456
55987 28 0.6731445789337158
11256 48 0.672256588935852
54165 48 0.6719416379928589
60910 48 0.6714795827865601
11612 48 0.6712114214897156
48145 28 0.6711124181747437
60903 48 0.6705204844474792
36793 29 0.6702378392219543
47066 48 0.6700368523597717
30842 48 0.6695315837860107
34464 29 0.6695064902305603
49369 48 0.668999969959259
12528 28 0.668776273727417
92461 28 0.6684098243713379
37438 48 0.6681951880455017
51984 48 0.667092502117157
77155 48 0.6669710874557495
17950 8 0.6666070818901062
57250 29 0.6661549210548401
22087 48 0.6656417846679688
33814 29 0.665393590927124
54798 48 0.6653459668159485
52814 48 0.6644980311393738
29512 48 0.6643570065498352
37524 48 0.6641184687614441
16586 28 0.66367107629776
87634 48 0.663232684135437
30338 29 0.6630557179450989
57118 29 0.6630262136459351
94778 48 0.6629220843315125
29317 28 0.662840723991394
55376 8 0.662807285785675
11179 48 0.6626081466674805
21972 48 0.6624152064323425
29499 48 0.6621100306510925
51621 29 0.6609524488449097
21825 28 0.6607726216316223
11485 48 0.660702109336853
22193 48 0.6601332426071167
18333 36 0.6595790982246399
54704 48 0.6584861874580383
3496 28 0.6582304239273071
20385 48 0.6581515073776245
65736 29 0.6573004722595215
73528 28 0.6570242643356323
57601 28 0.6569004654884338
59868 48 0.6566123366355896
41849 28 0.6565899848937988
65401 48 0.6565638780593872
74661 29 0.6559844017028809
36952 48 0.6557624936103821
11510 48 0.6555496454238892
21384 29 0.6552582383155823
54121 48 0.6552314758300781
84991 48 0.6551642417907715
24228 48 0.6551384329795837
93891 28 0.65513676404953
15574 48 0.6548524498939514
45922 28 0.6539605855941772
11756 48 0.6539375185966492
54421 29 0.6538832783699036
30867 48 0.653020977973938
46075 28 0.6525394320487976
66561 48 0.6521236896514893
57344 28 0.6520818471908569
71476 28 0.6519139409065247
41606 29 0.6510419845581055
48008 48 0.6508645415306091
28445 8 0.6503353714942932
37835 28 0.6498626470565796
16258 28 0.6495793461799622
67564 29 0.6495255827903748
26984 29 0.6492781639099121
61354 28 0.6484518051147461
83552 28 0.6484237313270569
29498 48 0.6484088897705078
10238 28 0.6478950381278992
49907 48 0.6478555202484131
1839 28 0.6475595831871033
47876 28 0.6475197672843933
19102 1 0.6473841071128845
77481 23 0.6473443508148193
67748 28 0.6470457911491394
52886 48 0.6456820964813232
7032 36 0.6452556252479553
16386 28 0.6447321772575378
23226 28 0.6445983648300171
80100 28 0.6444807648658752
15558 48 0.644106388092041
71766 48 0.644024670124054
10278 23 0.6437928676605225
11325 48 0.6435235738754272
75103 48 0.6428098082542419
62606 28 0.6424077749252319
41359 29 0.6419055461883545
20041 8 0.6415418982505798
34599 28 0.6409144401550293
81515 28 0.6408427357673645
13463 6 0.6403216123580933
31815 29 0.6402518153190613
31191 29 0.6402426362037659
37754 48 0.6399869918823242
61452 48 0.6399022340774536
4945 29 0.6396781206130981
65673 48 0.6387907862663269
59828 48 0.6384103298187256
3799 28 0.6381754875183105
29380 48 0.6378276944160461
34847 29 0.6376972198486328
76551 48 0.6376276016235352
1673 48 0.6376011967658997
22286 48 0.6374788284301758
54131 48 0.6372228264808655
75635 48 0.637003481388092
52783 28 0.6369985938072205
38676 28 0.6363303661346436
66674 48 0.6363189220428467
51316 29 0.6357043385505676
22065 48 0.635661780834198
51115 28 0.6355587840080261
37515 48 0.6355535984039307
20962 8 0.6353658437728882
61500 48 0.634905993938446
11723 48 0.6347377300262451
41952 28 0.6344068050384521
68579 24 0.6343465447425842
68165 29 0.6340196132659912
24514 29 0.6335834860801697
46411 28 0.6333994269371033
30790 48 0.633289635181427
49386 48 0.6331092715263367
29605 48 0.6326270699501038
52032 48 0.6316496133804321
11647 48 0.6315659284591675
50496 48 0.6315008997917175
2386 48 0.6310988068580627
86508 29 0.6304032206535339
28336 29 0.6303433179855347
39097 28 0.6301963329315186
49316 48 0.6301071047782898
50724 28 0.6299266815185547
63876 29 0.6295250654220581
42027 28 0.6286801695823669
77028 48 0.6285470128059387
76434 48 0.6285071969032288
47687 36 0.6281538009643555
79450 48 0.6281437277793884
29474 48 0.6271114349365234
79838 48 0.6269247531890869
30263 28 0.626641035079956
50387 29 0.6264004111289978
15444 48 0.6254134178161621
37141 48 0.6251434683799744
18280 36 0.6248295307159424
70372 29 0.6247813701629639
12399 48 0.6245970129966736
30844 48 0.6241124868392944
21920 48 0.6239399909973145
58115 48 0.6236595511436462
58019 48 0.62357097864151
57420 24 0.623397946357727
32694 29 0.6226855516433716
90251 48 0.6214109659194946
28373 28 0.6212234497070312
20343 29 0.6212171316146851
11672 48 0.6210176348686218
38297 48 0.6208270192146301
65649 48 0.6206642389297485
25911 29 0.6204947829246521
1711 48 0.620460569858551
36206 29 0.620369017124176
75323 48 0.6194548606872559
58629 48 0.6194350123405457
39964 28 0.6193965077400208
37220 28 0.6185064911842346
11670 48 0.6183258295059204
71993 29 0.6182330250740051
80555 48 0.6179393529891968
48072 48 0.6178819537162781
61200 28 0.6177116632461548
18484 28 0.6175984144210815
16742 28 0.617315411567688
30472 28 0.6166166663169861
11632 48 0.6165602207183838
11722 48 0.6163380742073059
58655 6 0.6162112951278687
54115 48 0.6160363554954529
20470 28 0.6152150630950928
64381 24 0.6151502728462219
7109 48 0.6140159964561462
38208 48 0.6140002012252808
61443 48 0.6138297915458679
70022 1 0.6138112545013428
58047 48 0.6137587428092957
75109 48 0.6134032011032104
79596 28 0.6133531332015991
25951 48 0.6132927536964417
29287 28 0.6126574873924255
95572 28 0.6122511029243469
37045 48 0.6120392084121704
93907 28 0.6116399168968201
82472 29 0.6115460991859436
73417 29 0.6112333536148071
30955 48 0.6107970476150513
14858 28 0.6100181341171265
75316 48 0.6097208857536316
71651 48 0.609225869178772
79887 29 0.6090831756591797
87116 28 0.6087938547134399
72618 24 0.6087777614593506
11503 48 0.6087256073951721
29504 48 0.6086758375167847
36177 29 0.6083438396453857
29842 24 0.608128011226654
59294 48 0.6080034375190735
20469 29 0.6079369783401489
84928 48 0.607662558555603
61806 28 0.6071196794509888
73807 29 0.6069016456604004
65374 48 0.606805682182312
50412 48 0.6066405773162842
68856 24 0.6066142916679382
18885 29 0.6062310934066772
85969 48 0.6057243347167969
11476 48 0.6053643822669983
69975 28 0.6053556203842163
53322 48 0.6051708459854126
67390 36 0.6046563982963562
37063 48 0.6039818525314331
62238 8 0.6022977828979492
69849 29 0.6022626757621765
49957 48 0.6022375226020813
87150 28 0.6012520790100098
6648 28 0.6011571884155273
29701 48 0.6010227799415588
39514 28 0.6009632349014282
6760 29 0.6004391312599182
72623 28 0.6002021431922913
79678 48 0.600143551826477
30985 48 0.6000176668167114
18452 29 0.5998764038085938
11373 48 0.5998607277870178
87946 28 0.5997396111488342
22413 48 0.5994512438774109
11467 48 0.5993516445159912
4832 28 0.5992785096168518
37019 48 0.5992711782455444
76509 48 0.5988369584083557
55250 48 0.5981898307800293
67581 29 0.5980096459388733
74416 28 0.5976949334144592
65312 48 0.5970744490623474
73683 28 0.5966941118240356
74479 29 0.5966317057609558
47455 48 0.5965577363967896
84848 28 0.5960542559623718
36202 6 0.5958280563354492
16713 48 0.5955193042755127
1228 28 0.5953772068023682
41948 28 0.5950121283531189
24171 48 0.5948912501335144
71343 29 0.5948472023010254
71539 28 0.5947864651679993
91815 28 0.5943771600723267
24547 28 0.5942584276199341
37599 48 0.5942286849021912
11858 28 0.5928555727005005
75451 48 0.5922858715057373
8672 28 0.5920916199684143
48905 48 0.5906855463981628
93530 28 0.5906398892402649
30993 48 0.5904134511947632
11593 48 0.5896500945091248
1661 48 0.5894836783409119
11574 48 0.5887024998664856
53403 48 0.5877934694290161
89597 48 0.5873374342918396
84926 48 0.5871174335479736
8796 29 0.5865159630775452
49562 24 0.5859135985374451
86762 48 0.5855917930603027
82104 8 0.5854241251945496
11342 48 0.5854155421257019
14506 28 0.5850769281387329
37125 48 0.584932804107666
63921 28 0.5847465395927429
25723 28 0.5843021869659424
23227 8 0.5836526155471802
73310 29 0.5827183127403259
48554 28 0.5826863646507263
81040 48 0.582629382610321
77007 48 0.582484245300293
21166 36 0.5815524458885193
11354 48 0.5814915895462036
86375 48 0.581413984298706
51979 48 0.5808992981910706
30973 48 0.5801523327827454
26781 29 0.5799853205680847
75512 48 0.5798308849334717
55536 48 0.5796962976455688
29199 28 0.5791940093040466
18120 36 0.5791397094726562
67782 29 0.5789591073989868
75500 48 0.5785833597183228
48019 48 0.5780117511749268
64542 48 0.5778817534446716
39471 28 0.5777652263641357
15411 48 0.5775830149650574
67150 28 0.5770419836044312
11405 48 0.5768269300460815
11383 48 0.5765610337257385
65566 29 0.5760665535926819
67555 28 0.5758317708969116
52548 29 0.5753477215766907
58226 48 0.57527756690979
16086 8 0.5750613808631897
84247 48 0.5749984383583069
65393 48 0.5748506784439087
93018 8 0.5747758150100708
27581 29 0.5747559666633606
85949 48 0.5745269060134888
42171 29 0.5744977593421936
54117 48 0.574119508266449
85015 48 0.5739729404449463
68145 29 0.5739219188690186
76118 28 0.5735743045806885
33697 36 0.5732629299163818
78453 48 0.5732610821723938
31542 48 0.5731996893882751
56685 28 0.5729167461395264
11758 48 0.5728965401649475
55474 48 0.5725265741348267
38471 8 0.572501003742218
54182 48 0.5722677707672119
27488 9 0.5721487998962402
30859 48 0.5721128582954407
15469 48 0.5720282793045044
33735 28 0.5715553164482117
39869 48 0.5713633894920349
83616 28 0.5711309313774109
53221 29 0.5711035132408142
74425 36 0.5709995031356812
49983 48 0.5708611607551575
69472 8 0.5702527761459351
91279 29 0.5701920390129089
4682 28 0.5698946118354797
84877 48 0.5695636868476868
94712 48 0.5695469379425049
38588 48 0.5694804191589355
7501 48 0.5694583058357239
22758 24 0.5693197846412659
48426 29 0.5691107511520386
29327 48 0.5691014528274536
65439 48 0.5690513849258423
79351 29 0.5679162740707397
11729 48 0.5678871273994446
16955 29 0.5678022503852844
49163 28 0.5676124095916748
33929 28 0.5675982236862183
72337 29 0.5675285458564758
11525 48 0.5672367811203003
11807 48 0.5671971440315247
28524 48 0.5669297575950623
5045 23 0.5666542053222656
34421 29 0.5664826035499573
37433 48 0.5660873055458069
71816 48 0.5656623244285583
78631 48 0.5653998851776123
32700 28 0.5648168921470642
21173 36 0.5642058253288269
72539 28 0.564045786857605
29354 48 0.5639922618865967
65723 48 0.5639504790306091
73264 36 0.5639160871505737
91856 28 0.5636629462242126
87495 48 0.5633478760719299
12558 28 0.5626083016395569
29996 29 0.5624966621398926
11559 48 0.5621523857116699
37410 48 0.5621321201324463
58061 48 0.5619922876358032
49009 29 0.5619562268257141
59347 48 0.5617418885231018
22732 29 0.5610238909721375
50409 48 0.5610066056251526
33041 36 0.5608958601951599
51274 8 0.5607732534408569
49347 48 0.5603607892990112
83638 24 0.5601916909217834
79765 48 0.5600057244300842
85013 48 0.5599910616874695
84942 48 0.5598803758621216
19992 28 0.5597023367881775
86669 28 0.5593374967575073
11783 48 0.5591576099395752
23874 29 0.5589333176612854
33324 1 0.5588849782943726
39533 28 0.5588057637214661
37927 48 0.5584962368011475
59376 48 0.5584548711776733
50731 28 0.5584276914596558
74013 8 0.5577601790428162
44723 28 0.5576676726341248
73377 8 0.5576568245887756
15996 28 0.5573278665542603
79776 48 0.5572801232337952
73249 28 0.5572687983512878
69973 29 0.5572617053985596
59305 48 0.5572601556777954
85295 48 0.5570071935653687
28883 28 0.5566306114196777
68002 29 0.5565850138664246
76886 48 0.5560125708580017
47997 48 0.5558594465255737
65441 48 0.5558543801307678
37238 48 0.5557254552841187
30623 8 0.5555283427238464
11719 48 0.5554366111755371
11462 48 0.5551328659057617
60311 24 0.5551072955131531
11651 48 0.5549291968345642
42024 8 0.5546904802322388
35662 29 0.5542107224464417
34494 28 0.553848147392273
60199 48 0.5537652969360352
39582 28 0.5536450743675232
50446 48 0.5529459714889526
48050 48 0.5525727272033691
37598 48 0.5525103211402893
37204 28 0.5521830320358276
11751 48 0.552008867263794
52828 48 0.5518501996994019
35589 29 0.5514587759971619
93505 48 0.5512607097625732
73658 28 0.5512060523033142
39898 29 0.5509267449378967
72554 28 0.5503879189491272
11685 48 0.5503820180892944
20473 29 0.5503342747688293
82138 28 0.5496670007705688
39322 29 0.5490095019340515
8628 36 0.5489922165870667
37458 48 0.5484317541122437
86374 48 0.5481224060058594
77732 24 0.5479954481124878
2458 48 0.5479077696800232
4902 8 0.5473935604095459
70072 8 0.5473371744155884
91165 28 0.5472788214683533
46412 28 0.5471048355102539
84921 48 0.5470897555351257
15881 36 0.5470572113990784
29684 48 0.5468968152999878
51521 48 0.5467604398727417
75128 48 0.5465717315673828
18082 36 0.5462315678596497
29355 48 0.5456444025039673
18024 8 0.5455384850502014
34422 29 0.545342743396759
11668 48 0.5449250936508179
55432 48 0.5448599457740784
54066 29 0.5447849631309509
86363 24 0.5444054007530212
14855 28 0.5442200899124146
66622 48 0.5441992878913879
76109 8 0.5438132286071777
66683 48 0.5434595346450806
37686 48 0.543221652507782
74420 28 0.5431808233261108
80748 48 0.5431268215179443
28178 29 0.5430020093917847
30650 8 0.5429393649101257
9661 28 0.5426724553108215
64592 48 0.542309045791626
93599 48 0.5422622561454773
50813 48 0.5421496033668518
90648 28 0.5419961810112
47060 48 0.5417227745056152
73205 36 0.5414424538612366
48031 48 0.5412609577178955
77012 48 0.5411415100097656
79339 28 0.5411065816879272
77635 28 0.5407767295837402
57639 48 0.5407620668411255
77280 29 0.5406401753425598
29422 48 0.5403091311454773
67905 28 0.5398722290992737
37443 48 0.5398625135421753
29870 36 0.5398334264755249
7081 6 0.5397675633430481
54642 28 0.5386611819267273
4710 23 0.5384110808372498
19244 28 0.5383660793304443
47856 29 0.5381616950035095
64306 28 0.5380460619926453
37952 48 0.5379652380943298
42031 29 0.5377647280693054
16590 48 0.5377591848373413
36107 28 0.5376498103141785
79459 48 0.5375660061836243
76703 8 0.5374332070350647
65423 48 0.5368900299072266
48658 29 0.5368112325668335
53243 36 0.5365793108940125
3711 1 0.5364868640899658
11468 48 0.5363159775733948
75253 48 0.5361208319664001
11740 48 0.535982072353363
64615 48 0.5359455943107605
17826 29 0.535281777381897
84829 48 0.5351549386978149
58534 28 0.5350487232208252
11602 48 0.5345512628555298
22194 48 0.5344248414039612
50495 48 0.5338233709335327
31137 8 0.5334867835044861
29597 48 0.5334100127220154
62597 28 0.5331183671951294
85025 48 0.5327250361442566
12200 48 0.5326929688453674
36386 29 0.532453715801239
75393 28 0.5323451161384583
79451 48 0.5322357416152954
58781 28 0.5321947336196899
82257 29 0.5321822166442871
34420 29 0.5319260358810425
7421 28 0.5317502617835999
53261 48 0.5317376852035522
27489 29 0.5317137241363525
27019 8 0.5316175222396851
68019 29 0.5315465927124023
79841 48 0.5314661860466003
93466 1 0.5304261445999146
31083 48 0.5300424098968506
77751 36 0.5300275683403015
61217 28 0.5299794673919678
67231 6 0.5297090411186218
61545 48 0.5296657681465149
28385 36 0.5294803380966187
15562 48 0.529392659664154
80422 29 0.5282450914382935
11683 48 0.5273188352584839
76962 48 0.5272612571716309
19688 28 0.5271127820014954
37457 48 0.5269341468811035
74083 28 0.5262706279754639
82197 28 0.5262349843978882
75196 36 0.5257598757743835
12532 28 0.5256347060203552
50012 48 0.5255095958709717
81899 29 0.5254083871841431
57588 8 0.5250505208969116
11627 48 0.5249742865562439
58338 48 0.5245679616928101
30202 6 0.5245148539543152
50004 48 0.5242419838905334
51194 28 0.5239713191986084
67583 29 0.5236942172050476
2741 28 0.5236537456512451
88549 24 0.5235844254493713
11616 48 0.5232142210006714
76760 48 0.523127555847168
84941 48 0.5230826735496521
84506 48 0.5229495167732239
57443 8 0.5229315757751465
27702 8 0.5217844247817993
49908 48 0.5215904116630554
11576 48 0.5215727090835571
68806 29 0.5214624404907227
74480 29 0.5199191570281982
86531 9 0.5198220014572144
80633 48 0.5194281935691833
71513 29 0.5193698406219482
23688 28 0.5188665986061096
57943 24 0.5187292098999023
84985 48 0.5186887383460999
63250 8 0.5184942483901978
29679 48 0.5181360244750977
62663 29 0.5179797410964966
83309 28 0.5179237127304077
51940 48 0.5177979469299316
41865 29 0.5176900029182434
24585 6 0.5173470377922058
11696 48 0.5173227190971375
74333 48 0.5172991156578064
26985 29 0.5170795321464539
39071 28 0.5166019201278687
22956 29 0.5164355039596558
80103 29 0.5162631869316101
11679 48 0.5160534381866455
22949 1 0.51527339220047
48083 48 0.5151881575584412
39233 28 0.5151299834251404
86638 28 0.514639675617218
63905 8 0.514596700668335
87713 29 0.5142897963523865
74556 36 0.5142340660095215
18534 28 0.513948380947113
49414 48 0.5138511657714844
38712 23 0.513367772102356
27282 29 0.5132029056549072
37002 48 0.5130084753036499
3674 48 0.5129934549331665
22737 29 0.512732744216919
74094 28 0.5126487016677856
41298 28 0.5119274258613586
67329 29 0.5117741227149963
62931 48 0.511466920375824
37039 48 0.5113598108291626
71824 48 0.5113465189933777
51700 8 0.5110155344009399
18064 36 0.5109943151473999
24948 48 0.5108610987663269
37810 48 0.5106672644615173
62080 28 0.5105702877044678
71686 48 0.5104303956031799
7387 48 0.5101682543754578
11333 48 0.5100879073143005
38177 48 0.5093570351600647
92270 48 0.5093004703521729
77652 8 0.5091729760169983
16134 1 0.5091166496276855
19315 48 0.5089401602745056
51496 28 0.5085384845733643
75068 28 0.5085192918777466
34542 1 0.508464515209198
74254 48 0.5076218247413635
75256 48 0.5075733065605164
15532 48 0.5068690180778503
33365 28 0.506691038608551
48566 36 0.506450355052948
77017 48 0.5064235329627991
32071 29 0.5064147710800171
7698 48 0.5063686966896057
58788 28 0.5063639283180237
29596 48 0.5061108469963074
28374 8 0.5054414868354797
49879 48 0.5052165985107422
72430 28 0.5051412582397461
37263 48 0.5050561428070068
30353 29 0.5049045085906982
16655 48 0.5048781037330627
29393 48 0.5047187805175781
72564 28 0.5046398639678955
73349 29 0.5045937299728394
17827 28 0.5044519901275635
17268 28 0.5044412612915039
53309 29 0.5040104389190674
26032 8 0.5038186311721802
73034 29 0.5035349726676941
61585 28 0.503217875957489
11446 48 0.5027251243591309
65513 29 0.5026282072067261
68499 9 0.5025624632835388
36218 29 0.502064049243927
60071 6 0.5019897818565369
75497 48 0.5019875168800354
15453 48 0.5018397569656372
84892 48 0.5015515089035034
25049 8 0.501537561416626
79382 8 0.501338005065918
10794 48 0.5013284087181091
36221 29 0.5012052655220032
64300 8 0.5010955333709717
25720 29 0.5010736584663391
79216 29 0.500889778137207
20915 29 0.5008714199066162
37207 48 0.5006133913993835
29617 48 0.5003908276557922
65317 48 0.500180721282959
52825 48 0.5000796318054199
27117 8 0.49983805418014526
34121 6 0.49973711371421814
5735 36 0.49965429306030273
88069 24 0.49963632225990295
80802 8 0.4993704855442047
48932 48 0.4993346333503723
49997 48 0.49923864006996155
26348 36 0.4989900290966034
49470 8 0.4989326298236847
51728 29 0.4987220764160156
55069 8 0.49862709641456604
1988 28 0.4981735646724701
82449 8 0.49802568554878235
37115 48 0.497690886259079
55340 48 0.49758923053741455
34321 29 0.4973643124103546
75560 28 0.4973633587360382
28399 28 0.4971483051776886
41620 29 0.49652722477912903
71829 48 0.495761513710022
14504 28 0.49533146619796753
83329 24 0.4948898255825043
94701 1 0.4946760833263397
70002 8 0.4945984184741974
61962 28 0.4934881627559662
51322 29 0.49250590801239014
37304 48 0.49068114161491394
58710 28 0.49047422409057617
14964 8 0.4904300570487976
63868 6 0.49023911356925964
58429 48 0.4900982677936554
18074 36 0.48965516686439514
49213 29 0.48886939883232117
3798 36 0.48871907591819763
69536 8 0.4886472821235657
68601 8 0.48798513412475586
79359 8 0.4877671003341675
75592 48 0.48713409900665283
74096 6 0.48668286204338074
75580 49 0.4860695004463196
4493 29 0.4856710135936737
31816 29 0.4853297472000122
68179 8 0.48530682921409607
66990 8 0.4850656986236572
17004 28 0.4849729835987091
91613 23 0.4842616617679596
60033 6 0.4841945767402649
57031 29 0.48396819829940796
48220 8 0.48389101028442383
55062 8 0.4836882948875427
35071 28 0.4825001060962677
68049 29 0.48178571462631226
79430 48 0.4813927710056305
27355 28 0.48137420415878296
72329 29 0.4806576371192932
37444 48 0.4801006317138672
43925 8 0.4792107939720154
9303 36 0.4788915812969208
76194 8 0.4788246750831604
1640 48 0.47807517647743225
17966 28 0.4780636727809906
77347 9 0.47792142629623413
38116 48 0.4778192341327667
20333 29 0.47724494338035583
48120 6 0.47651898860931396
81086 36 0.4759005308151245
72079 8 0.47586822509765625
1270 48 0.47584307193756104
49085 29 0.47574612498283386
1866 28 0.47543302178382874
14965 28 0.47528842091560364
74762 36 0.47507524490356445
17431 28 0.4750065505504608
26124 28 0.4745868742465973
38906 29 0.4739904999732971
8861 29 0.47362300753593445
21536 36 0.47319427132606506
33228 8 0.4729652404785156
28575 8 0.4726240336894989
51749 24 0.4720924496650696
34767 29 0.4709323048591614
81645 8 0.4705614149570465
48317 8 0.47054484486579895
72047 8 0.46997973322868347
47682 8 0.4695904552936554
51694 8 0.46945515275001526
21442 28 0.4690025746822357
66992 8 0.46878281235694885
29896 8 0.46854135394096375
28818 8 0.468372106552124
58163 48 0.46821796894073486
18824 36 0.46766534447669983
79421 48 0.4673387408256531
69898 29 0.4671478271484375
57796 28 0.46699610352516174
83212 8 0.4668998718261719
81476 29 0.46687009930610657
41484 8 0.466206431388855
18903 28 0.4660309851169586
24512 29 0.46580854058265686
57313 8 0.4657895863056183
64236 8 0.4651736319065094
56907 8 0.4650934636592865
56392 8 0.4645426869392395
57257 8 0.4634726345539093
24987 8 0.4634357690811157
67608 24 0.46330440044403076
63087 29 0.4631789028644562
19711 8 0.4626828730106354
74095 28 0.46261271834373474
60542 8 0.46260154247283936
20466 28 0.4618702232837677
79378 8 0.4618198275566101
19184 8 0.46090081334114075
21505 8 0.4602207839488983
7007 48 0.46020397543907166
62242 8 0.4601761996746063
20518 8 0.4597495198249817
1324 28 0.4572194516658783
12438 28 0.45708492398262024
84671 28 0.45683538913726807
47121 8 0.45597973465919495
18084 36 0.45547327399253845
64249 36 0.45384252071380615
79636 48 0.45376184582710266
18117 36 0.45365849137306213
83748 28 0.453124463558197
12125 8 0.45264074206352234
51208 1 0.45228511095046997
39303 28 0.45218199491500854
17971 8 0.45143142342567444
13095 8 0.45118919014930725
36661 8 0.45062485337257385
68864 48 0.4504093825817108
29030 8 0.4503212571144104
85940 8 0.45006728172302246
68907 8 0.44953471422195435
77670 28 0.4494519531726837
67224 8 0.44925034046173096
20964 9 0.4487570822238922
67781 8 0.4486711621284485
69201 8 0.44840186834335327
20702 36 0.44804468750953674
35484 28 0.44798314571380615
83289 28 0.44641822576522827
4899 24 0.4461389183998108
42030 8 0.44488492608070374
30990 48 0.44461503624916077
19219 8 0.44451388716697693
20672 28 0.44445863366127014
80767 8 0.443991094827652
70862 8 0.44302937388420105
32485 8 0.4428305923938751
26898 36 0.44230955839157104
68458 1 0.4418756365776062
47228 23 0.44100844860076904
18891 8 0.44065970182418823
55338 48 0.44037961959838867
59852 48 0.43979963660240173
77988 36 0.4396025836467743
68608 36 0.43838733434677124
76110 8 0.43818554282188416
29811 8 0.438015341758728
67704 8 0.43730753660202026
88111 36 0.4368335008621216
19698 8 0.4365582764148712
18344 36 0.4365255832672119
51701 8 0.4341171085834503
62276 8 0.433187335729599
47776 9 0.4330858588218689
56997 28 0.4329872727394104
51518 29 0.4317008852958679
32874 8 0.43134674429893494
73446 36 0.43047434091567993
77004 8 0.4302021861076355
1399 28 0.43019723892211914
39614 8 0.4300537109375
8634 29 0.4300455152988434
15275 36 0.4286602735519409
75839 8 0.4286477267742157
55290 48 0.4274853467941284
32576 8 0.4274202585220337
71524 8 0.4267760217189789
36247 8 0.42556750774383545
91318 6 0.42497357726097107
68713 8 0.42477041482925415
18868 8 0.42445921897888184
34261 8 0.4244336783885956
86386 24 0.42434850335121155
62674 8 0.4240798056125641
53106 8 0.4236457049846649
67095 8 0.4231889843940735
53207 8 0.4227713644504547
57442 8 0.42270275950431824
27680 29 0.4226858913898468
48481 29 0.4220222532749176
49420 48 0.4217991530895233
38510 8 0.4217531979084015
6942 8 0.42114946246147156
33358 36 0.42110568284988403
29109 8 0.42080381512641907
62230 8 0.42069223523139954
76226 9 0.41992565989494324
45665 8 0.4193892180919647
46774 28 0.4190477728843689
53676 8 0.41867491602897644
59496 24 0.4181623160839081
46680 8 0.4179351031780243
68484 8 0.4176394045352936
26756 9 0.4167598783969879
36353 8 0.41592007875442505
68516 8 0.41587236523628235
71434 28 0.41565635800361633
46782 36 0.4149950444698334
75595 48 0.41470324993133545
59148 8 0.41465523838996887
42029 36 0.4142427444458008
34622 8 0.4142111837863922
27676 8 0.41264986991882324
86079 8 0.41202184557914734
34625 29 0.41161975264549255
59144 8 0.4114634394645691
59986 8 0.41095659136772156
29235 8 0.4108693599700928
13097 36 0.4107714593410492
74583 8 0.4100196659564972
7413 8 0.4100109338760376
29226 8 0.40894728899002075
74277 24 0.4084901809692383
43712 8 0.4083878695964813
63971 8 0.40757301449775696
56713 8 0.4068581163883209
95630 8 0.4058534502983093
69447 8 0.4051859378814697
39209 8 0.40512964129447937
21288 8 0.4048522710800171
66804 36 0.4037250876426697
69463 8 0.4036161005496979
47874 29 0.40352863073349
13245 8 0.40316903591156006
55134 8 0.4031642973423004
64385 8 0.40241575241088867
62013 36 0.401470422744751
1618 8 0.40125158429145813
8070 8 0.40000319480895996
20916 8 0.3994809687137604
34763 8 0.3984176516532898
67948 8 0.3980543315410614
12358 8 0.3977239429950714
68682 8 0.3969736695289612
48551 8 0.3965490460395813
74837 36 0.3965308368206024
55351 8 0.3962431848049164
28209 8 0.39600253105163574
21205 8 0.39587247371673584
67268 48 0.39364275336265564
36732 8 0.3927670121192932
31877 36 0.3914756774902344
7100 8 0.39096614718437195
38745 8 0.3907879590988159
28994 8 0.39055517315864563
1572 28 0.39012277126312256
18347 36 0.38961148262023926
2843 8 0.38943856954574585
27829 8 0.38914617896080017
19044 8 0.3883054256439209
48711 1 0.38680410385131836
20612 8 0.3865666687488556
17415 28 0.385982871055603
83610 8 0.3853757083415985
19485 9 0.3853383958339691
57292 29 0.38532593846321106
77250 8 0.38469022512435913
46775 8 0.3842286169528961
32855 8 0.38391900062561035
60801 48 0.38381659984588623
46703 8 0.38335052132606506
32662 8 0.38305577635765076
70609 36 0.38281047344207764
20126 36 0.3827420771121979
34211 8 0.38175103068351746
82912 23 0.38173192739486694
63592 36 0.3814682364463806
74563 8 0.3810250163078308
67731 8 0.3796805143356323
7031 36 0.37956690788269043
31765 48 0.3793182969093323
67776 8 0.3783067762851715
4462 36 0.37797465920448303
68093 8 0.3778937757015228
33744 8 0.3775915503501892
49603 8 0.37574586272239685
75670 8 0.375579297542572
59146 36 0.3755072057247162
27508 36 0.37485241889953613
25373 36 0.3745872974395752
31276 36 0.3739030957221985
20903 8 0.3733571469783783
43008 24 0.37298381328582764
69631 49 0.37039265036582947
18872 8 0.37016624212265015
33817 8 0.3700859844684601
39099 8 0.3698354661464691
84188 28 0.36911943554878235
52474 8 0.3689877688884735
67915 8 0.367828369140625
10717 8 0.3669103980064392
29755 8 0.3662757873535156
18601 8 0.36602160334587097
29297 8 0.36521944403648376
61808 9 0.3651333153247833
38711 8 0.364157497882843
42740 36 0.36352190375328064
80942 8 0.3620230257511139
27469 36 0.3612081706523895
50189 1 0.36052045226097107
19818 8 0.3600168526172638
22667 8 0.35950636863708496
2101 8 0.3594394624233246
73422 8 0.3592354953289032
14758 9 0.35908254981040955
67505 8 0.3589584231376648
69495 8 0.35721468925476074
19441 8 0.356594443321228
64981 8 0.35631051659584045
32919 8 0.35521167516708374
10218 8 0.35361379384994507
34629 8 0.35271960496902466
2979 8 0.3511383831501007
62507 9 0.3498367369174957
17819 8 0.3498252034187317
80937 28 0.3488762676715851
21122 8 0.348347932100296
27345 8 0.3475871682167053
8723 8 0.3467974066734314
64543 49 0.3462560772895813
87115 9 0.3454875648021698
50949 8 0.3451583981513977
34598 28 0.3436395823955536
71339 1 0.3426050543785095
50327 8 0.3424915671348572
84819 48 0.3409559428691864
56155 8 0.34043726325035095
82952 36 0.3395532965660095
82794 8 0.33921608328819275
27009 8 0.3384581208229065
80025 8 0.33834993839263916
8871 8 0.3380407392978668
74487 36 0.3378627896308899
56639 1 0.336284875869751
32992 36 0.33545681834220886
20961 28 0.3342466652393341
23808 24 0.33366191387176514
59468 48 0.3332115411758423
38885 36 0.33176928758621216
16584 8 0.32924145460128784
73424 36 0.3287973403930664
74092 8 0.3282611072063446
26404 8 0.32820865511894226
34496 8 0.3259390890598297
72212 8 0.32544413208961487
15882 36 0.31874385476112366
41351 8 0.31826403737068176
9171 28 0.3149357736110687
26763 8 0.3142735958099365
14953 36 0.3141825497150421
72041 8 0.3131182789802551
32763 8 0.3111058473587036
13452 9 0.310503214597702
79824 48 0.309631884098053
47102 8 0.30712878704071045
32082 8 0.3068094849586487
74747 8 0.3059372007846832
12362 8 0.3012341260910034
71736 49 0.30111047625541687
31984 8 0.30108046531677246
85309 48 0.29818180203437805
41955 8 0.2955632507801056
81384 8 0.2951714098453522
63613 8 0.2884594798088074
67862 36 0.2878919839859009
67097 8 0.2876279950141907
68832 36 0.2763107120990753
87908 8 0.2753889560699463
3795 36 0.2728564739227295
27659 8 0.271968811750412
32783 8 0.27098405361175537
78064 8 0.26250290870666504
73438 36 0.2624669075012207
35124 24 0.26152145862579346
56978 36 0.23125813901424408
67116 23 0.21532262861728668
