1.0 0.0
1.0 0.0005773672055427252
1.0 0.0011547344110854503
1.0 0.0017321016166281756
1.0 0.0023094688221709007
1.0 0.002886836027713626
0.8333333333333334 0.002886836027713626
0.7142857142857143 0.002886836027713626
0.625 0.002886836027713626
0.6666666666666666 0.003464203233256351
0.7 0.0040415704387990765
0.7272727272727273 0.004618937644341801
0.6666666666666666 0.004618937644341801
0.6923076923076923 0.005196304849884526
0.7142857142857143 0.005773672055427252
0.7333333333333333 0.006351039260969977
0.75 0.006928406466512702
0.7647058823529411 0.007505773672055427
0.7777777777777778 0.008083140877598153
0.7894736842105263 0.008660508083140877
0.75 0.008660508083140877
0.7619047619047619 0.009237875288683603
0.7272727272727273 0.009237875288683603
0.6956521739130435 0.009237875288683603
0.7083333333333334 0.009815242494226328
0.72 0.010392609699769052
0.6923076923076923 0.010392609699769052
0.6666666666666666 0.010392609699769052
0.6785714285714286 0.010969976905311778
0.6896551724137931 0.011547344110854504
0.7 0.01212471131639723
0.7096774193548387 0.012702078521939953
0.71875 0.013279445727482679
0.7272727272727273 0.013856812933025405
0.7058823529411765 0.013856812933025405
0.6857142857142857 0.013856812933025405
0.6944444444444444 0.014434180138568129
0.7027027027027027 0.015011547344110854
0.6842105263157895 0.015011547344110854
0.6666666666666666 0.015011547344110854
0.65 0.015011547344110854
0.6585365853658537 0.01558891454965358
0.6666666666666666 0.016166281755196306
0.6744186046511628 0.01674364896073903
0.6818181818181818 0.017321016166281754
0.6888888888888889 0.01789838337182448
0.6956521739130435 0.018475750577367205
0.7021276595744681 0.01905311778290993
0.7083333333333334 0.019630484988452657
0.7142857142857143 0.02020785219399538
0.72 0.020785219399538105
0.7058823529411765 0.020785219399538105
0.6923076923076923 0.020785219399538105
0.6981132075471698 0.021362586605080832
0.7037037037037037 0.021939953810623556
0.7090909090909091 0.022517321016166283
0.7142857142857143 0.023094688221709007
0.7192982456140351 0.02367205542725173
0.7241379310344828 0.02424942263279446
0.7288135593220338 0.024826789838337183
0.7333333333333333 0.025404157043879907
0.7213114754098361 0.025404157043879907
0.7258064516129032 0.025981524249422634
0.7142857142857143 0.025981524249422634
0.703125 0.025981524249422634
0.7076923076923077 0.026558891454965358
0.696969696969697 0.026558891454965358
0.7014925373134329 0.027136258660508082
0.7058823529411765 0.02771362586605081
0.6956521739130435 0.02771362586605081
0.7 0.028290993071593534
0.6901408450704225 0.028290993071593534
0.6944444444444444 0.028868360277136258
0.684931506849315 0.028868360277136258
0.6891891891891891 0.029445727482678985
0.6933333333333334 0.03002309468822171
0.6842105263157895 0.03002309468822171
0.6883116883116883 0.030600461893764433
0.6923076923076923 0.03117782909930716
0.6835443037974683 0.03117782909930716
0.6875 0.03175519630484989
0.691358024691358 0.03233256351039261
0.6829268292682927 0.03233256351039261
0.6867469879518072 0.032909930715935336
0.6785714285714286 0.032909930715935336
0.6705882352941176 0.032909930715935336
0.6744186046511628 0.03348729792147806
0.6781609195402298 0.034064665127020784
0.6704545454545454 0.034064665127020784
0.6741573033707865 0.03464203233256351
0.6666666666666666 0.03464203233256351
0.6703296703296703 0.03521939953810624
0.6630434782608695 0.03521939953810624
0.6559139784946236 0.03521939953810624
0.6595744680851063 0.03579676674364896
0.6526315789473685 0.03579676674364896
0.6458333333333334 0.03579676674364896
0.6494845360824743 0.036374133949191687
0.6428571428571429 0.036374133949191687
0.6464646464646465 0.03695150115473441
0.65 0.037528868360277134
0.6435643564356436 0.037528868360277134
0.6470588235294118 0.03810623556581986
0.6504854368932039 0.03868360277136259
0.6442307692307693 0.03868360277136259
0.638095238095238 0.03868360277136259
0.6320754716981132 0.03868360277136259
0.6261682242990654 0.03868360277136259
0.6203703703703703 0.03868360277136259
0.6238532110091743 0.03926096997690531
0.6272727272727273 0.03983833718244804
0.6306306306306306 0.04041570438799076
0.625 0.04041570438799076
0.6283185840707964 0.040993071593533485
0.6228070175438597 0.040993071593533485
0.6260869565217392 0.04157043879907621
0.6293103448275862 0.04214780600461894
0.6239316239316239 0.04214780600461894
0.6271186440677966 0.042725173210161664
0.6302521008403361 0.04330254041570439
0.625 0.04330254041570439
0.6198347107438017 0.04330254041570439
0.6229508196721312 0.04387990762124711
0.6260162601626016 0.044457274826789836
0.6209677419354839 0.044457274826789836
0.616 0.044457274826789836
0.6111111111111112 0.044457274826789836
0.6141732283464567 0.04503464203233257
0.609375 0.04503464203233257
0.6124031007751938 0.04561200923787529
0.6076923076923076 0.04561200923787529
0.6106870229007634 0.046189376443418015
0.6136363636363636 0.04676674364896074
0.6165413533834586 0.04734411085450346
0.6194029850746269 0.04792147806004619
0.6222222222222222 0.04849884526558892
0.6176470588235294 0.04849884526558892
0.6131386861313869 0.04849884526558892
0.6086956521739131 0.04849884526558892
0.6115107913669064 0.04907621247113164
0.6142857142857143 0.049653579676674366
0.6170212765957447 0.05023094688221709
0.6197183098591549 0.050808314087759814
0.6223776223776224 0.05138568129330254
0.6180555555555556 0.05138568129330254
0.6206896551724138 0.05196304849884527
0.6164383561643836 0.05196304849884527
0.6122448979591837 0.05196304849884527
0.6148648648648649 0.05254041570438799
0.610738255033557 0.05254041570438799
0.6133333333333333 0.053117782909930716
0.6158940397350994 0.05369515011547344
0.618421052631579 0.054272517321016164
0.6209150326797386 0.05484988452655889
0.6233766233766234 0.05542725173210162
0.6258064516129033 0.05600461893764434
0.6282051282051282 0.05658198614318707
0.6305732484076433 0.05715935334872979
0.6329113924050633 0.057736720554272515
0.6352201257861635 0.05831408775981524
0.6375 0.05889145496535797
0.6335403726708074 0.05889145496535797
0.6358024691358025 0.059468822170900694
0.6319018404907976 0.059468822170900694
0.6341463414634146 0.06004618937644342
0.6363636363636364 0.06062355658198614
0.6385542168674698 0.061200923787528866
0.6347305389221557 0.061200923787528866
0.6369047619047619 0.0617782909930716
0.6331360946745562 0.0617782909930716
0.6352941176470588 0.06235565819861432
0.6374269005847953 0.06293302540415704
0.6337209302325582 0.06293302540415704
0.630057803468208 0.06293302540415704
0.6264367816091954 0.06293302540415704
0.6285714285714286 0.06351039260969978
0.6306818181818182 0.06408775981524249
0.6271186440677966 0.06408775981524249
0.6292134831460674 0.06466512702078522
0.6312849162011173 0.06524249422632794
0.6333333333333333 0.06581986143187067
0.6353591160220995 0.06639722863741339
0.6373626373626373 0.06697459584295612
0.6338797814207651 0.06697459584295612
0.6304347826086957 0.06697459584295612
0.6324324324324324 0.06755196304849885
0.6344086021505376 0.06812933025404157
0.6310160427807486 0.06812933025404157
0.6329787234042553 0.0687066974595843
0.6349206349206349 0.06928406466512702
0.631578947368421 0.06928406466512702
0.6335078534031413 0.06986143187066975
0.6302083333333334 0.06986143187066975
0.6321243523316062 0.07043879907621248
0.6288659793814433 0.07043879907621248
0.6256410256410256 0.07043879907621248
0.6275510204081632 0.0710161662817552
0.6294416243654822 0.07159353348729793
0.6313131313131313 0.07217090069284064
0.628140703517588 0.07217090069284064
0.625 0.07217090069284064
0.6268656716417911 0.07274826789838337
0.6237623762376238 0.07274826789838337
0.625615763546798 0.07332563510392609
0.6225490196078431 0.07332563510392609
0.624390243902439 0.07390300230946882
0.6262135922330098 0.07448036951501155
0.6231884057971014 0.07448036951501155
0.6201923076923077 0.07448036951501155
0.6220095693779905 0.07505773672055427
0.6190476190476191 0.07505773672055427
0.6208530805687204 0.075635103926097
0.6226415094339622 0.07621247113163972
0.6244131455399061 0.07678983833718245
0.6214953271028038 0.07678983833718245
0.6186046511627907 0.07678983833718245
0.6157407407407407 0.07678983833718245
0.6129032258064516 0.07678983833718245
0.6146788990825688 0.07736720554272518
0.6118721461187214 0.07736720554272518
0.6090909090909091 0.07736720554272518
0.6108597285067874 0.0779445727482679
0.6081081081081081 0.0779445727482679
0.6098654708520179 0.07852193995381063
0.6116071428571429 0.07909930715935334
0.6088888888888889 0.07909930715935334
0.6106194690265486 0.07967667436489607
0.6123348017621145 0.0802540415704388
0.6140350877192983 0.08083140877598152
0.6157205240174672 0.08140877598152425
0.6130434782608696 0.08140877598152425
0.6103896103896104 0.08140877598152425
0.6077586206896551 0.08140877598152425
0.6094420600858369 0.08198614318706697
0.6111111111111112 0.0825635103926097
0.6127659574468085 0.08314087759815242
0.614406779661017 0.08371824480369515
0.6160337552742616 0.08429561200923788
0.6176470588235294 0.0848729792147806
0.6192468619246861 0.08545034642032333
0.6208333333333333 0.08602771362586605
0.6224066390041494 0.08660508083140878
0.6198347107438017 0.08660508083140878
0.6213991769547325 0.08718244803695151
0.6188524590163934 0.08718244803695151
0.6163265306122448 0.08718244803695151
0.6138211382113821 0.08718244803695151
0.611336032388664 0.08718244803695151
0.6088709677419355 0.08718244803695151
0.6104417670682731 0.08775981524249422
0.608 0.08775981524249422
0.6055776892430279 0.08775981524249422
0.6031746031746031 0.08775981524249422
0.6047430830039525 0.08833718244803695
0.6023622047244095 0.08833718244803695
0.6 0.08833718244803695
0.59765625 0.08833718244803695
0.5953307392996109 0.08833718244803695
0.5968992248062015 0.08891454965357967
0.5945945945945946 0.08891454965357967
0.5923076923076923 0.08891454965357967
0.5900383141762452 0.08891454965357967
0.5877862595419847 0.08891454965357967
0.5893536121673004 0.0894919168591224
0.5909090909090909 0.09006928406466513
0.5886792452830188 0.09006928406466513
0.5864661654135338 0.09006928406466513
0.5880149812734082 0.09064665127020785
0.585820895522388 0.09064665127020785
0.587360594795539 0.09122401847575058
0.5851851851851851 0.09122401847575058
0.5867158671586716 0.0918013856812933
0.5845588235294118 0.0918013856812933
0.5860805860805861 0.09237875288683603
0.583941605839416 0.09237875288683603
0.5854545454545454 0.09295612009237875
0.5869565217391305 0.09353348729792148
0.5884476534296029 0.09411085450346421
0.5863309352517986 0.09411085450346421
0.5878136200716846 0.09468822170900693
0.5857142857142857 0.09468822170900693
0.5871886120996441 0.09526558891454966
0.5851063829787234 0.09526558891454966
0.5865724381625441 0.09584295612009237
0.5880281690140845 0.0964203233256351
0.5894736842105263 0.09699769053117784
0.5909090909090909 0.09757505773672055
0.5923344947735192 0.09815242494226328
0.5902777777777778 0.09815242494226328
0.5882352941176471 0.09815242494226328
0.5896551724137931 0.098729792147806
0.5876288659793815 0.098729792147806
0.5856164383561644 0.098729792147806
0.5836177474402731 0.098729792147806
0.5850340136054422 0.09930715935334873
0.5830508474576271 0.09930715935334873
0.581081081081081 0.09930715935334873
0.5791245791245792 0.09930715935334873
0.5805369127516778 0.09988452655889145
0.5819397993311036 0.10046189376443418
0.5833333333333334 0.10103926096997691
0.5813953488372093 0.10103926096997691
0.5794701986754967 0.10103926096997691
0.5808580858085809 0.10161662817551963
0.5822368421052632 0.10219399538106236
0.580327868852459 0.10219399538106236
0.5784313725490197 0.10219399538106236
0.5765472312703583 0.10219399538106236
0.5746753246753247 0.10219399538106236
0.5728155339805825 0.10219399538106236
0.5709677419354838 0.10219399538106236
0.572347266881029 0.10277136258660508
0.5705128205128205 0.10277136258660508
0.5718849840255591 0.1033487297921478
0.5732484076433121 0.10392609699769054
0.5714285714285714 0.10392609699769054
0.5727848101265823 0.10450346420323325
0.5741324921135647 0.10508083140877598
0.5723270440251572 0.10508083140877598
0.5705329153605015 0.10508083140877598
0.571875 0.1056581986143187
0.573208722741433 0.10623556581986143
0.5714285714285714 0.10623556581986143
0.5727554179566563 0.10681293302540416
0.5709876543209876 0.10681293302540416
0.5723076923076923 0.10739030023094688
0.5705521472392638 0.10739030023094688
0.5718654434250765 0.10796766743648961
0.573170731707317 0.10854503464203233
0.574468085106383 0.10912240184757506
0.5757575757575758 0.10969976905311778
0.5740181268882175 0.10969976905311778
0.572289156626506 0.10969976905311778
0.5705705705705706 0.10969976905311778
0.5688622754491018 0.10969976905311778
0.5671641791044776 0.10969976905311778
0.5684523809523809 0.11027713625866051
0.56973293768546 0.11085450346420324
0.5680473372781065 0.11085450346420324
0.5693215339233039 0.11143187066974596
0.5705882352941176 0.11200923787528869
0.5718475073313783 0.1125866050808314
0.5730994152046783 0.11316397228637413
0.5743440233236151 0.11374133949191687
0.5755813953488372 0.11431870669745958
0.5768115942028985 0.11489607390300231
0.5751445086705202 0.11489607390300231
0.5763688760806917 0.11547344110854503
0.5747126436781609 0.11547344110854503
0.5730659025787965 0.11547344110854503
0.5714285714285714 0.11547344110854503
0.5726495726495726 0.11605080831408776
0.5710227272727273 0.11605080831408776
0.5694050991501416 0.11605080831408776
0.5706214689265536 0.11662817551963048
0.5690140845070423 0.11662817551963048
0.5702247191011236 0.11720554272517321
0.5714285714285714 0.11778290993071594
0.5698324022346368 0.11778290993071594
0.5682451253481894 0.11778290993071594
0.5694444444444444 0.11836027713625866
0.5678670360110804 0.11836027713625866
0.5662983425414365 0.11836027713625866
0.5674931129476584 0.11893764434180139
0.5659340659340659 0.11893764434180139
0.5671232876712329 0.1195150115473441
0.5655737704918032 0.1195150115473441
0.5640326975476839 0.1195150115473441
0.5652173913043478 0.12009237875288684
0.5636856368563685 0.12009237875288684
0.5648648648648649 0.12066974595842957
0.5633423180592992 0.12066974595842957
0.5618279569892473 0.12066974595842957
0.5603217158176944 0.12066974595842957
0.5614973262032086 0.12124711316397228
0.56 0.12124711316397228
0.5611702127659575 0.12182448036951501
0.5596816976127321 0.12182448036951501
0.5608465608465608 0.12240184757505773
0.5593667546174143 0.12240184757505773
0.5605263157894737 0.12297921478060046
0.5616797900262467 0.1235565819861432
0.56282722513089 0.12413394919168591
0.5639686684073107 0.12471131639722864
0.5651041666666666 0.12528868360277137
0.5662337662337662 0.1258660508083141
0.5647668393782384 0.1258660508083141
0.5658914728682171 0.1264434180138568
0.5644329896907216 0.1264434180138568
0.5629820051413882 0.1264434180138568
0.5615384615384615 0.1264434180138568
0.5601023017902813 0.1264434180138568
0.5612244897959183 0.12702078521939955
0.5597964376590331 0.12702078521939955
0.5583756345177665 0.12702078521939955
0.5594936708860759 0.12759815242494227
0.5580808080808081 0.12759815242494227
0.5591939546599496 0.12817551963048499
0.5603015075376885 0.1287528868360277
0.5614035087719298 0.12933025404157045
0.56 0.12933025404157045
0.5586034912718204 0.12933025404157045
0.5597014925373134 0.12990762124711316
0.5583126550868487 0.12990762124711316
0.556930693069307 0.12990762124711316
0.5580246913580247 0.13048498845265588
0.5591133004926109 0.13106235565819863
0.5601965601965602 0.13163972286374134
0.5612745098039216 0.13221709006928406
0.5599022004889975 0.13221709006928406
0.5609756097560976 0.13279445727482678
0.559610705596107 0.13279445727482678
0.558252427184466 0.13279445727482678
0.559322033898305 0.13337182448036952
0.5579710144927537 0.13337182448036952
0.5566265060240964 0.13337182448036952
0.5576923076923077 0.13394919168591224
0.5563549160671463 0.13394919168591224
0.5550239234449761 0.13394919168591224
0.5560859188544153 0.13452655889145496
0.5547619047619048 0.13452655889145496
0.5534441805225653 0.13452655889145496
0.5521327014218009 0.13452655889145496
0.5531914893617021 0.1351039260969977
0.5542452830188679 0.13568129330254042
0.5529411764705883 0.13568129330254042
0.5539906103286385 0.13625866050808313
0.5550351288056206 0.13683602771362588
0.5537383177570093 0.13683602771362588
0.5524475524475524 0.13683602771362588
0.5511627906976744 0.13683602771362588
0.5522041763341067 0.1374133949191686
0.5509259259259259 0.1374133949191686
0.5496535796766744 0.1374133949191686
0.5506912442396313 0.1379907621247113
0.5517241379310345 0.13856812933025403
0.5504587155963303 0.13856812933025403
0.5491990846681922 0.13856812933025403
0.547945205479452 0.13856812933025403
0.5466970387243736 0.13856812933025403
0.5454545454545454 0.13856812933025403
0.546485260770975 0.13914549653579678
0.5475113122171946 0.1397228637413395
0.54627539503386 0.1397228637413395
0.5472972972972973 0.1403002309468822
0.5460674157303371 0.1403002309468822
0.5448430493273543 0.1403002309468822
0.5436241610738255 0.1403002309468822
0.5424107142857143 0.1403002309468822
0.5434298440979956 0.14087759815242495
0.5422222222222223 0.14087759815242495
0.5432372505543237 0.14145496535796767
0.5420353982300885 0.14145496535796767
0.5408388520971302 0.14145496535796767
0.539647577092511 0.14145496535796767
0.5406593406593406 0.1420323325635104
0.5416666666666666 0.1426096997690531
0.5404814004376368 0.1426096997690531
0.5414847161572053 0.14318706697459585
0.5403050108932462 0.14318706697459585
0.5413043478260869 0.14376443418013857
0.5422993492407809 0.14434180138568128
0.5411255411255411 0.14434180138568128
0.5399568034557235 0.14434180138568128
0.540948275862069 0.14491916859122403
0.5419354838709678 0.14549653579676675
0.5407725321888412 0.14549653579676675
0.5417558886509636 0.14607390300230946
0.5427350427350427 0.14665127020785218
0.5437100213219617 0.14722863741339492
0.5446808510638298 0.14780600461893764
0.5435244161358811 0.14780600461893764
0.5423728813559322 0.14780600461893764
0.5412262156448203 0.14780600461893764
0.540084388185654 0.14780600461893764
0.5410526315789473 0.14838337182448036
0.5399159663865546 0.14838337182448036
0.5387840670859538 0.14838337182448036
0.5376569037656904 0.14838337182448036
0.5386221294363257 0.1489607390300231
0.5375 0.1489607390300231
0.5363825363825364 0.1489607390300231
0.5373443983402489 0.14953810623556582
0.5362318840579711 0.14953810623556582
0.5371900826446281 0.15011547344110854
0.5360824742268041 0.15011547344110854
0.5370370370370371 0.15069284064665128
0.5359342915811088 0.15069284064665128
0.5368852459016393 0.151270207852194
0.5357873210633947 0.151270207852194
0.5346938775510204 0.151270207852194
0.5336048879837068 0.151270207852194
0.5345528455284553 0.15184757505773672
0.5334685598377282 0.15184757505773672
0.5323886639676113 0.15184757505773672
0.5313131313131313 0.15184757505773672
0.530241935483871 0.15184757505773672
0.5311871227364185 0.15242494226327943
0.5301204819277109 0.15242494226327943
0.5290581162324649 0.15242494226327943
0.528 0.15242494226327943
0.5269461077844312 0.15242494226327943
0.5258964143426295 0.15242494226327943
0.5268389662027833 0.15300230946882218
0.5257936507936508 0.15300230946882218
0.5267326732673268 0.1535796766743649
0.5276679841897233 0.1541570438799076
0.5285996055226825 0.15473441108545036
0.5275590551181102 0.15473441108545036
0.5265225933202358 0.15473441108545036
0.5274509803921569 0.15531177829099307
0.5264187866927593 0.15531177829099307
0.52734375 0.1558891454965358
0.5282651072124757 0.1564665127020785
0.5272373540856031 0.1564665127020785
0.5262135922330097 0.1564665127020785
0.5271317829457365 0.15704387990762125
0.5261121856866537 0.15704387990762125
0.525096525096525 0.15704387990762125
0.5240847784200385 0.15704387990762125
0.525 0.15762124711316397
0.525911708253359 0.1581986143187067
0.524904214559387 0.1581986143187067
0.5239005736137667 0.1581986143187067
0.5229007633587787 0.1581986143187067
0.5219047619047619 0.1581986143187067
0.5209125475285171 0.1581986143187067
0.5199240986717267 0.1581986143187067
0.5189393939393939 0.1581986143187067
0.5179584120982986 0.1581986143187067
0.5169811320754717 0.1581986143187067
0.5160075329566854 0.1581986143187067
0.5150375939849624 0.1581986143187067
0.5140712945590994 0.1581986143187067
0.5131086142322098 0.1581986143187067
0.514018691588785 0.15877598152424943
0.5149253731343284 0.15935334872979215
0.5139664804469274 0.15935334872979215
0.5130111524163569 0.15935334872979215
0.5120593692022264 0.15935334872979215
0.5111111111111111 0.15935334872979215
0.5101663585951941 0.15935334872979215
0.511070110701107 0.15993071593533487
0.5101289134438306 0.15993071593533487
0.5091911764705882 0.15993071593533487
0.5082568807339449 0.15993071593533487
0.5091575091575091 0.1605080831408776
0.5100548446069469 0.16108545034642033
0.5091240875912408 0.16108545034642033
0.5081967213114754 0.16108545034642033
0.509090909090909 0.16166281755196305
0.5081669691470054 0.16166281755196305
0.5072463768115942 0.16166281755196305
0.5063291139240507 0.16166281755196305
0.5054151624548736 0.16166281755196305
0.5063063063063064 0.16224018475750576
0.5053956834532374 0.16224018475750576
0.5044883303411131 0.16224018475750576
0.503584229390681 0.16224018475750576
0.5026833631484794 0.16224018475750576
0.5017857142857143 0.16224018475750576
0.5008912655971479 0.16224018475750576
0.5 0.16224018475750576
0.5008880994671403 0.1628175519630485
0.5 0.1628175519630485
0.5008849557522124 0.16339491916859122
0.5 0.16339491916859122
0.5008818342151675 0.16397228637413394
0.5017605633802817 0.16454965357967669
0.5026362038664324 0.1651270207852194
0.5017543859649123 0.1651270207852194
0.500875656742557 0.1651270207852194
0.5 0.1651270207852194
0.5008726003490401 0.16570438799076212
0.5 0.16570438799076212
0.4991304347826087 0.16570438799076212
0.4982638888888889 0.16570438799076212
0.49740034662045063 0.16570438799076212
0.4982698961937716 0.16628175519630484
0.49740932642487046 0.16628175519630484
0.496551724137931 0.16628175519630484
0.49569707401032703 0.16628175519630484
0.4948453608247423 0.16628175519630484
0.4957118353344768 0.16685912240184758
0.4948630136986301 0.16685912240184758
0.49572649572649574 0.1674364896073903
0.49658703071672355 0.16801385681293302
0.4957410562180579 0.16801385681293302
0.49489795918367346 0.16801385681293302
0.4940577249575552 0.16801385681293302
0.49491525423728816 0.16859122401847576
0.494077834179357 0.16859122401847576
0.49493243243243246 0.16916859122401848
0.49409780775716694 0.16916859122401848
0.49326599326599324 0.16916859122401848
0.49411764705882355 0.1697459584295612
0.49328859060402686 0.1697459584295612
0.49413735343383586 0.17032332563510394
0.49498327759197325 0.17090069284064666
0.4958263772954925 0.17147806004618937
0.495 0.17147806004618937
0.49584026622296173 0.1720554272517321
0.4950166112956811 0.1720554272517321
0.494195688225539 0.1720554272517321
0.49337748344370863 0.1720554272517321
0.49421487603305786 0.17263279445727484
0.4933993399339934 0.17263279445727484
0.4942339373970346 0.17321016166281755
0.4934210526315789 0.17321016166281755
0.49261083743842365 0.17321016166281755
0.4918032786885246 0.17321016166281755
0.4909983633387889 0.17321016166281755
0.49019607843137253 0.17321016166281755
0.4893964110929853 0.17321016166281755
0.48859934853420195 0.17321016166281755
0.4878048780487805 0.17321016166281755
0.487012987012987 0.17321016166281755
0.4878444084278768 0.17378752886836027
0.48705501618122976 0.17378752886836027
0.4878836833602585 0.17436489607390301
0.4870967741935484 0.17436489607390301
0.4863123993558776 0.17436489607390301
0.4855305466237942 0.17436489607390301
0.48635634028892455 0.17494226327944573
0.4855769230769231 0.17494226327944573
0.4848 0.17494226327944573
0.48562300319488816 0.17551963048498845
0.48484848484848486 0.17551963048498845
0.4840764331210191 0.17551963048498845
0.4848966613672496 0.17609699769053117
0.48412698412698413 0.17609699769053117
0.4849445324881141 0.1766743648960739
0.48575949367088606 0.17725173210161663
0.4849921011058452 0.17725173210161663
0.4842271293375394 0.17725173210161663
0.48503937007874015 0.17782909930715934
0.48427672955974843 0.17782909930715934
0.4835164835164835 0.17782909930715934
0.4827586206896552 0.17782909930715934
0.4835680751173709 0.1784064665127021
0.484375 0.1789838337182448
0.48517940717628705 0.17956120092378752
0.48442367601246106 0.17956120092378752
0.48522550544323484 0.18013856812933027
0.4860248447204969 0.18071593533487298
0.4868217054263566 0.1812933025404157
0.48606811145510836 0.1812933025404157
0.4853168469860896 0.1812933025404157
0.4845679012345679 0.1812933025404157
0.48536209553158705 0.18187066974595842
0.48615384615384616 0.18244803695150116
0.48540706605222733 0.18244803695150116
0.48466257668711654 0.18244803695150116
0.48545176110260335 0.18302540415704388
0.4847094801223242 0.18302540415704388
0.48396946564885496 0.18302540415704388
0.48323170731707316 0.18302540415704388
0.4824961948249619 0.18302540415704388
0.4817629179331307 0.18302540415704388
0.48103186646433993 0.18302540415704388
0.4818181818181818 0.1836027713625866
0.481089258698941 0.1836027713625866
0.4818731117824773 0.18418013856812934
0.48265460030165913 0.18475750577367206
0.4819277108433735 0.18475750577367206
0.48270676691729325 0.18533487297921478
0.48348348348348347 0.1859122401847575
0.4827586206896552 0.1859122401847575
0.48353293413173654 0.18648960739030024
0.484304932735426 0.18706697459584296
0.4835820895522388 0.18706697459584296
0.4828614008941878 0.18706697459584296
0.4836309523809524 0.18764434180138567
0.48439821693907875 0.18822170900692842
0.4836795252225519 0.18822170900692842
0.482962962962963 0.18822170900692842
0.4822485207100592 0.18822170900692842
0.4815361890694239 0.18822170900692842
0.4808259587020649 0.18822170900692842
0.48159057437407954 0.18879907621247113
0.4823529411764706 0.18937644341801385
0.48164464023494863 0.18937644341801385
0.4809384164222874 0.18937644341801385
0.4802342606149341 0.18937644341801385
0.47953216374269003 0.18937644341801385
0.47883211678832116 0.18937644341801385
0.478134110787172 0.18937644341801385
0.4774381368267831 0.18937644341801385
0.47674418604651164 0.18937644341801385
0.4760522496371553 0.18937644341801385
0.4753623188405797 0.18937644341801385
0.47467438494934877 0.18937644341801385
0.47398843930635837 0.18937644341801385
0.4733044733044733 0.18937644341801385
0.47262247838616717 0.18937644341801385
0.4719424460431655 0.18937644341801385
0.47126436781609193 0.18937644341801385
0.47058823529411764 0.18937644341801385
0.4713467048710602 0.18995381062355657
0.4721030042918455 0.1905311778290993
0.4714285714285714 0.1905311778290993
0.47075606276747506 0.1905311778290993
0.4700854700854701 0.1905311778290993
0.4694167852062589 0.1905311778290993
0.46875 0.1905311778290993
0.46808510638297873 0.1905311778290993
0.46742209631728043 0.1905311778290993
0.4667609618104668 0.1905311778290993
0.4675141242937853 0.19110854503464203
0.46685472496473907 0.19110854503464203
0.4676056338028169 0.19168591224018475
0.4669479606188467 0.19168591224018475
0.46769662921348315 0.1922632794457275
0.4670406732117812 0.1922632794457275
0.4677871148459384 0.1928406466512702
0.4671328671328671 0.1928406466512702
0.4664804469273743 0.1928406466512702
0.46722454672245467 0.19341801385681293
0.46657381615598886 0.19341801385681293
0.4659248956884562 0.19341801385681293
0.4652777777777778 0.19341801385681293
0.4646324549237171 0.19341801385681293
0.46398891966759004 0.19341801385681293
0.4633471645919779 0.19341801385681293
0.462707182320442 0.19341801385681293
0.46206896551724136 0.19341801385681293
0.4628099173553719 0.19399538106235567
0.4621733149931224 0.19399538106235567
0.46291208791208793 0.1945727482678984
0.46227709190672156 0.1945727482678984
0.46164383561643835 0.1945727482678984
0.46101231190150477 0.1945727482678984
0.4603825136612022 0.1945727482678984
0.4597544338335607 0.1945727482678984
0.4604904632152589 0.1951501154734411
0.4598639455782313 0.1951501154734411
0.46059782608695654 0.19572748267898382
0.4599728629579376 0.19572748267898382
0.45934959349593496 0.19572748267898382
0.4587280108254398 0.19572748267898382
0.4594594594594595 0.19630484988452657
0.45883940620782726 0.19630484988452657
0.4582210242587601 0.19630484988452657
0.4576043068640646 0.19630484988452657
0.45698924731182794 0.19630484988452657
0.4563758389261745 0.19630484988452657
0.4571045576407507 0.19688221709006928
0.4578313253012048 0.197459584295612
0.4572192513368984 0.197459584295612
0.45794392523364486 0.19803695150115475
0.4573333333333333 0.19803695150115475
0.4567243675099867 0.19803695150115475
0.4574468085106383 0.19861431870669746
0.45683930942895085 0.19861431870669746
0.4562334217506631 0.19861431870669746
0.4556291390728477 0.19861431870669746
0.455026455026455 0.19861431870669746
0.4557463672391017 0.19919168591224018
0.4551451187335092 0.19919168591224018
0.45454545454545453 0.19919168591224018
0.45394736842105265 0.19919168591224018
0.4533508541392904 0.19919168591224018
0.4540682414698163 0.1997690531177829
0.45478374836173 0.20034642032332564
0.45418848167539266 0.20034642032332564
0.4549019607843137 0.20092378752886836
0.45430809399477806 0.20092378752886836
0.45371577574967403 0.20092378752886836
0.453125 0.20092378752886836
0.4538361508452536 0.20150115473441108
0.45324675324675323 0.20150115473441108
0.45265888456549935 0.20150115473441108
0.4520725388601036 0.20150115473441108
0.4514877102199224 0.20150115473441108
0.4509043927648579 0.20150115473441108
0.4503225806451613 0.20150115473441108
0.4497422680412371 0.20150115473441108
0.4491634491634492 0.20150115473441108
0.448586118251928 0.20150115473441108
0.44801026957637996 0.20150115473441108
0.44743589743589746 0.20150115473441108
0.44814340588988477 0.20207852193995382
0.4475703324808184 0.20207852193995382
0.44699872286079184 0.20207852193995382
0.4477040816326531 0.20265588914549654
0.4484076433121019 0.20323325635103925
0.44783715012722647 0.20323325635103925
0.44726810673443457 0.20323325635103925
0.4467005076142132 0.20323325635103925
0.4461343472750317 0.20323325635103925
0.44556962025316454 0.20323325635103925
0.44627054361567636 0.203810623556582
0.4457070707070707 0.203810623556582
0.4451450189155107 0.203810623556582
0.44584382871536526 0.20438799076212472
0.44528301886792454 0.20438799076212472
0.44472361809045224 0.20438799076212472
0.4454203262233375 0.20496535796766743
0.4448621553884712 0.20496535796766743
0.4455569461827284 0.20554272517321015
0.445 0.20554272517321015
0.4444444444444444 0.20554272517321015
0.44389027431421446 0.20554272517321015
0.44333748443337484 0.20554272517321015
0.4427860696517413 0.20554272517321015
0.4422360248447205 0.20554272517321015
0.44168734491315137 0.20554272517321015
0.44114002478314746 0.20554272517321015
0.4405940594059406 0.20554272517321015
0.4400494437577256 0.20554272517321015
0.44074074074074077 0.2061200923787529
0.4401972872996301 0.2061200923787529
0.4408866995073892 0.2066974595842956
0.4403444034440344 0.2066974595842956
0.4398034398034398 0.2066974595842956
0.4392638036809816 0.2066974595842956
0.43995098039215685 0.20727482678983833
0.4394124847001224 0.20727482678983833
0.4388753056234719 0.20727482678983833
0.43956043956043955 0.20785219399538107
0.43902439024390244 0.20785219399538107
0.438489646772229 0.20785219399538107
0.43795620437956206 0.20785219399538107
0.43863912515188336 0.2084295612009238
0.4381067961165049 0.2084295612009238
0.43757575757575756 0.2084295612009238
0.437046004842615 0.2084295612009238
0.4365175332527207 0.2084295612009238
0.43719806763285024 0.2090069284064665
0.436670687575392 0.2090069284064665
0.43614457831325304 0.2090069284064665
0.4368231046931408 0.20958429561200922
0.4375 0.21016166281755197
0.4369747899159664 0.21016166281755197
0.4364508393285372 0.21016166281755197
0.4359281437125748 0.21016166281755197
0.4354066985645933 0.21016166281755197
0.4348864994026284 0.21016166281755197
0.4343675417661098 0.21016166281755197
0.433849821215733 0.21016166281755197
0.43452380952380953 0.2107390300230947
0.4351961950059453 0.2113163972286374
0.4358669833729216 0.21189376443418015
0.43534994068801897 0.21189376443418015
0.43483412322274884 0.21189376443418015
0.43431952662721895 0.21189376443418015
0.43498817966903075 0.21247113163972287
0.43565525383707204 0.21304849884526558
0.43514150943396224 0.21304849884526558
0.43580683156654887 0.21362586605080833
0.43529411764705883 0.21362586605080833
0.43478260869565216 0.21362586605080833
0.4354460093896714 0.21420323325635104
0.4349355216881594 0.21420323325635104
0.4344262295081967 0.21420323325635104
0.43391812865497076 0.21420323325635104
0.43457943925233644 0.21478060046189376
0.4340723453908985 0.21478060046189376
0.43356643356643354 0.21478060046189376
0.4330616996507567 0.21478060046189376
0.4325581395348837 0.21478060046189376
0.43205574912891986 0.21478060046189376
0.43155452436194897 0.21478060046189376
0.43105446118192353 0.21478060046189376
0.4305555555555556 0.21478060046189376
0.43121387283236995 0.21535796766743648
0.43187066974595845 0.21593533487297922
0.43252595155709345 0.21651270207852194
0.43202764976958524 0.21651270207852194
0.4315304948216341 0.21651270207852194
0.43103448275862066 0.21651270207852194
0.4305396096440873 0.21651270207852194
0.43004587155963303 0.21651270207852194
0.42955326460481097 0.21651270207852194
0.4290617848970252 0.21651270207852194
0.42857142857142855 0.21651270207852194
0.4280821917808219 0.21651270207852194
0.427594070695553 0.21651270207852194
0.4271070615034169 0.21651270207852194
0.42662116040955633 0.21651270207852194
0.42727272727272725 0.21709006928406466
0.4267877412031782 0.21709006928406466
0.42630385487528344 0.21709006928406466
0.4258210645526614 0.21709006928406466
0.4264705882352941 0.2176674364896074
0.4271186440677966 0.21824480369515012
0.42663656884875845 0.21824480369515012
0.42615558060879366 0.21824480369515012
0.42567567567567566 0.21824480369515012
0.4251968503937008 0.21824480369515012
0.4247191011235955 0.21824480369515012
0.42536475869809204 0.21882217090069284
0.4260089686098655 0.21939953810623555
0.425531914893617 0.21939953810623555
0.4250559284116331 0.21939953810623555
0.4245810055865922 0.21939953810623555
0.42410714285714285 0.21939953810623555
0.42474916387959866 0.2199769053117783
0.4242761692650334 0.2199769053117783
0.42380422691879865 0.2199769053117783
0.42333333333333334 0.2199769053117783
0.42286348501664817 0.2199769053117783
0.4223946784922395 0.2199769053117783
0.4230343300110742 0.22055427251732102
0.42367256637168144 0.22113163972286373
0.42320441988950275 0.22113163972286373
0.4227373068432671 0.22113163972286373
0.422271223814774 0.22113163972286373
0.42180616740088106 0.22113163972286373
0.4213421342134213 0.22113163972286373
0.4208791208791209 0.22113163972286373
0.42041712403951703 0.22113163972286373
0.4199561403508772 0.22113163972286373
0.4194961664841183 0.22113163972286373
0.4201312910284464 0.22170900692840648
0.419672131147541 0.22170900692840648
0.4192139737991266 0.22170900692840648
0.4187568157033806 0.22170900692840648
0.41938997821350765 0.2222863741339492
0.41893362350380847 0.2222863741339492
0.41847826086956524 0.2222863741339492
0.4180238870792617 0.2222863741339492
0.4175704989154013 0.2222863741339492
0.4171180931744312 0.2222863741339492
0.41774891774891776 0.2228637413394919
0.4172972972972973 0.2228637413394919
0.41792656587473004 0.22344110854503466
0.4174757281553398 0.22344110854503466
0.4170258620689655 0.22344110854503466
0.4176533907427341 0.22401847575057737
0.4172043010752688 0.22401847575057737
0.4167561761546724 0.22401847575057737
0.41630901287553645 0.22401847575057737
0.41586280814576637 0.22401847575057737
0.41541755888650966 0.22401847575057737
0.4160427807486631 0.2245958429561201
0.4155982905982906 0.2245958429561201
0.4151547491995731 0.2245958429561201
0.4147121535181237 0.2245958429561201
0.4142705005324814 0.2245958429561201
0.41382978723404257 0.2245958429561201
0.41339001062699254 0.2245958429561201
0.4129511677282378 0.2245958429561201
0.41251325556733826 0.2245958429561201
0.4120762711864407 0.2245958429561201
0.41164021164021164 0.2245958429561201
0.41226215644820297 0.2251732101616628
0.4118268215417107 0.2251732101616628
0.41139240506329117 0.2251732101616628
0.410958904109589 0.2251732101616628
0.4105263157894737 0.2251732101616628
0.41114616193480547 0.22575057736720555
0.4107142857142857 0.22575057736720555
0.41028331584470096 0.22575057736720555
0.40985324947589097 0.22575057736720555
0.41047120418848165 0.22632794457274827
0.4100418410041841 0.22632794457274827
0.4096133751306165 0.22632794457274827
0.4091858037578288 0.22632794457274827
0.40875912408759124 0.22632794457274827
0.4083333333333333 0.22632794457274827
0.40790842872008326 0.22632794457274827
0.4074844074844075 0.22632794457274827
0.407061266874351 0.22632794457274827
0.40767634854771784 0.22690531177829099
0.4072538860103627 0.22690531177829099
0.40683229813664595 0.22690531177829099
0.40641158221303 0.22690531177829099
0.4059917355371901 0.22690531177829099
0.4055727554179567 0.22690531177829099
0.40515463917525774 0.22690531177829099
0.4057672502574665 0.22748267898383373
0.4053497942386831 0.22748267898383373
0.40493319630010277 0.22748267898383373
0.40451745379876797 0.22748267898383373
0.4041025641025641 0.22748267898383373
0.4036885245901639 0.22748267898383373
0.40429887410440124 0.22806004618937645
0.4049079754601227 0.22863741339491916
0.40551583248212464 0.22921478060046188
0.4051020408163265 0.22921478060046188
0.40468909276248727 0.22921478060046188
0.40427698574338083 0.22921478060046188
0.40386571719226855 0.22921478060046188
0.4034552845528455 0.22921478060046188
0.4040609137055838 0.22979214780600463
0.40466531440162273 0.23036951501154734
0.40425531914893614 0.23036951501154734
0.40384615384615385 0.23036951501154734
0.4034378159757331 0.23036951501154734
0.403030303030303 0.23036951501154734
0.4026236125126135 0.23036951501154734
0.4022177419354839 0.23036951501154734
0.40181268882175225 0.23036951501154734
0.4014084507042254 0.23036951501154734
0.40100502512562813 0.23036951501154734
0.4006024096385542 0.23036951501154734
0.4002006018054162 0.23036951501154734
0.3997995991983968 0.23036951501154734
0.3993993993993994 0.23036951501154734
0.399 0.23036951501154734
0.3986013986013986 0.23036951501154734
0.3992015968063872 0.23094688221709006
0.3988035892323031 0.23094688221709006
0.398406374501992 0.23094688221709006
0.3990049751243781 0.2315242494226328
0.3996023856858847 0.23210161662817552
0.39920556107249255 0.23210161662817552
0.39880952380952384 0.23210161662817552
0.398414271555996 0.23210161662817552
0.39801980198019804 0.23210161662817552
0.39861523244312563 0.23267898383371824
0.39822134387351776 0.23267898383371824
0.39782823297137215 0.23267898383371824
0.3974358974358974 0.23267898383371824
0.39704433497536945 0.23267898383371824
0.39665354330708663 0.23267898383371824
0.3972468043264503 0.23325635103926096
0.39783889980353637 0.2338337182448037
0.3974484789008832 0.2338337182448037
0.39705882352941174 0.2338337182448037
0.39764936336924583 0.23441108545034642
0.3972602739726027 0.23441108545034642
0.396871945259042 0.23441108545034642
0.396484375 0.23441108545034642
0.3960975609756098 0.23441108545034642
0.39571150097465885 0.23441108545034642
0.3953261927945472 0.23441108545034642
0.3949416342412451 0.23441108545034642
0.39552964042759964 0.23498845265588914
0.3951456310679612 0.23498845265588914
0.3947623666343356 0.23498845265588914
0.3953488372093023 0.23556581986143188
0.3959341723136496 0.2361431870669746
0.3965183752417795 0.23672055427251731
0.3961352657004831 0.23672055427251731
0.39575289575289574 0.23672055427251731
0.39537126325940214 0.23672055427251731
0.394990366088632 0.23672055427251731
0.3946102021174206 0.23672055427251731
0.3942307692307692 0.23672055427251731
0.39481268011527376 0.23729792147806006
0.39539347408829173 0.23787528868360278
0.3950143815915628 0.23787528868360278
0.3946360153256705 0.23787528868360278
0.39425837320574164 0.23787528868360278
0.3948374760994264 0.2384526558891455
0.3944603629417383 0.2384526558891455
0.3950381679389313 0.2390300230946882
0.39466158245948524 0.2390300230946882
0.3942857142857143 0.2390300230946882
0.3939105613701237 0.2390300230946882
0.3935361216730038 0.2390300230946882
0.39316239316239315 0.2390300230946882
0.3927893738140417 0.2390300230946882
0.3924170616113744 0.2390300230946882
0.39204545454545453 0.2390300230946882
0.391674550614948 0.2390300230946882
0.39224952741020797 0.23960739030023095
0.3918791312559018 0.23960739030023095
0.3915094339622642 0.23960739030023095
0.3911404335532517 0.23960739030023095
0.3907721280602637 0.23960739030023095
0.39040451552210725 0.23960739030023095
0.3900375939849624 0.23960739030023095
0.38967136150234744 0.23960739030023095
0.3893058161350844 0.23960739030023095
0.3889409559512652 0.23960739030023095
0.3895131086142322 0.24018475750577367
0.3891487371375117 0.24018475750577367
0.38878504672897196 0.24018475750577367
0.388422035480859 0.24018475750577367
0.38899253731343286 0.2407621247113164
0.3895619757688723 0.24133949191685913
0.39013035381750466 0.24191685912240185
0.38976744186046514 0.24191685912240185
0.38940520446096655 0.24191685912240185
0.38904363974001854 0.24191685912240185
0.38961038961038963 0.24249422632794457
0.38924930491195553 0.24249422632794457
0.3888888888888889 0.24249422632794457
0.3885291396854764 0.24249422632794457
0.38817005545286504 0.24249422632794457
0.3878116343490305 0.24249422632794457
0.3874538745387454 0.24249422632794457
0.3880184331797235 0.24307159353348728
0.3876611418047882 0.24307159353348728
0.3873045078196872 0.24307159353348728
0.3869485294117647 0.24307159353348728
0.38659320477502296 0.24307159353348728
0.38623853211009174 0.24307159353348728
0.38588450962419796 0.24307159353348728
0.38644688644688646 0.24364896073903003
0.38609332113449224 0.24364896073903003
0.3857404021937843 0.24364896073903003
0.38538812785388127 0.24364896073903003
0.38503649635036497 0.24364896073903003
0.3846855059252507 0.24364896073903003
0.3843351548269581 0.24364896073903003
0.3848953594176524 0.24422632794457275
0.3845454545454545 0.24422632794457275
0.3851044504995459 0.24480369515011546
0.3856624319419238 0.2453810623556582
0.38531278331822305 0.2453810623556582
0.384963768115942 0.2453810623556582
0.38461538461538464 0.2453810623556582
0.38426763110307416 0.2453810623556582
0.3839205058717254 0.2453810623556582
0.3835740072202166 0.2453810623556582
0.38322813345356177 0.2453810623556582
0.38288288288288286 0.2453810623556582
0.38343834383438347 0.24595842956120093
0.3830935251798561 0.24595842956120093
0.38274932614555257 0.24595842956120093
0.38240574506283664 0.24595842956120093
0.3829596412556054 0.24653579676674364
0.3835125448028674 0.2471131639722864
0.38316920322291853 0.2471131639722864
0.3828264758497317 0.2471131639722864
0.38248436103663985 0.2471131639722864
0.3821428571428571 0.2471131639722864
0.3818019625334523 0.2471131639722864
0.38235294117647056 0.2476905311778291
0.38290293855743546 0.24826789838337182
0.38256227758007116 0.24826789838337182
0.38222222222222224 0.24826789838337182
0.38188277087033745 0.24826789838337182
0.3815439219165927 0.24826789838337182
0.38120567375886527 0.24826789838337182
0.3808680248007086 0.24826789838337182
0.38141592920353984 0.24884526558891454
0.381078691423519 0.24884526558891454
0.38074204946996465 0.24884526558891454
0.38040600176522504 0.24884526558891454
0.3800705467372134 0.24884526558891454
0.37973568281938325 0.24884526558891454
0.37940140845070425 0.24884526558891454
0.37994722955145116 0.24942263279445728
0.3804920913884007 0.25
0.3801580333625988 0.25
0.38070175438596493 0.25057736720554274
0.3803680981595092 0.25057736720554274
0.38003502626970226 0.25057736720554274
0.3805774278215223 0.25115473441108543
0.38024475524475526 0.25115473441108543
0.3799126637554585 0.25115473441108543
0.3795811518324607 0.25115473441108543
0.3792502179598954 0.25115473441108543
0.3789198606271777 0.25115473441108543
0.3785900783289817 0.25115473441108543
0.3782608695652174 0.25115473441108543
0.3779322328410078 0.25115473441108543
0.3784722222222222 0.2517321016166282
0.3790112749349523 0.2523094688221709
0.37954939341421146 0.2528868360277136
0.3800865800865801 0.25346420323325636
0.379757785467128 0.25346420323325636
0.3794295592048401 0.25346420323325636
0.3791018998272884 0.25346420323325636
0.3787748058671268 0.25346420323325636
0.378448275862069 0.25346420323325636
0.3781223083548665 0.25346420323325636
0.37779690189328746 0.25346420323325636
0.37747205503009457 0.25346420323325636
0.37714776632302405 0.25346420323325636
0.37682403433476397 0.25346420323325636
0.3765008576329331 0.25346420323325636
0.37617823479005996 0.25346420323325636
0.3758561643835616 0.25346420323325636
0.37553464499572287 0.25346420323325636
0.37606837606837606 0.2540415704387991
0.37574722459436377 0.2540415704387991
0.37542662116040953 0.2540415704387991
0.37595907928388744 0.2546189376443418
0.3756388415672913 0.2546189376443418
0.3753191489361702 0.2546189376443418
0.3758503401360544 0.25519630484988454
0.37553101104502973 0.25519630484988454
0.3760611205432937 0.2557736720554272
0.3757421543681086 0.2557736720554272
0.37542372881355934 0.2557736720554272
0.37510584250635054 0.2557736720554272
0.37478849407783416 0.2557736720554272
0.37531699070160607 0.25635103926096997
0.375 0.25635103926096997
0.37468354430379747 0.25635103926096997
0.37436762225969644 0.25635103926096997
0.37405223251895536 0.25635103926096997
0.37457912457912457 0.2569284064665127
0.3742640874684609 0.2569284064665127
0.3739495798319328 0.2569284064665127
0.3744752308984047 0.2575057736720554
0.375 0.25808314087759815
0.37468566638725903 0.25808314087759815
0.3743718592964824 0.25808314087759815
0.37405857740585774 0.25808314087759815
0.3737458193979933 0.25808314087759815
0.37343358395989973 0.25808314087759815
0.3731218697829716 0.25808314087759815
0.37281067556296915 0.25808314087759815
0.37333333333333335 0.2586605080831409
0.373022481265612 0.2586605080831409
0.37271214642262895 0.2586605080831409
0.372402327514547 0.2586605080831409
0.37209302325581395 0.2586605080831409
0.37178423236514524 0.2586605080831409
0.3714759535655058 0.2586605080831409
0.3711681855840928 0.2586605080831409
0.3708609271523179 0.2586605080831409
0.3705541770057899 0.2586605080831409
0.37107438016528926 0.2592378752886836
0.3707679603633361 0.2592378752886836
0.3704620462046205 0.2592378752886836
0.37098103874690846 0.25981524249422633
0.37067545304777594 0.25981524249422633
0.37037037037037035 0.25981524249422633
0.37006578947368424 0.25981524249422633
0.3697617091207888 0.25981524249422633
0.3694581280788177 0.25981524249422633
0.36915504511895 0.25981524249422633
0.36885245901639346 0.25981524249422633
0.36855036855036855 0.25981524249422633
0.36824877250409166 0.25981524249422633
0.3679476696647588 0.25981524249422633
0.3684640522875817 0.2603926096997691
0.3689795918367347 0.26096997690531176
0.36867862969004894 0.26096997690531176
0.36837815810920943 0.26096997690531176
0.36807817589576547 0.26096997690531176
0.36859235150528885 0.2615473441108545
0.36829268292682926 0.2615473441108545
0.3688058489033306 0.26212471131639725
0.3685064935064935 0.26212471131639725
0.3682076236820762 0.26212471131639725
0.3679092382495948 0.26212471131639725
0.36761133603238866 0.26212471131639725
0.3673139158576052 0.26212471131639725
0.3670169765561843 0.26212471131639725
0.3667205169628433 0.26212471131639725
0.36642453591606133 0.26212471131639725
0.36612903225806454 0.26212471131639725
0.36583400483481066 0.26212471131639725
0.36553945249597425 0.26212471131639725
0.36524537409493163 0.26212471131639725
0.3657556270096463 0.26270207852193994
0.3654618473895582 0.26270207852193994
0.3651685393258427 0.26270207852193994
0.3648757016840417 0.26270207852193994
0.3645833333333333 0.26270207852193994
0.36429143314651724 0.26270207852193994
0.364 0.26270207852193994
0.36370903277378097 0.26270207852193994
0.3634185303514377 0.26270207852193994
0.363926576217079 0.2632794457274827
0.36363636363636365 0.2632794457274827
0.3633466135458167 0.2632794457274827
0.3630573248407643 0.2632794457274827
0.3627684964200477 0.2632794457274827
0.3624801271860095 0.2632794457274827
0.36219221604447976 0.2632794457274827
0.3619047619047619 0.2632794457274827
0.36161776367961934 0.2632794457274827
0.3613312202852615 0.2632794457274827
0.36104513064133015 0.2632794457274827
0.36075949367088606 0.2632794457274827
0.3612648221343874 0.26385681293302543
0.3617693522906793 0.2644341801385681
0.36148382004735596 0.2644341801385681
0.361198738170347 0.2644341801385681
0.3609141055949567 0.2644341801385681
