73076 28 0.9878298044204712
11635 48 0.9873201847076416
61478 48 0.9827871322631836
11557 48 0.9826372265815735
77038 48 0.9823265671730042
54292 48 0.977371871471405
51923 48 0.9757651090621948
29414 48 0.9757117033004761
81360 29 0.9750203490257263
11578 48 0.9723062515258789
11324 48 0.9720562100410461
11368 48 0.9717368483543396
26205 29 0.9702183604240417
67100 28 0.970158576965332
30874 48 0.9669743776321411
37015 48 0.9657586812973022
11330 48 0.9656488299369812
29577 48 0.9654858112335205
32681 29 0.9623979330062866
37016 48 0.9618772268295288
67879 29 0.9614399671554565
11564 48 0.9611477255821228
48854 48 0.9599131345748901
11664 48 0.9580846428871155
74743 28 0.9573665261268616
75627 48 0.956630527973175
21633 48 0.9537930488586426
80518 48 0.953772246837616
63621 28 0.9515618085861206
69911 29 0.9515455961227417
54112 48 0.9513051509857178
54236 48 0.95122891664505
17486 29 0.9509857296943665
31066 48 0.9499401450157166
62842 48 0.949714720249176
11660 48 0.9458760023117065
52747 28 0.9453383088111877
65399 48 0.9431796669960022
54814 48 0.9364944696426392
11724 48 0.9347453713417053
44556 29 0.9339091181755066
86019 29 0.9336028099060059
22278 48 0.9335180521011353
37810 48 0.932928204536438
30842 48 0.9328120350837708
31100 48 0.9319890737533569
54225 48 0.9310046434402466
7660 48 0.929902970790863
15419 48 0.9285560846328735
57534 28 0.9281975626945496
37799 48 0.9280527830123901
42453 48 0.9274293780326843
74162 48 0.9271132946014404
50825 48 0.9261865615844727
77039 48 0.9229680299758911
74171 48 0.9222023487091064
61067 28 0.9220083355903625
62788 48 0.9215699434280396
75131 48 0.9197453260421753
7698 48 0.9191302061080933
20534 29 0.9185144901275635
30354 28 0.9178523421287537
11473 48 0.916569709777832
74296 48 0.9163218140602112
54278 48 0.9154462814331055
34594 29 0.9148821234703064
72347 28 0.9148005843162537
76133 29 0.9140628576278687
27116 29 0.9139924645423889
7689 48 0.9139223098754883
45885 28 0.9105743765830994
54156 48 0.9101840853691101
1645 48 0.9100651144981384
11609 48 0.9100347757339478
71396 29 0.9097280502319336
29399 48 0.9096813797950745
56749 48 0.9080374836921692
54260 48 0.9058482050895691
38630 48 0.9056017398834229
54711 48 0.9053325653076172
56325 28 0.905051589012146
2327 28 0.9048362970352173
85949 48 0.90404212474823
37185 48 0.9031742811203003
59771 48 0.9022071957588196
52669 28 0.9010267853736877
36998 48 0.8990041613578796
50386 29 0.8973844647407532
59520 48 0.8973461389541626
84317 48 0.8970530033111572
11622 48 0.8964369893074036
36790 28 0.8963486552238464
15577 48 0.8961297869682312
58227 48 0.8957499861717224
17406 28 0.8928500413894653
1644 48 0.8921449780464172
59226 48 0.8905445337295532
6129 48 0.8895530700683594
27781 28 0.8885557651519775
81183 48 0.8874265551567078
7501 48 0.88711017370224
79582 48 0.8870049715042114
29624 48 0.8850247263908386
16706 48 0.884404182434082
66614 48 0.8836480379104614
29622 48 0.8835270404815674
11692 48 0.8827179074287415
3284 48 0.8818070888519287
76409 48 0.880346953868866
15406 48 0.8800992369651794
16590 48 0.8798933029174805
67953 28 0.8777875900268555
60583 28 0.8761515617370605
15551 48 0.8759761452674866
80555 48 0.875268816947937
84840 48 0.8740509748458862
39097 28 0.8732017278671265
7591 48 0.8728192448616028
63294 48 0.8726217746734619
75635 48 0.8720056414604187
7526 48 0.8719800710678101
11808 48 0.8719111084938049
74280 48 0.8716157078742981
54121 48 0.871564507484436
59728 48 0.8695876002311707
30469 28 0.8683027029037476
82400 48 0.8681397438049316
25134 28 0.8672010898590088
79219 28 0.8670211434364319
11278 48 0.8667058944702148
24468 29 0.8658026456832886
79247 28 0.8654272556304932
48907 48 0.8648600578308105
26316 29 0.8623574376106262
11334 48 0.8612634539604187
65371 48 0.8610407114028931
65307 48 0.860767126083374
77029 48 0.8600261211395264
11318 48 0.8593581914901733
29504 48 0.8583306670188904
3478 28 0.8579748272895813
65491 48 0.8579623103141785
11356 48 0.8560094833374023
86548 28 0.8556811213493347
16785 29 0.8553255796432495
69330 29 0.8545737862586975
37176 48 0.8543937802314758
35054 28 0.8541967868804932
62857 48 0.8539193868637085
88069 24 0.8528462648391724
21825 24 0.8525416254997253
7028 28 0.8512980341911316
37605 48 0.8511775135993958
49353 48 0.8500264286994934
30359 29 0.8475885987281799
2707 24 0.8473573327064514
7724 48 0.8471683263778687
37218 48 0.8464276790618896
46704 28 0.8459303975105286
50496 48 0.8451905846595764
11743 48 0.8449164628982544
6335 48 0.8436721563339233
77662 29 0.8429886698722839
22758 24 0.8429653644561768
52885 48 0.8428905606269836
37351 48 0.8399382829666138
68402 48 0.8390158414840698
65377 48 0.8389045000076294
58034 48 0.8369709849357605
79642 48 0.8361717462539673
6143 48 0.8359135985374451
37195 48 0.8357324600219727
65167 29 0.8346862196922302
20675 28 0.8345521092414856
15473 48 0.8336688876152039
65430 48 0.8336110711097717
11594 48 0.8324179649353027
47958 28 0.8321139216423035
25758 29 0.8315225839614868
19149 28 0.8313819169998169
85908 48 0.8313361406326294
75135 48 0.831305742263794
50560 48 0.8304409384727478
73029 28 0.830417275428772
15580 48 0.8293764591217041
82802 29 0.8277542591094971
50559 48 0.8268308043479919
77468 28 0.8267353177070618
17573 28 0.8263466358184814
48903 48 0.8259839415550232
25723 28 0.8259803056716919
63724 29 0.8258944749832153
10995 28 0.8247109055519104
75460 48 0.8243885040283203
67979 28 0.8221498727798462
38612 48 0.8216490745544434
52870 48 0.8204486966133118
85574 24 0.8199511766433716
66204 48 0.8194607496261597
53403 48 0.8177937865257263
49009 29 0.8174605965614319
79826 48 0.8167639970779419
11643 48 0.8148207068443298
1493 24 0.8136118054389954
48816 48 0.8122037649154663
54227 48 0.8119776248931885
59272 48 0.8119486570358276
92727 1 0.8117305040359497
37002 48 0.8116751313209534
11341 48 0.8115000128746033
94683 48 0.8099774718284607
83995 48 0.8080207705497742
22241 48 0.8078367114067078
74196 48 0.807557225227356
8918 28 0.8057227730751038
27683 29 0.8051930069923401
47057 24 0.8050363659858704
32692 29 0.8042064905166626
68579 24 0.8035645484924316
79699 48 0.8033827543258667
22987 48 0.802172839641571
38880 29 0.8015642762184143
75141 48 0.8014401793479919
30362 29 0.8006919622421265
86363 24 0.8006336092948914
77155 48 0.8001633882522583
1228 28 0.7996026873588562
58344 48 0.7989070415496826
30855 48 0.7988935112953186
62012 28 0.7985992431640625
21920 48 0.7983895540237427
23010 48 0.7966208457946777
11816 48 0.7957906126976013
36876 28 0.7955862879753113
51280 28 0.7951319813728333
15558 48 0.7931650280952454
59508 48 0.792665958404541
29542 48 0.7926525473594666
11815 48 0.7924692034721375
47455 48 0.7917726039886475
62913 48 0.7916785478591919
69230 28 0.7915840744972229
62820 48 0.7912918925285339
77882 28 0.7907698154449463
11300 48 0.789176881313324
34563 28 0.7886427640914917
75270 48 0.7885673642158508
66561 48 0.7881383299827576
35881 24 0.7873132228851318
42652 48 0.7864773869514465
56534 28 0.7842902541160583
48072 48 0.7836187481880188
86765 48 0.7835456728935242
66284 48 0.7830501794815063
22193 48 0.7823679447174072
30790 48 0.7817678451538086
37433 48 0.7816227078437805
15603 48 0.7814788222312927
22252 48 0.7808713316917419
48144 29 0.7807691097259521
47970 28 0.7800844311714172
17184 28 0.7795319557189941
32524 28 0.7787573933601379
29651 48 0.7780534625053406
7487 48 0.7763139009475708
87639 48 0.7762883901596069
76434 48 0.7747408747673035
7798 48 0.7743316292762756
54249 48 0.7739061713218689
52369 48 0.7738447189331055
37918 48 0.7720758318901062
65952 48 0.7716467380523682
37019 48 0.7711168527603149
17293 28 0.7709980010986328
76264 28 0.7699560523033142
65781 48 0.76982581615448
6881 28 0.7697394490242004
65961 48 0.769321858882904
48315 29 0.7691637873649597
15444 48 0.7689728736877441
25843 48 0.7675455212593079
15574 48 0.7651879191398621
65525 28 0.7645701766014099
38440 28 0.7640422582626343
26200 28 0.7640030384063721
17389 28 0.7635067105293274
77008 48 0.7631515860557556
7455 48 0.7619158625602722
18483 28 0.761475682258606
49386 48 0.7601689696311951
50469 48 0.759203314781189
7137 48 0.7585950493812561
2386 48 0.7583781480789185
62872 48 0.7558488249778748
8673 24 0.7548591494560242
48998 28 0.7538700103759766
78787 48 0.7529290318489075
54726 48 0.7527384757995605
90131 48 0.7519521713256836
24993 29 0.749944269657135
4061 29 0.7498487234115601
59857 48 0.7497705817222595
53911 48 0.7497203946113586
77028 48 0.7496553659439087
55432 48 0.7492619156837463
77649 28 0.7486953735351562
16585 28 0.7486270666122437
75628 48 0.7477626204490662
11281 48 0.7469589710235596
11450 48 0.746700644493103
75323 48 0.7458344101905823
11601 48 0.7457545399665833
67905 28 0.7446048259735107
73747 48 0.7445213198661804
36674 29 0.7432999014854431
49347 48 0.7431747913360596
37080 48 0.7429570555686951
65515 28 0.7415173053741455
41849 28 0.7415077686309814
84751 24 0.7414842844009399
79339 28 0.7414341568946838
72285 28 0.7401151657104492
12399 48 0.739663302898407
33355 28 0.739083468914032
69724 28 0.738973081111908
21384 29 0.7386400103569031
9687 28 0.7381532192230225
66301 48 0.7379409074783325
48821 48 0.7377562522888184
75524 48 0.7372043132781982
84906 48 0.7350413799285889
79436 48 0.73499596118927
52952 28 0.7342682480812073
29554 48 0.7342240810394287
82817 28 0.7340477108955383
66174 48 0.7339580655097961
11624 48 0.7336073517799377
53328 48 0.7331112623214722
20948 28 0.7330873608589172
5574 48 0.7329884767532349
79659 48 0.7326384782791138
65997 48 0.732046365737915
22075 48 0.7316847443580627
93716 48 0.7315660119056702
25309 28 0.7311736345291138
61354 28 0.7308508157730103
2427 48 0.7307913303375244
19686 28 0.729884684085846
48915 48 0.7295420169830322
85007 48 0.729396402835846
59828 48 0.7282455563545227
34473 28 0.7277030944824219
59682 48 0.7274147272109985
48924 48 0.726717472076416
75658 48 0.7267166376113892
22441 29 0.7266490459442139
21820 29 0.7266463041305542
30363 29 0.7262384295463562
83552 28 0.7246200442314148
94778 48 0.7239124774932861
65401 48 0.7235223054885864
78631 48 0.7232300043106079
35734 28 0.7231766581535339
49147 48 0.7229085564613342
60322 48 0.7214565873146057
49316 48 0.7204629182815552
85914 48 0.7187209129333496
11809 48 0.7183555364608765
11492 48 0.7177100777626038
58206 48 0.7176194787025452
58387 48 0.7169487476348877
23852 24 0.7166824340820312
39481 28 0.7150368690490723
61704 29 0.7140594124794006
54182 48 0.7134237885475159
58299 28 0.7128097414970398
4967 29 0.7124281525611877
37173 48 0.7121227383613586
74281 48 0.7119876146316528
65979 48 0.7106417417526245
34615 28 0.7098458409309387
50813 48 0.7090631127357483
39874 48 0.708625078201294
54261 48 0.7077044248580933
38897 29 0.7068533301353455
37431 48 0.7061898708343506
49002 28 0.7060412764549255
71649 48 0.7057828307151794
60635 28 0.7057424187660217
49100 48 0.7056909203529358
54131 48 0.7052597999572754
7486 48 0.7052109837532043
59387 48 0.7038934826850891
75592 48 0.7038317322731018
22145 48 0.7027217745780945
39537 29 0.702620267868042
7531 48 0.7025506496429443
30298 28 0.7022155523300171
29327 48 0.7019656896591187
58089 28 0.7002791166305542
69860 28 0.700170636177063
76551 48 0.699901819229126
68022 28 0.6992861032485962
54799 48 0.6991481781005859
4485 28 0.6986117959022522
72618 24 0.698391854763031
54530 28 0.6972494721412659
66227 48 0.697218656539917
31098 48 0.6971080899238586
68165 29 0.6962890625
30468 28 0.6960198879241943
26781 29 0.6957088112831116
24173 48 0.6957003474235535
50688 28 0.6951550245285034
7723 48 0.6945676207542419
35428 48 0.6943454742431641
77689 28 0.6936113238334656
38121 24 0.6924547553062439
7558 48 0.6923933029174805
21447 28 0.6923639178276062
75093 48 0.6922022700309753
31897 48 0.6921089887619019
11513 48 0.6918123960494995
71751 48 0.6900888085365295
39313 28 0.689708948135376
54302 48 0.6884308457374573
74330 48 0.688152551651001
20859 48 0.6875708699226379
3424 48 0.6873065233230591
91856 28 0.6868867874145508
32596 29 0.6861332058906555
57420 24 0.6855728030204773
7109 48 0.6835731267929077
71634 48 0.6833227872848511
29422 48 0.6830431818962097
79351 29 0.682511031627655
16292 28 0.6821920275688171
52207 48 0.6812831163406372
11947 36 0.6812551021575928
86196 28 0.6805808544158936
27464 28 0.6786168217658997
36662 24 0.677722692489624
86386 24 0.6770455837249756
79350 29 0.6769907474517822
70001 28 0.6766785383224487
35311 48 0.6762645840644836
31542 48 0.6755316257476807
23226 28 0.6746000647544861
22065 48 0.6745048761367798
61500 48 0.6744282245635986
37946 48 0.6744092106819153
33814 29 0.6739140152931213
11725 48 0.6739000678062439
28373 28 0.673712432384491
87533 24 0.6734201312065125
87946 28 0.6732398271560669
37754 48 0.6731259226799011
79225 28 0.6718613505363464
2469 48 0.6713899970054626
28925 29 0.6705759763717651
16105 24 0.6702085137367249
14494 28 0.6701384782791138
37438 48 0.670014500617981
24327 28 0.6696073412895203
51984 48 0.6677659153938293
3104 24 0.6674293875694275
6157 48 0.667365312576294
39554 28 0.6673562526702881
30307 28 0.6661100387573242
32816 29 0.6655142307281494
21732 29 0.6643504500389099
55257 48 0.6642045974731445
79596 24 0.6641620397567749
37266 48 0.6641532778739929
38360 48 0.663982093334198
84789 48 0.663867712020874
76093 29 0.6635926365852356
48203 28 0.6628036499023438
6205 48 0.6623308062553406
37167 48 0.6621178984642029
64184 28 0.6618490815162659
18978 28 0.6617928743362427
38588 48 0.661615788936615
73499 28 0.6604055166244507
68825 28 0.6603166460990906
79821 48 0.6601651906967163
15562 48 0.6597777009010315
20385 48 0.6592181921005249
12528 28 0.6587885022163391
68306 48 0.6587633490562439
55474 48 0.6580082178115845
29199 28 0.656543493270874
91408 28 0.6565252542495728
65921 48 0.656093955039978
34555 28 0.6559303402900696
66674 48 0.655631422996521
85208 29 0.6549540162086487
54215 48 0.6547667980194092
50927 29 0.6544328331947327
36557 28 0.6538875102996826
48519 29 0.6532647013664246
16586 28 0.6532060503959656
84934 48 0.6531323790550232
21367 28 0.6529926061630249
22339 48 0.6526955962181091
11591 48 0.6526075601577759
64958 29 0.6514367461204529
11375 48 0.6510888338088989
41298 24 0.6501150727272034
37553 29 0.6497983932495117
62931 48 0.6497300267219543
84925 48 0.6485951542854309
79800 48 0.6480132937431335
54165 48 0.6472486853599548
19028 29 0.6471071839332581
65482 48 0.6467974185943604
74314 48 0.6463459730148315
82788 28 0.646318256855011
36793 29 0.6460865139961243
55987 28 0.6460751295089722
3799 28 0.6458572745323181
65910 48 0.6458407640457153
20963 28 0.6447010636329651
51895 48 0.6442831754684448
15483 48 0.644249439239502
84618 28 0.6441822052001953
29648 48 0.6439543962478638
17209 28 0.6439095139503479
64976 29 0.6438535451889038
93358 48 0.6436580419540405
59658 48 0.6432191729545593
17966 24 0.6430772542953491
28296 29 0.642249345779419
44226 48 0.6422201991081238
94712 48 0.6418411731719971
60181 48 0.6417039632797241
77645 28 0.6406223177909851
28058 28 0.6403800845146179
29821 29 0.6396377086639404
50482 48 0.6393709778785706
37204 28 0.638849139213562
89597 48 0.637977123260498
83324 28 0.6378560066223145
37722 48 0.6372113227844238
89390 48 0.6369138956069946
65358 48 0.6361449360847473
16742 28 0.635632336139679
10071 28 0.6351222395896912
32889 28 0.634257435798645
58534 28 0.6336248517036438
65805 48 0.6333590149879456
80388 48 0.6318826079368591
13926 28 0.6313174366950989
54117 48 0.6300175189971924
34427 28 0.6298055648803711
59839 48 0.6296203136444092
34548 29 0.6281639337539673
66224 48 0.6279735565185547
65448 48 0.6277938485145569
54798 48 0.6272168159484863
64381 24 0.6267166137695312
63253 28 0.6261262893676758
58450 48 0.625751256942749
85295 48 0.6250274181365967
76414 48 0.6244441866874695
58136 48 0.6244120597839355
1640 48 0.6244078278541565
48008 48 0.62335205078125
18351 36 0.6231626272201538
83329 24 0.6226481199264526
54841 28 0.6225014328956604
29573 48 0.6216201782226562
11729 48 0.6214144825935364
93599 48 0.6212354302406311
26802 28 0.6207775473594666
31116 48 0.6206569075584412
20693 28 0.6202854514122009
38557 48 0.6197665929794312
62607 28 0.619297981262207
80287 28 0.6189548969268799
48916 48 0.6181479692459106
44232 48 0.6178625226020813
37354 48 0.617550790309906
72316 29 0.6172500252723694
11268 48 0.6168971657752991
1673 48 0.6168818473815918
57219 28 0.6156405210494995
35484 24 0.6154654026031494
24540 28 0.6148401498794556
73710 48 0.614840030670166
50848 24 0.6146904230117798
74308 24 0.6142839193344116
39233 28 0.6137216687202454
16709 48 0.6132350564002991
54748 48 0.6131411194801331
81659 28 0.612120509147644
26093 28 0.6119794249534607
64583 48 0.6119212508201599
42942 48 0.611472487449646
19385 29 0.6105508804321289
58019 48 0.6100780367851257
60755 48 0.610017716884613
79776 48 0.6098040342330933
87625 48 0.6097496747970581
41359 29 0.6096670031547546
64038 28 0.6096465587615967
79770 48 0.6092668175697327
15507 48 0.6092540621757507
37207 48 0.6090196967124939
48057 48 0.6084163784980774
55692 48 0.6081474423408508
16713 48 0.6078784465789795
41594 29 0.6077125668525696
51979 48 0.6064974069595337
39759 28 0.6058893203735352
81750 28 0.6056036353111267
545 1 0.6050214767456055
30867 48 0.6037209033966064
11179 48 0.6036407351493835
73861 48 0.6024250984191895
19929 28 0.6024150848388672
18537 28 0.6023927927017212
15414 48 0.6017086505889893
62712 24 0.6010403037071228
24948 48 0.6008208394050598
37220 49 0.6006130576133728
71625 48 0.6001378297805786
75649 48 0.5992984175682068
73528 28 0.5992268323898315
15620 48 0.5976459383964539
22419 48 0.5971357226371765
77732 24 0.5968894362449646
13406 36 0.5967411994934082
62065 28 0.5965145230293274
56174 29 0.5964017510414124
48856 48 0.5962057113647461
75103 48 0.5957173109054565
11526 48 0.5953735709190369
59363 49 0.5949344635009766
24228 48 0.5949268937110901
21336 24 0.5944839715957642
60594 29 0.5944463610649109
29023 29 0.5942358374595642
53243 36 0.5939318537712097
55889 48 0.5929897427558899
79644 48 0.5929583311080933
67540 28 0.5923464894294739
49418 28 0.5913826823234558
83812 48 0.5912265777587891
53309 29 0.5910648107528687
49227 28 0.5908150672912598
66323 48 0.5906457901000977
22732 29 0.5904555916786194
51115 28 0.589881420135498
36996 48 0.5898569226264954
67375 48 0.5898193120956421
31704 36 0.589402437210083
84341 24 0.5886747241020203
27362 28 0.5882023572921753
38141 48 0.5881059169769287
63615 28 0.5879833698272705
12073 28 0.5875108242034912
77699 24 0.5870615839958191
83309 28 0.5867734551429749
41606 29 0.5866524577140808
30936 48 0.5865517258644104
65480 48 0.5864296555519104
51897 48 0.5862851142883301
12823 24 0.5856980085372925
60516 28 0.5856097340583801
7470 48 0.5851059556007385
59391 48 0.5842097997665405
78326 48 0.5840433239936829
11145 48 0.5833243131637573
39410 28 0.5825468301773071
34847 29 0.5825228095054626
7608 48 0.5824546813964844
29092 48 0.5824375748634338
77030 48 0.5823841094970703
18333 36 0.5823427438735962
68811 48 0.5819104313850403
31002 48 0.5809757709503174
6052 48 0.5804914236068726
67564 29 0.5797321200370789
11671 48 0.5796473026275635
36217 28 0.5795738101005554
15528 48 0.5794246792793274
1667 48 0.578872799873352
37524 48 0.5785413980484009
19897 28 0.5782986879348755
7490 48 0.5781295895576477
37062 48 0.5780228972434998
84506 48 0.5777826309204102
36952 48 0.5773575901985168
64143 48 0.57729572057724
2850 28 0.5769574642181396
87460 48 0.5767489075660706
70445 48 0.5764762759208679
39764 24 0.5761491060256958
18509 29 0.5756444334983826
2370 48 0.5743510127067566
56621 29 0.5738303661346436
3083 48 0.5734163522720337
7492 48 0.5732597708702087
8728 24 0.5726268887519836
76793 48 0.5715318322181702
94701 1 0.5711336731910706
92327 48 0.5706078410148621
54169 48 0.5705912113189697
79838 48 0.570334792137146
85969 48 0.5700581669807434
53392 29 0.5700405836105347
3227 48 0.5696763396263123
71590 48 0.5695045590400696
65026 24 0.5692409873008728
64116 28 0.5692271590232849
26750 24 0.5690327286720276
24364 24 0.5683548450469971
24606 28 0.5683469176292419
48859 48 0.5682039260864258
9026 48 0.5675812363624573
24482 24 0.5673217177391052
85013 48 0.5671821236610413
48484 1 0.5666238069534302
26166 29 0.5663140416145325
47066 48 0.5659493207931519
4682 28 0.5657493472099304
93228 48 0.5656869411468506
10385 29 0.5650939345359802
65566 29 0.5648800134658813
75196 36 0.5648255944252014
13507 28 0.5647523403167725
84123 24 0.5643926858901978
15578 48 0.5643787980079651
51771 28 0.5641066431999207
81515 28 0.5640549063682556
55865 49 0.5634060502052307
52814 48 0.5626296401023865
2741 28 0.5620130896568298
6520 28 0.561347484588623
70069 28 0.5613282322883606
80633 48 0.5611677765846252
77020 48 0.560758113861084
80632 48 0.5607563257217407
76777 48 0.5604249835014343
62662 29 0.5602540969848633
48283 29 0.5601519346237183
11319 48 0.5599439144134521
56685 28 0.5598767995834351
33041 36 0.5598094463348389
74264 48 0.5597969889640808
52439 48 0.5596460700035095
94693 48 0.5595443844795227
95402 48 0.5592885613441467
58107 48 0.5592706799507141
45682 48 0.5587999820709229
14200 28 0.5583831071853638
37410 48 0.5583136081695557
29506 48 0.5580525994300842
62605 28 0.5579856038093567
75451 48 0.5575166344642639
41652 29 0.5575064420700073
6648 28 0.5568079948425293
20899 28 0.5566075444221497
24922 24 0.5559684634208679
8628 36 0.5559470057487488
37058 48 0.5556847453117371
66592 48 0.553586483001709
7017 48 0.5534440875053406
6360 48 0.5532660484313965
15432 48 0.5531983375549316
37595 48 0.5527849197387695
66607 48 0.5526265501976013
78453 48 0.5515154600143433
62711 48 0.5513902902603149
26350 28 0.5508378148078918
30358 28 0.5508204102516174
31595 28 0.5507344603538513
84966 48 0.5507214665412903
48091 48 0.5504500269889832
76138 29 0.5498170852661133
63876 29 0.5497758984565735
94707 48 0.5494236350059509
75469 48 0.5486947894096375
34464 29 0.5482500791549683
26816 28 0.5481536984443665
58113 28 0.5478131771087646
80290 28 0.5473344922065735
11690 48 0.5473202466964722
77347 9 0.5469408631324768
79887 29 0.5468107461929321
39516 28 0.5466170310974121
11950 28 0.5460754036903381
88136 36 0.5457594990730286
85598 28 0.5456310510635376
60250 48 0.5447911024093628
68458 1 0.5447713136672974
75437 48 0.5446931719779968
64542 48 0.544331967830658
50412 48 0.5443060994148254
87021 24 0.5442126393318176
1894 24 0.5441616177558899
83895 48 0.5424667596817017
93023 28 0.5423402786254883
54983 28 0.5422382354736328
58244 48 0.5414461493492126
38573 48 0.5414188504219055
93466 1 0.5404283404350281
15530 48 0.5403828620910645
56157 28 0.5399508476257324
68592 28 0.5393482446670532
75822 28 0.5392210483551025
20470 28 0.5384603142738342
5983 48 0.537415623664856
49298 48 0.5373876690864563
89267 48 0.5373115539550781
29647 48 0.5370616912841797
64966 28 0.5365428328514099
67748 28 0.5364691615104675
31056 24 0.5361630916595459
23878 28 0.5361397862434387
30956 48 0.5359334945678711
52374 48 0.5356774926185608
84522 48 0.5355112552642822
75316 48 0.5353846549987793
59868 48 0.5349270105361938
78188 28 0.534592866897583
49364 48 0.5338172316551208
91400 29 0.5324418544769287
46741 6 0.5317838788032532
37014 48 0.5313084721565247
29614 48 0.5312185287475586
71651 48 0.5306062698364258
76588 48 0.5305265784263611
77017 48 0.5300033092498779
63865 28 0.5298621654510498
36997 48 0.5294264554977417
534 28 0.5292797088623047
89200 48 0.529253363609314
50843 48 0.5288674235343933
37796 48 0.5285508036613464
49372 48 0.5282308459281921
51279 28 0.5279578566551208
48036 48 0.5275968313217163
85005 48 0.5275861024856567
45014 28 0.5274196267127991
10180 48 0.5271688103675842
94226 48 0.5271498560905457
29393 48 0.527033269405365
76509 48 0.5267707109451294
55442 48 0.5267465710639954
65393 48 0.5263800024986267
15450 48 0.5260322690010071
85735 48 0.5256439447402954
88776 24 0.5247941017150879
34494 28 0.5247696042060852
15996 24 0.5246307253837585
65023 28 0.5245651602745056
11225 48 0.5238720774650574
21994 48 0.5236592888832092
48019 48 0.5231948494911194
27713 28 0.5228167772293091
31806 28 0.5219705700874329
29656 48 0.5218810439109802
76167 28 0.5218061208724976
8736 29 0.521656334400177
85880 48 0.5215709805488586
94426 48 0.521081805229187
55536 48 0.5202876925468445
11295 48 0.5200877785682678
73044 48 0.5199242234230042
5908 48 0.5198319554328918
87129 48 0.5195609331130981
22956 29 0.5193703174591064
51558 24 0.5192689895629883
94414 48 0.5191954970359802
71539 24 0.5187522172927856
42442 48 0.518491804599762
76478 48 0.5183513760566711
93506 48 0.5181710720062256
73225 36 0.5179936289787292
8765 28 0.5178598761558533
71181 8 0.5174775123596191
41952 28 0.5166537165641785
39869 48 0.5164734125137329
82862 28 0.5164380073547363
8022 29 0.5162030458450317
84461 48 0.5160585045814514
83638 24 0.5160276293754578
67223 28 0.5159058570861816
29348 48 0.5158215761184692
30993 48 0.515192985534668
38869 29 0.5145745277404785
3772 24 0.5145097374916077
11427 48 0.514060378074646
54744 48 0.5139315128326416
54549 29 0.51337069272995
68856 24 0.5129581689834595
84921 48 0.5126301050186157
11366 48 0.5125318765640259
20473 29 0.512385904788971
75496 48 0.5117277503013611
8861 29 0.5116453170776367
18120 36 0.5114613771438599
12410 48 0.5114108920097351
11424 48 0.5112718939781189
48043 48 0.5111473202705383
22949 1 0.5110877752304077
67150 28 0.5110589265823364
44507 48 0.5108140110969543
34759 28 0.5108003616333008
59170 28 0.5104610919952393
17268 28 0.509857177734375
37125 24 0.5096580386161804
75095 48 0.5092558264732361
32990 28 0.5092378854751587
1270 1 0.5092142820358276
16696 48 0.5092014670372009
64544 24 0.5091140866279602
75253 48 0.5090258717536926
25605 24 0.5086958408355713
78066 24 0.5086737871170044
28545 48 0.5085957646369934
37733 48 0.5085121989250183
52886 48 0.5082915425300598
79451 48 0.5078586935997009
50400 48 0.507582426071167
60071 6 0.5075570940971375
61468 48 0.5073467493057251
21957 48 0.5072089433670044
11327 48 0.507144033908844
75109 48 0.5070836544036865
49282 24 0.5067707300186157
84726 24 0.5061456561088562
34421 29 0.5060340762138367
26984 29 0.505857527256012
67838 48 0.5055056214332581
66855 24 0.5053089261054993
70373 28 0.5045265555381775
64037 28 0.5044034123420715
48877 48 0.5043307542800903
24864 28 0.5039777755737305
29842 24 0.5035721659660339
37388 48 0.5033608675003052
27941 29 0.503152072429657
38675 28 0.5030902028083801
77297 28 0.5029566884040833
37822 48 0.5028194785118103
18286 28 0.5023308992385864
37200 48 0.5017179846763611
24923 29 0.5015715956687927
58226 48 0.5012834668159485
77027 48 0.5012599229812622
11751 48 0.5010907649993896
7562 48 0.5008804798126221
52195 48 0.5007856488227844
83691 48 0.5006524920463562
4516 28 0.5005480647087097
53834 48 0.4988485276699066
87732 28 0.4988192915916443
51521 48 0.49881863594055176
91991 48 0.49875903129577637
81040 48 0.49852433800697327
48274 28 0.4982251524925232
13000 48 0.49794355034828186
33735 28 0.49782595038414
27105 28 0.49780845642089844
52631 24 0.49772587418556213
31072 28 0.49747949838638306
51749 24 0.4973643720149994
49415 48 0.4967951774597168
73923 29 0.49636515974998474
69524 28 0.4960464537143707
38177 48 0.4952543377876282
24171 48 0.4945515990257263
52828 48 0.49402105808258057
30472 28 0.49393460154533386
59649 48 0.49386829137802124
57395 28 0.4937339425086975
11596 48 0.49372750520706177
64610 48 0.4937193691730499
23808 24 0.49364835023880005
51900 48 0.49362948536872864
22356 48 0.49244576692581177
45188 36 0.49243462085723877
10737 48 0.4921109676361084
87115 9 0.49190831184387207
28399 28 0.4916868209838867
70372 29 0.49151667952537537
21972 48 0.4914276897907257
30947 48 0.4912455976009369
22087 48 0.4910300374031067
37115 48 0.4910006821155548
37069 48 0.4908182919025421
37927 48 0.4906269907951355
67608 24 0.4904550611972809
23930 28 0.489612877368927
78203 28 0.48903852701187134
85676 24 0.4888046979904175
9303 36 0.48849722743034363
28071 28 0.4880346953868866
47759 48 0.48773178458213806
17136 48 0.48742058873176575
5213 28 0.48719272017478943
88578 24 0.48707425594329834
53674 48 0.4861317574977875
35860 28 0.4858793020248413
64978 24 0.485749214887619
58047 48 0.4855647087097168
55250 48 0.48537641763687134
72440 28 0.4817204177379608
15445 48 0.48124462366104126
37109 48 0.4798847436904907
18344 36 0.47966933250427246
82153 28 0.4788396656513214
37007 48 0.4784383475780487
37166 48 0.4776338040828705
5731 28 0.4766821265220642
31531 48 0.47626015543937683
17380 1 0.47496265172958374
84402 28 0.4743961691856384
87034 1 0.47418785095214844
30263 24 0.4724189341068268
37141 24 0.47190624475479126
18484 28 0.47179609537124634
52898 48 0.471663236618042
68608 36 0.47141656279563904
42110 24 0.4703439176082611
83129 48 0.46988654136657715
69897 29 0.4695844054222107
30911 24 0.4695068299770355
22451 29 0.46940115094184875
83534 24 0.4693478047847748
67536 28 0.4682983160018921
81415 28 0.46778741478919983
75653 48 0.46570250391960144
48526 28 0.46564579010009766
81086 36 0.46390557289123535
57188 28 0.46296510100364685
60910 24 0.46099555492401123
73234 36 0.4608449637889862
55883 24 0.4605400562286377
37444 48 0.4597410559654236
57943 24 0.4593883752822876
7032 36 0.45745277404785156
60033 6 0.4559478163719177
58005 8 0.4558773338794708
48122 29 0.4552886188030243
77652 36 0.454634428024292
16473 48 0.4546191394329071
7082 28 0.45192888379096985
33359 36 0.4506838321685791
57796 28 0.450162798166275
64249 36 0.44982466101646423
4462 36 0.44886156916618347
75497 48 0.44864973425865173
43008 24 0.44690001010894775
93927 48 0.4467179477214813
74013 36 0.44582587480545044
82104 8 0.4443826675415039
75461 48 0.44196662306785583
28785 28 0.44082412123680115
9089 24 0.43796607851982117
28445 36 0.4349247217178345
79765 48 0.4333563446998596
18347 36 0.43094155192375183
82197 28 0.43052807450294495
26539 28 0.4252893924713135
52458 28 0.42476946115493774
13095 36 0.42370134592056274
36202 6 0.4229855537414551
31017 48 0.42236319184303284
43712 36 0.42080774903297424
52863 48 0.4160192012786865
90169 36 0.41141241788864136
60542 36 0.41136541962623596
71339 1 0.4113204777240753
74762 36 0.41110745072364807
59414 49 0.41093045473098755
69536 36 0.4102688133716583
23227 8 0.40599381923675537
31137 36 0.40152686834335327
54994 24 0.4009573757648468
16134 1 0.4001269042491913
47060 1 0.39924052357673645
12398 48 0.39849552512168884
51598 36 0.3976958692073822
75495 48 0.3964845836162567
7081 29 0.39445677399635315
7977 24 0.3941349983215332
42030 36 0.3924141824245453
59468 24 0.39109429717063904
52474 36 0.39070871472358704
15881 36 0.3895718455314636
39533 28 0.3877656161785126
13452 9 0.3861595392227173
2101 36 0.38502800464630127
50189 48 0.3833644986152649
38906 29 0.3815755844116211
36661 36 0.38132789731025696
75411 48 0.3812727630138397
21527 36 0.3806360960006714
29226 36 0.3777960538864136
31765 48 0.3759809732437134
71766 48 0.3709593117237091
39964 24 0.3694016933441162
62507 9 0.3666567802429199
55376 36 0.3647936284542084
68499 9 0.36106106638908386
26756 9 0.36094069480895996
75600 49 0.35788488388061523
72079 36 0.35280880331993103
16754 24 0.35184046626091003
27009 36 0.3504908084869385
16507 36 0.3361068665981293
17950 36 0.3306140899658203
7025 49 0.3187946081161499
7031 36 0.31815990805625916
20962 36 0.31441375613212585
30623 8 0.3143633306026459
64300 8 0.313444584608078
51700 36 0.3097955882549286
33236 36 0.3064199686050415
76226 9 0.3044479489326477
36964 49 0.2911279797554016
41378 1 0.28096869587898254
69973 29 0.2551722824573517
