11635 48 0.9908536672592163
73076 28 0.9868491888046265
81360 29 0.9866867065429688
11578 48 0.9828534722328186
11368 48 0.9821732044219971
11557 48 0.9804067015647888
51923 48 0.9801294207572937
44556 29 0.9800933003425598
61478 48 0.9799537658691406
32681 29 0.9789738059043884
32692 29 0.9774399995803833
29399 48 0.9773069024085999
16785 29 0.9769272804260254
26205 29 0.9765868782997131
17293 28 0.9749395251274109
11324 48 0.9746818542480469
21633 48 0.9731847047805786
50386 29 0.9722973108291626
11660 48 0.972211480140686
67879 29 0.9705806374549866
11330 48 0.9704407453536987
62842 48 0.9703617095947266
11564 48 0.9685160517692566
37799 48 0.9645894169807434
11473 48 0.964222252368927
37015 48 0.9630354642868042
37016 48 0.962769627571106
77038 48 0.9625306725502014
75131 48 0.9619193077087402
69911 29 0.9618403911590576
11664 48 0.9611377120018005
48144 29 0.9603804349899292
54260 48 0.9601235389709473
26316 29 0.9583105444908142
11724 48 0.957402765750885
27116 29 0.9573766589164734
54292 48 0.9562845230102539
62788 48 0.9558936357498169
54112 48 0.9548330307006836
37605 48 0.9535982012748718
29414 48 0.9526981115341187
27683 29 0.9526547193527222
11815 48 0.9522913694381714
48907 48 0.9509968161582947
2327 28 0.9492238163948059
80518 48 0.9488092064857483
34427 28 0.9482781887054443
48854 48 0.9466216564178467
77008 48 0.9463866949081421
15603 48 0.946372389793396
29577 48 0.9460816383361816
45885 28 0.9456377625465393
79582 48 0.9451321363449097
59226 48 0.9442550539970398
22252 48 0.9442330598831177
63621 28 0.9442158341407776
54225 48 0.943744421005249
54156 48 0.9432862401008606
30874 48 0.9430017471313477
54278 48 0.9429415464401245
51897 48 0.9424422979354858
22278 48 0.9422125816345215
80290 28 0.9407515525817871
65399 48 0.9403229355812073
74296 48 0.940298318862915
27781 28 0.9383424520492554
65377 48 0.938258707523346
46704 28 0.9377966523170471
75627 48 0.9362685680389404
65430 48 0.9361265897750854
48903 48 0.9361175894737244
66614 48 0.9350857138633728
77468 28 0.9340144395828247
62872 48 0.9328923225402832
32816 29 0.9328709840774536
31100 48 0.9323254823684692
75270 48 0.9316489100456238
79642 48 0.9312520027160645
61067 28 0.9306983947753906
84317 48 0.9305623173713684
11692 48 0.9302784204483032
59520 48 0.9292078614234924
37185 48 0.9288743138313293
52747 28 0.9280235171318054
58227 48 0.9277793765068054
3284 48 0.9272745847702026
54236 48 0.9264907836914062
71396 29 0.9263933897018433
15406 48 0.9259639978408813
58206 48 0.9257460236549377
38897 29 0.9255587458610535
19686 28 0.9252594113349915
11609 48 0.9229860901832581
59387 48 0.9226094484329224
34615 28 0.9224151968955994
67953 28 0.9224132895469666
24468 29 0.9222829341888428
18537 28 0.9218380451202393
75095 48 0.9218249320983887
19223 29 0.9215019345283508
48915 48 0.9213093519210815
81183 48 0.9191945195198059
11622 48 0.9191182255744934
67100 28 0.9175235629081726
76133 29 0.9173354506492615
74196 48 0.9170724749565125
15620 48 0.9165686964988708
11450 48 0.9163452386856079
1645 48 0.9158208966255188
1644 48 0.9142813086509705
74162 48 0.9141001105308533
35054 28 0.9139838814735413
16706 48 0.9135966897010803
86019 29 0.9125213623046875
62012 28 0.9117926359176636
41849 28 0.9114506244659424
77039 48 0.9113543033599854
50825 48 0.9100337028503418
20963 28 0.9080359935760498
38440 28 0.9064987301826477
74281 48 0.9053647518157959
17486 29 0.9048822522163391
91408 28 0.9043500423431396
15562 48 0.9035848379135132
79350 29 0.9031902551651001
79247 28 0.9031524062156677
22441 29 0.9025195837020874
47958 28 0.9020861387252808
22145 48 0.9013949036598206
10995 28 0.9009788036346436
64116 28 0.9006149768829346
15419 48 0.9001423120498657
79219 28 0.9001020193099976
15414 48 0.8996865153312683
67979 28 0.8989832997322083
30354 28 0.8975632190704346
25843 48 0.8974633812904358
31066 48 0.8972338438034058
73747 48 0.8967117071151733
2707 24 0.8965586423873901
11808 48 0.8954424858093262
49353 48 0.8943329453468323
50813 48 0.8919982314109802
15551 48 0.8913633227348328
6881 28 0.8912976384162903
11643 48 0.8909737467765808
36674 29 0.8909221887588501
78631 48 0.8906272649765015
82400 48 0.8901209831237793
72347 28 0.8898777365684509
24993 29 0.8896802067756653
31116 48 0.8886626958847046
38141 48 0.8881398439407349
71594 48 0.8877764940261841
56086 29 0.8870086669921875
32524 28 0.8859850168228149
85914 48 0.8857315182685852
1493 24 0.8854195475578308
22241 48 0.8846365809440613
15580 48 0.8838832378387451
26802 28 0.8835626840591431
65307 48 0.8829817175865173
75135 48 0.8821200728416443
37218 48 0.8819296360015869
11318 48 0.8818159103393555
57534 28 0.8810818791389465
65371 48 0.8803307414054871
78203 28 0.878526508808136
15574 48 0.8776793479919434
42453 48 0.8773256540298462
11591 48 0.8771299719810486
52669 28 0.8769751191139221
85949 48 0.8769638538360596
58299 28 0.8768466114997864
74743 28 0.8742997646331787
64976 29 0.8732747435569763
60322 48 0.8725989460945129
48315 29 0.8724554181098938
3478 28 0.8715417981147766
48036 48 0.8693217635154724
51895 48 0.8689828515052795
36998 48 0.8689372539520264
56325 28 0.8682016730308533
48924 48 0.8679646253585815
76264 28 0.8678499460220337
65509 28 0.8677932620048523
79659 48 0.8659331798553467
84840 48 0.8657823801040649
74171 48 0.8653500080108643
87639 48 0.8646901249885559
15577 48 0.8639426231384277
7137 48 0.8633649349212646
30855 48 0.8614562749862671
72316 29 0.8605149984359741
65952 48 0.8597919344902039
59771 48 0.8591745495796204
68402 48 0.8589565753936768
65480 48 0.8589359521865845
83766 28 0.8585426211357117
11278 48 0.8584991097450256
11743 48 0.8571730256080627
84789 48 0.8569350838661194
37195 48 0.8559578657150269
85908 48 0.8546160459518433
59508 48 0.8544719815254211
53911 48 0.8541386127471924
67670 28 0.8540981411933899
54169 48 0.8528710007667542
62857 48 0.8528217673301697
2469 48 0.8522279262542725
30842 48 0.8521608114242554
37351 48 0.8521586656570435
54711 48 0.8504775762557983
79826 48 0.8494023680686951
11179 48 0.8487778306007385
19149 28 0.8481676578521729
29622 48 0.8480208516120911
69230 28 0.847144603729248
64038 28 0.8458482623100281
16585 28 0.84514319896698
21367 28 0.8451091051101685
54121 48 0.8445814847946167
38630 48 0.8441330790519714
29648 48 0.8440111875534058
22419 48 0.8437947034835815
73029 28 0.8431750535964966
15834 28 0.842939555644989
17209 28 0.8422282934188843
54814 48 0.8422173857688904
11341 48 0.8415423631668091
94414 48 0.841268002986908
50843 48 0.841034471988678
83895 48 0.8404624462127686
7689 48 0.8401033282279968
11470 48 0.8399569988250732
24923 29 0.8391435742378235
30469 28 0.8390181064605713
50688 28 0.838236391544342
59272 48 0.8364790081977844
11594 48 0.8363070487976074
25758 29 0.8361530900001526
31098 48 0.8358022570610046
63294 48 0.8357247710227966
52911 29 0.8354461789131165
65311 48 0.8353998064994812
74280 48 0.8332219123840332
84618 28 0.8327362537384033
37173 48 0.8326597213745117
52369 48 0.8324622511863708
79644 48 0.8323258757591248
69330 29 0.8318141102790833
33355 28 0.8316519856452942
1667 48 0.8315483331680298
52885 48 0.8297585248947144
29624 48 0.8297543525695801
37167 48 0.8296045660972595
83995 48 0.8283973336219788
30790 48 0.8281266093254089
22193 48 0.8279145359992981
37266 48 0.8271056413650513
38759 29 0.8266803026199341
47057 24 0.8260539174079895
79770 48 0.8258410096168518
15473 48 0.8251065015792847
12399 48 0.8249701857566833
82802 29 0.8230090141296387
81750 28 0.822014570236206
86765 48 0.8206181526184082
85208 29 0.8204307556152344
65401 48 0.8204069137573242
84925 48 0.8202664852142334
63865 28 0.8200311660766602
51984 48 0.8197357654571533
32449 28 0.8191637396812439
56749 48 0.817996621131897
65534 28 0.8167626261711121
84949 48 0.8166330456733704
11680 48 0.816506564617157
75635 48 0.8159392476081848
87732 28 0.8158426284790039
27314 28 0.815194308757782
54031 28 0.8147327303886414
11334 48 0.81298828125
34594 29 0.812931478023529
66625 48 0.8124495148658752
18509 29 0.8100110292434692
38208 48 0.8099267482757568
65136 48 0.8092924356460571
53403 48 0.8090928196907043
49402 48 0.808790922164917
39410 28 0.8087123036384583
60635 28 0.8086114525794983
48519 29 0.8081240653991699
30363 29 0.80677729845047
21384 29 0.8063942193984985
11494 48 0.8061029314994812
28472 28 0.8055543303489685
56157 28 0.8051173686981201
30362 29 0.8049675822257996
38612 48 0.804844319820404
36406 28 0.8046793341636658
73499 28 0.8044698238372803
59170 28 0.8040168881416321
80555 48 0.8037765026092529
54115 48 0.803385853767395
48816 48 0.8029223680496216
51938 48 0.8028395771980286
37080 48 0.8026733994483948
60181 48 0.8019289374351501
59728 48 0.8019067049026489
37719 48 0.8018853664398193
59828 48 0.8006437420845032
38880 29 0.8005689382553101
11369 48 0.8003782629966736
48019 48 0.7996898889541626
16292 28 0.798112690448761
49418 28 0.7979298830032349
37810 48 0.7975531220436096
37796 48 0.7969258427619934
11513 48 0.7958556413650513
7698 48 0.7952173352241516
38360 48 0.7951700091362
29504 48 0.7951192855834961
66674 48 0.7949110269546509
10085 28 0.7933329343795776
20534 29 0.7931841015815735
65167 29 0.7928511500358582
93358 48 0.7928416728973389
70001 28 0.7927802205085754
11457 48 0.7917097806930542
58344 48 0.791608452796936
65491 48 0.7913120985031128
59857 48 0.7910940647125244
66624 48 0.7910892963409424
64037 28 0.7907992005348206
54261 48 0.7900245785713196
72285 28 0.7896097302436829
3674 48 0.7886994481086731
53862 48 0.7876152992248535
91856 28 0.7870004773139954
52870 48 0.7864827513694763
75323 48 0.7852734327316284
30936 48 0.7843698263168335
56621 29 0.784060001373291
20899 28 0.7839171290397644
75080 28 0.7838780283927917
75128 48 0.7833065986633301
28296 29 0.7818276286125183
79821 48 0.7818003296852112
37723 48 0.7814356684684753
94426 48 0.7813080549240112
54329 28 0.7811830043792725
48072 48 0.780751645565033
21166 36 0.7805156707763672
88209 48 0.7804262042045593
84923 48 0.7797220945358276
37438 48 0.7797110080718994
77689 28 0.7794191837310791
15558 48 0.7793909907341003
76409 48 0.7787501811981201
37712 48 0.7785444259643555
36996 48 0.7778304219245911
77029 48 0.7775510549545288
68022 28 0.7772465348243713
57395 28 0.77671879529953
14494 28 0.7759115695953369
17389 28 0.7753809690475464
49147 48 0.7749997973442078
75460 48 0.7744463682174683
37595 48 0.7733038067817688
11356 48 0.7729573845863342
11809 48 0.772914707660675
60755 48 0.7728699445724487
65525 28 0.7723671793937683
22077 48 0.7717838883399963
54249 48 0.7716925144195557
85007 48 0.770541787147522
29614 48 0.7702497839927673
62711 48 0.7695408463478088
54283 48 0.7692456841468811
18483 28 0.769084095954895
84948 48 0.7688192129135132
26200 28 0.7683953642845154
85002 48 0.768308699131012
65515 28 0.7670242786407471
30914 28 0.7657361626625061
46741 6 0.7655673027038574
64958 29 0.7643519043922424
36107 28 0.7643032073974609
52783 28 0.7641708850860596
36557 28 0.7634750008583069
48074 48 0.762779176235199
47125 28 0.7623864412307739
22322 48 0.7614940404891968
17573 28 0.7609733939170837
75602 48 0.7605515718460083
15411 48 0.7588079571723938
77662 29 0.7572869658470154
55987 28 0.7554587721824646
29422 48 0.7536496520042419
31704 36 0.753141462802887
80135 28 0.7528474926948547
37722 48 0.7525233030319214
41594 29 0.752134382724762
35881 24 0.7520167231559753
22339 48 0.751542866230011
85574 24 0.7502514719963074
79367 28 0.7501693367958069
68579 24 0.7498378157615662
58136 48 0.7492892742156982
54302 48 0.748540997505188
18777 48 0.7451987862586975
37433 48 0.744634211063385
37431 48 0.7442527413368225
49347 48 0.7430652976036072
87495 48 0.7427774667739868
11606 48 0.7426449060440063
27764 29 0.7413961291313171
37122 48 0.7406733632087708
30359 29 0.7405330538749695
79776 48 0.7399428486824036
62607 28 0.7396999597549438
65358 48 0.7394074201583862
38676 28 0.7389635443687439
51979 48 0.7384631633758545
6531 28 0.7381901144981384
42942 48 0.7362480163574219
56174 29 0.7359170317649841
36790 28 0.7358596920967102
23010 48 0.7350731492042542
11756 48 0.7348037958145142
11375 48 0.7344694137573242
52374 48 0.734246015548706
11424 48 0.7338705062866211
22758 24 0.7331011891365051
89267 48 0.7320036292076111
47970 28 0.7314350605010986
34764 29 0.7310370802879333
50927 29 0.7307775020599365
37176 48 0.7305387854576111
69080 28 0.7304679155349731
55889 48 0.7300432920455933
79436 48 0.7300114035606384
9303 36 0.7295035123825073
30307 28 0.7287307381629944
26816 28 0.7286413311958313
37738 48 0.7282727956771851
13406 36 0.7282375693321228
77297 28 0.7279946208000183
87625 48 0.7278619408607483
77028 48 0.7278540134429932
10180 48 0.7262713313102722
92327 48 0.7261039018630981
48887 48 0.7252575755119324
37019 48 0.7243524789810181
7798 48 0.7237376570701599
52439 48 0.722521960735321
58019 48 0.7213022112846375
49416 48 0.720425546169281
30795 48 0.720099687576294
59682 48 0.7188134789466858
24585 6 0.7183053493499756
65473 48 0.7164089679718018
12073 28 0.716171145439148
29821 29 0.7160831093788147
49369 48 0.7160575985908508
59391 48 0.7154216766357422
22987 48 0.71517014503479
23878 28 0.714824378490448
2741 28 0.7147862911224365
76588 48 0.7145032286643982
50559 48 0.7137457132339478
78787 48 0.7134661078453064
65312 48 0.7134512662887573
55936 48 0.7131622433662415
52207 48 0.7118147015571594
10507 48 0.7111314535140991
89597 48 0.7100818753242493
32889 28 0.7098135352134705
61200 28 0.7084980010986328
37754 48 0.707927405834198
81312 48 0.7075897455215454
49356 48 0.7072103023529053
36202 6 0.7067540884017944
57640 48 0.706659197807312
11408 48 0.705805242061615
22029 48 0.7052180171012878
31072 48 0.7051734328269958
14007 28 0.7048240303993225
65673 48 0.7045006155967712
29199 28 0.7044084072113037
47066 48 0.7037637233734131
60299 48 0.7031881809234619
76745 28 0.7030628323554993
75103 48 0.7026193737983704
65723 48 0.7016079425811768
21994 48 0.7014238834381104
94683 48 0.7010185718536377
52863 48 0.6983844637870789
51900 48 0.6983602046966553
12781 28 0.6983497738838196
58034 48 0.6981006264686584
66622 48 0.6979522109031677
94778 48 0.6978657245635986
48797 48 0.6971617341041565
64143 48 0.6970401406288147
57796 28 0.6970096230506897
37207 48 0.6963720321655273
48821 48 0.6961106061935425
87634 48 0.6960582137107849
42652 48 0.6952144503593445
50013 48 0.6947224140167236
48826 48 0.6939740777015686
18120 36 0.6938141584396362
65979 48 0.6932653784751892
60516 28 0.6930553913116455
15444 48 0.6926453113555908
61351 28 0.692628800868988
7109 48 0.692486047744751
52952 28 0.6922090649604797
61142 48 0.6909042596817017
11268 48 0.6901364326477051
6129 48 0.6899428963661194
64615 48 0.6899173259735107
11342 48 0.6898382306098938
77007 48 0.6893793344497681
50560 48 0.6891270279884338
59868 48 0.6877584457397461
38588 48 0.6875540614128113
4485 28 0.6871516704559326
49316 48 0.6865777373313904
83873 48 0.6861327886581421
14832 48 0.686051607131958
20948 28 0.6854023933410645
31174 28 0.6848887205123901
82788 28 0.6842730641365051
48566 36 0.6842676997184753
4493 29 0.6831344366073608
44507 48 0.6828634142875671
38177 48 0.6827618479728699
52802 28 0.6825846433639526
87261 29 0.6825181841850281
22956 29 0.68243807554245
57188 28 0.6815805435180664
37238 48 0.6807898879051208
34548 29 0.6796252131462097
21732 29 0.6794448494911194
77020 48 0.6793975830078125
87946 28 0.67816561460495
15469 48 0.6777619123458862
15609 48 0.6777182221412659
15432 48 0.677592933177948
7591 48 0.6769957542419434
30375 29 0.6769947409629822
30985 48 0.676681637763977
54227 48 0.6760987639427185
2850 28 0.6753672361373901
39516 28 0.6752510666847229
2976 28 0.6751865744590759
53328 48 0.6750795245170593
58387 48 0.67435622215271
63724 29 0.6741284728050232
29554 48 0.6738722920417786
49372 48 0.673866331577301
49364 48 0.6731077432632446
69860 28 0.6721911430358887
27362 28 0.6720296144485474
2458 48 0.6712601780891418
59363 28 0.6701860427856445
11145 48 0.6695472598075867
62820 48 0.6693914532661438
66592 48 0.6690533757209778
5574 48 0.6688901782035828
25951 48 0.6687269806861877
58047 48 0.6686646938323975
93228 48 0.6678436398506165
76551 48 0.6675047278404236
11348 48 0.6667162179946899
4068 28 0.6665524244308472
28385 36 0.6659570932388306
59177 28 0.6658504605293274
11584 48 0.6655062437057495
77649 28 0.6646541357040405
37200 48 0.6645829081535339
49100 48 0.6644942760467529
74314 48 0.664474606513977
37733 48 0.6632764339447021
48998 28 0.6631066203117371
51919 48 0.6623292565345764
25295 28 0.6618503332138062
85598 28 0.6610007286071777
80422 29 0.6606016755104065
85969 48 0.6605696678161621
60071 6 0.6604399681091309
29092 48 0.6599434018135071
11480 48 0.6597009897232056
44226 48 0.6596157550811768
59839 48 0.6595954298973083
7032 36 0.6592543125152588
58163 48 0.6591498255729675
90131 48 0.6591128706932068
11419 48 0.6584814786911011
75421 48 0.6565748453140259
36997 48 0.6565666198730469
33358 36 0.656427264213562
15996 28 0.6562790870666504
61194 48 0.6556239128112793
28925 29 0.6553477644920349
13463 6 0.6550875902175903
13926 28 0.6550418734550476
59294 48 0.6544826030731201
48812 48 0.654464066028595
7660 48 0.654403030872345
22065 48 0.6537953019142151
51771 28 0.6534862518310547
64106 29 0.6527275443077087
61726 48 0.6526352167129517
51940 48 0.6525951623916626
7028 28 0.6523968577384949
9385 48 0.6519012451171875
84402 28 0.6513296961784363
15617 48 0.6507359147071838
50354 28 0.6505293846130371
17004 28 0.6503280997276306
39097 28 0.6495577096939087
71634 48 0.6487406492233276
11325 48 0.6487388610839844
67791 36 0.6485697627067566
24463 29 0.6483092904090881
52458 28 0.6482643485069275
57420 24 0.6479640007019043
74425 36 0.6476970314979553
93599 48 0.6475754976272583
58193 48 0.6475563645362854
63753 28 0.6475340127944946
66596 48 0.6472065448760986
15450 48 0.6454253196716309
73416 28 0.6447848677635193
69232 6 0.6445496082305908
16616 48 0.6442112922668457
75497 48 0.6441959142684937
49877 48 0.6438409090042114
68825 28 0.6428852081298828
73861 48 0.6421862244606018
61523 48 0.6420186758041382
79339 28 0.6418648362159729
53392 29 0.6413489580154419
11818 48 0.6410717368125916
33041 36 0.640861451625824
79351 29 0.6398084163665771
67223 28 0.6397666335105896
11723 48 0.6395825743675232
62913 48 0.6392086744308472
48910 48 0.6382724046707153
30867 48 0.6379331946372986
87116 28 0.6369993686676025
43685 48 0.6367426514625549
24864 28 0.6364509463310242
26972 28 0.6361720561981201
41606 29 0.6352242231369019
90188 24 0.6351838111877441
37621 48 0.6350713968276978
29493 48 0.635000467300415
65457 48 0.6343907117843628
94707 48 0.634125292301178
75316 48 0.6338884830474854
54798 48 0.6329399347305298
42027 28 0.632738471031189
74094 28 0.6325374245643616
2386 48 0.6324542164802551
54816 48 0.6323172450065613
28058 28 0.632274866104126
18333 36 0.6322007179260254
54748 48 0.6318679451942444
82862 28 0.6314668655395508
29605 48 0.6313469409942627
75109 48 0.6311161518096924
62065 28 0.631039559841156
71181 8 0.6309826374053955
8736 29 0.6309238076210022
79800 48 0.6307339072227478
58244 48 0.6304038166999817
67043 6 0.6303479075431824
41359 29 0.6292226910591125
85015 48 0.6282027959823608
17406 28 0.6279019713401794
18286 28 0.6278541684150696
34121 6 0.6278071999549866
28046 36 0.6273884773254395
65417 48 0.6272854208946228
74556 36 0.6271143555641174
22075 48 0.6269250512123108
11510 48 0.6265794634819031
51280 28 0.6252957582473755
36876 28 0.6235111355781555
19028 29 0.6235014796257019
79841 48 0.6234334707260132
47455 48 0.6232772469520569
88069 24 0.6231362223625183
30298 28 0.6231228113174438
66683 48 0.6230106353759766
76434 48 0.6227878332138062
95693 29 0.6226045489311218
71751 48 0.6224085092544556
76509 48 0.6221669316291809
15881 36 0.622033417224884
69455 28 0.6216306090354919
93716 48 0.6207883358001709
66626 48 0.6196441650390625
19728 29 0.6185433268547058
62597 28 0.6180862784385681
58075 48 0.6176502108573914
2241 29 0.6171610355377197
8861 29 0.6168209314346313
31542 48 0.6167558431625366
29506 48 0.6164534687995911
8179 29 0.6163145899772644
42029 36 0.6156865358352661
79739 48 0.6145250797271729
86079 36 0.6142879724502563
16696 48 0.6141752600669861
80633 48 0.6140708327293396
1234 28 0.6133082509040833
63615 28 0.613230288028717
59384 48 0.6132143139839172
75141 48 0.612919270992279
20962 8 0.6122572422027588
65649 48 0.6115777492523193
58788 28 0.6115214824676514
1938 48 0.611418604850769
29701 48 0.6111096739768982
20675 28 0.610692024230957
39071 28 0.6092513203620911
10794 48 0.6091153621673584
2370 48 0.6087626814842224
37166 48 0.6081172227859497
79765 48 0.6078455448150635
29023 29 0.6075266003608704
29542 48 0.6069360375404358
48091 48 0.6063128709793091
18351 36 0.6059442758560181
72146 29 0.605871319770813
24228 48 0.6058642864227295
58089 28 0.6057562232017517
18280 36 0.6051173210144043
32690 29 0.6050248742103577
36217 28 0.6046311855316162
26097 28 0.6039748787879944
58338 48 0.6038131713867188
11725 48 0.6034272909164429
20385 48 0.6029394268989563
7501 48 0.6028401255607605
74274 48 0.602428138256073
56970 29 0.6024218797683716
39481 28 0.6023858189582825
77635 28 0.6018605828285217
87163 29 0.6017341613769531
73225 36 0.6013433933258057
18344 36 0.6010308861732483
48274 28 0.5990558862686157
37220 28 0.5986862182617188
2427 48 0.5982974171638489
49403 48 0.5979235768318176
14266 28 0.5977250337600708
13744 48 0.5975075364112854
10385 29 0.5969164371490479
86548 28 0.5968504548072815
18686 48 0.596354067325592
77155 48 0.5960929989814758
85279 28 0.5960760116577148
61704 29 0.5955015420913696
10071 28 0.5948188900947571
60250 48 0.5943503379821777
21438 28 0.5943445563316345
60801 48 0.5941715240478516
84906 48 0.5941561460494995
14053 28 0.5938291549682617
54549 29 0.5932844877243042
80388 48 0.5930991172790527
29597 48 0.5929948091506958
61500 48 0.5927671790122986
534 28 0.5923866033554077
11786 48 0.59148770570755
66204 48 0.590946614742279
85569 48 0.5907248854637146
48050 48 0.5900629162788391
49009 29 0.5897433161735535
65439 48 0.5891126394271851
6822 28 0.5881950259208679
56685 28 0.5878841280937195
15578 48 0.5877432823181152
57092 28 0.5875052809715271
16590 48 0.5867385268211365
75068 28 0.586645781993866
15458 48 0.5860477685928345
57219 28 0.5852323174476624
84920 48 0.585078775882721
18117 36 0.5850695371627808
18064 36 0.5846332311630249
87717 29 0.5845155119895935
4945 29 0.5844664573669434
6143 48 0.5843480229377747
95572 28 0.583994448184967
7724 48 0.5830057859420776
67564 29 0.5827197432518005
66284 48 0.5826719999313354
13507 28 0.5826345682144165
85735 48 0.5826030969619751
46996 48 0.5819408893585205
21825 24 0.581401526927948
3424 48 0.581392765045166
61540 48 0.5812966227531433
28445 8 0.581110417842865
66650 48 0.580914318561554
60583 28 0.5807825922966003
21527 8 0.580679178237915
55038 28 0.5804758667945862
26411 28 0.5803669095039368
25723 28 0.5801924467086792
62769 48 0.5800420641899109
70002 36 0.5800163745880127
57639 48 0.5795375108718872
12980 48 0.5792530179023743
22949 1 0.5787452459335327
65921 48 0.5786088705062866
7526 48 0.5785203576087952
6335 48 0.5784590840339661
52382 48 0.5779811143875122
84966 48 0.5773173570632935
16432 48 0.5771651268005371
21920 48 0.5768475532531738
11533 48 0.5764115452766418
48203 28 0.5759678483009338
15606 48 0.5758447647094727
65961 48 0.575437605381012
79838 48 0.5752323865890503
61484 48 0.5750250220298767
44278 48 0.5746566653251648
82197 28 0.5744331479072571
66615 48 0.5740354657173157
50496 48 0.5735423564910889
70445 48 0.573180079460144
74762 36 0.5731003284454346
24540 28 0.5729063153266907
38205 48 0.5721824765205383
49318 48 0.571688711643219
84921 48 0.5716410875320435
37164 48 0.5715583562850952
8796 29 0.5712394118309021
20693 28 0.5712277293205261
85880 48 0.5702996850013733
11281 48 0.5697503089904785
79822 48 0.5694146752357483
27941 29 0.5692065358161926
67150 28 0.5689820647239685
11485 48 0.5687834024429321
26781 29 0.5686234831809998
9026 48 0.5686201453208923
18024 8 0.5683367848396301
81086 36 0.5681737661361694
84934 48 0.5679529905319214
4899 24 0.5678449869155884
77022 48 0.5671387910842896
58450 48 0.5670830011367798
38116 48 0.5665852427482605
69724 28 0.5659770369529724
55432 48 0.5659387111663818
79450 48 0.5656882524490356
75108 48 0.5655896067619324
32549 29 0.5654030442237854
11762 48 0.5647637844085693
42030 36 0.5638574361801147
87110 28 0.5634226202964783
63253 28 0.5633304119110107
39673 36 0.5612593293190002
85309 48 0.5608996748924255
48043 48 0.5605997443199158
75500 48 0.5605629086494446
11362 48 0.5603162050247192
11816 48 0.5601052045822144
48008 48 0.5596913695335388
50098 28 0.5595015287399292
37715 48 0.5590344667434692
50822 48 0.5589419603347778
77042 48 0.5585717558860779
79636 48 0.5585687160491943
54183 48 0.558498740196228
31018 48 0.5581395626068115
52588 48 0.5580978393554688
79699 48 0.5579543113708496
39533 28 0.5577645301818848
35071 28 0.557654857635498
53674 48 0.5573786497116089
49155 48 0.5557612180709839
94712 48 0.5552388429641724
89390 48 0.5551283359527588
92230 48 0.5549973249435425
7139 48 0.5549068450927734
50469 48 0.5548648834228516
26350 28 0.5546686053276062
56534 28 0.5546401143074036
49950 48 0.5543088316917419
87129 48 0.5539880394935608
65340 48 0.5537418723106384
54117 48 0.5534152984619141
17824 28 0.5530884861946106
17827 28 0.5526036024093628
11366 48 0.5513266324996948
11504 48 0.5509276986122131
54934 36 0.5504468083381653
13000 48 0.5502415895462036
24948 48 0.5502127408981323
69973 29 0.5501992106437683
17473 28 0.5497329831123352
85295 48 0.5491141080856323
37688 48 0.549068808555603
96533 48 0.5490482449531555
58200 48 0.5482162833213806
4061 29 0.5470569729804993
39784 28 0.5470520257949829
36661 36 0.5470077395439148
54841 28 0.5466291308403015
37946 48 0.5465800166130066
22178 48 0.5463396906852722
53243 36 0.5456327199935913
72079 36 0.5450783371925354
76777 48 0.5448164939880371
59468 24 0.5443307757377625
6648 28 0.5441513657569885
36247 36 0.5435097813606262
55425 48 0.5434561371803284
34847 29 0.5431203842163086
37002 48 0.542895495891571
79596 24 0.5427677035331726
83198 29 0.5425373911857605
77718 48 0.5423783659934998
11300 48 0.5420345067977905
24171 48 0.5419939160346985
37058 48 0.5416827201843262
73710 48 0.5410881042480469
37191 48 0.5409607291221619
29537 48 0.5403288006782532
29870 36 0.5402688384056091
82686 28 0.5400458574295044
37354 48 0.5399203896522522
49386 48 0.5398489236831665
81040 48 0.5398193001747131
75628 48 0.5394732356071472
57443 8 0.5393273234367371
46075 28 0.5392376184463501
31210 48 0.5390048027038574
29326 48 0.538623034954071
68856 24 0.5384712219238281
55376 8 0.53835129737854
11462 48 0.5381664037704468
30518 28 0.5377935767173767
75253 48 0.5377033352851868
36299 28 0.5376372337341309
73685 28 0.537455677986145
31002 48 0.5372598171234131
53676 36 0.5371459722518921
75196 36 0.5366047024726868
74096 6 0.5365316867828369
80748 48 0.5365152955055237
31531 48 0.5365069508552551
86363 24 0.5361011624336243
54530 28 0.5360391736030579
36793 29 0.5360090732574463
84522 48 0.5348663330078125
75524 48 0.5344331860542297
67375 48 0.5343857407569885
37062 48 0.533784806728363
93927 48 0.5337011814117432
58111 48 0.5334595441818237
44232 48 0.5332949757575989
36360 29 0.5331261157989502
32694 29 0.5328243970870972
68306 48 0.532452404499054
5586 48 0.5324169993400574
51749 24 0.5321034789085388
86762 48 0.5313210487365723
5553 48 0.531189501285553
18063 36 0.531096875667572
48889 48 0.5309188961982727
20251 29 0.5306732058525085
11596 48 0.530505359172821
47607 28 0.5302088856697083
84829 48 0.5297438502311707
58181 48 0.5296569466590881
87906 48 0.5288272500038147
76521 48 0.5286111831665039
79451 48 0.5285458564758301
5366 28 0.5284351110458374
59120 29 0.528427004814148
69463 36 0.528313398361206
11593 48 0.5281152129173279
21972 48 0.5279162526130676
22194 48 0.5278833508491516
75336 48 0.5270308256149292
29348 48 0.5266174077987671
73264 36 0.5263879895210266
54131 48 0.5261767506599426
78326 48 0.5260734558105469
51279 28 0.5258867740631104
61178 48 0.5255614519119263
24327 28 0.5253488421440125
72618 24 0.5252259969711304
47997 48 0.5250641703605652
54182 48 0.5248668193817139
18424 48 0.5244536995887756
61962 28 0.5241416096687317
83812 48 0.5240063667297363
67029 48 0.523888111114502
7031 36 0.5235742926597595
66561 48 0.5232117176055908
18076 36 0.5231776833534241
3799 28 0.5225090980529785
37927 48 0.5224640369415283
63876 29 0.5222588181495667
33746 28 0.5215858221054077
8628 36 0.5213518738746643
73923 29 0.521213173866272
79683 48 0.5211511254310608
84937 48 0.5208276510238647
11684 48 0.5206701755523682
15543 48 0.5206503868103027
31815 29 0.5204460024833679
20041 8 0.52006596326828
84928 48 0.5198549628257751
72782 28 0.5195958614349365
75592 48 0.5192466378211975
10239 28 0.5191669464111328
51521 48 0.5190381407737732
11737 48 0.5187806487083435
15507 48 0.5187506079673767
81515 28 0.5187345147132874
90169 36 0.5185582041740417
34401 29 0.5181245803833008
91279 29 0.5179382562637329
60199 48 0.5178976058959961
78629 48 0.5176620483398438
62662 29 0.5176616311073303
8673 24 0.517384946346283
11950 28 0.5173603296279907
70697 48 0.5172127485275269
86386 24 0.5169140100479126
75286 48 0.5166286826133728
69175 28 0.5164977312088013
65492 48 0.5163625478744507
51115 28 0.5161341428756714
50102 28 0.5160813927650452
22015 48 0.5153205394744873
78545 48 0.5152164697647095
17950 8 0.5149053335189819
11624 48 0.5147717595100403
37654 48 0.5144456028938293
11383 48 0.5140240788459778
68305 48 0.5138639807701111
82817 28 0.5138614773750305
15397 48 0.5135095715522766
55250 48 0.513465940952301
55536 48 0.5129938721656799
22028 48 0.5123735666275024
37224 48 0.5117961764335632
4682 28 0.511739194393158
54173 48 0.511611819267273
33814 29 0.5112214088439941
22352 48 0.5112093091011047
4151 28 0.51079922914505
31056 48 0.5107254385948181
65781 48 0.5104637145996094
48317 8 0.5103554725646973
33324 1 0.5101473927497864
59414 48 0.5094699859619141
38557 48 0.5093472003936768
47687 36 0.5091232061386108
60903 48 0.5090440511703491
41669 28 0.508763313293457
30865 48 0.5086506605148315
74013 8 0.5085108876228333
15476 48 0.5082082748413086
82910 29 0.5080667734146118
84991 48 0.5079631805419922
76540 48 0.5078237056732178
59347 48 0.507573664188385
11612 48 0.5071994662284851
71651 48 0.5055838823318481
94893 1 0.5054183006286621
11355 48 0.5047011971473694
15388 48 0.504673421382904
77988 36 0.5041645169258118
58023 48 0.503955066204071
26093 28 0.5038915872573853
4665 28 0.5037781596183777
18797 48 0.503741979598999
67565 29 0.5032534599304199
21505 36 0.503172755241394
30338 29 0.5024369359016418
1988 28 0.5020177960395813
58055 48 0.5019537210464478
72049 28 0.501279890537262
71499 28 0.5011399984359741
68179 8 0.5006969571113586
30811 48 0.5005671977996826
11783 48 0.5001430511474609
84538 48 0.49989423155784607
84506 48 0.49987128376960754
60428 28 0.49984538555145264
24547 28 0.4992256760597229
93505 48 0.49907639622688293
18347 36 0.4989404082298279
87713 29 0.49879738688468933
46686 29 0.4983189105987549
82468 28 0.4980875849723816
93891 28 0.497747004032135
11947 36 0.49757251143455505
68458 1 0.4967939257621765
12328 6 0.49671173095703125
27464 28 0.4966896176338196
64544 24 0.4965957701206207
21820 29 0.4961799681186676
26539 28 0.496134489774704
37141 24 0.49534377455711365
34619 36 0.49510252475738525
37045 48 0.49405375123023987
34555 28 0.4940117597579956
79678 48 0.4931516945362091
58113 28 0.49309268593788147
83129 48 0.4920211434364319
545 1 0.49098142981529236
87115 9 0.48996633291244507
73658 28 0.48943257331848145
47060 48 0.48924320936203003
25309 28 0.4888525903224945
82257 29 0.4882761538028717
33276 36 0.4880315959453583
37115 48 0.4876162111759186
87060 28 0.48758465051651
32992 36 0.48732930421829224
7081 6 0.48688772320747375
4462 36 0.486742228269577
47776 9 0.4865756630897522
88136 8 0.48602473735809326
12528 24 0.48577845096588135
59305 48 0.4857175946235657
83324 24 0.48495641350746155
41484 36 0.48428016901016235
13095 36 0.4817037582397461
85962 28 0.4814585745334625
27117 8 0.48132002353668213
73234 36 0.48094671964645386
41948 28 0.48055222630500793
71766 48 0.4786127209663391
38885 36 0.4779486656188965
67775 6 0.4779287874698639
18941 29 0.4772408902645111
26032 8 0.4762515425682068
42024 8 0.474478542804718
31276 36 0.4726870656013489
69201 8 0.4720068573951721
46734 36 0.4716474413871765
19441 36 0.4708099365234375
75839 8 0.46986401081085205
52474 36 0.46933719515800476
22704 28 0.4692147970199585
63868 6 0.467610627412796
77347 9 0.46664896607398987
88549 24 0.46557897329330444
36979 48 0.46472594141960144
62242 8 0.4638124108314514
64249 36 0.461260586977005
38121 24 0.46117761731147766
66992 8 0.4603329598903656
47584 48 0.4595389664173126
76703 8 0.4584595263004303
2849 28 0.4575329124927521
17505 36 0.4565662741661072
29226 36 0.45614638924598694
69536 36 0.45559680461883545
33359 36 0.4552174508571625
13097 36 0.4537637531757355
34622 8 0.4534113109111786
56713 8 0.4488318860530853
6520 28 0.44860395789146423
74767 36 0.44858646392822266
57943 24 0.44736742973327637
76109 8 0.4464164674282074
51700 8 0.44611209630966187
86638 28 0.4449271261692047
62507 36 0.4448959231376648
23227 36 0.44334426522254944
27702 36 0.4424181878566742
68608 36 0.44073396921157837
42005 36 0.4394529163837433
31137 36 0.43883681297302246
93018 36 0.43804627656936646
79887 6 0.43716487288475037
77652 8 0.4368467926979065
27594 8 0.43645939230918884
73205 36 0.43644312024116516
1894 24 0.4355262219905853
29819 8 0.43460583686828613
64300 36 0.43405967950820923
22582 1 0.4340398907661438
18868 36 0.43401360511779785
30650 8 0.43356800079345703
48220 8 0.4314309060573578
35860 28 0.42920705676078796
81807 8 0.427805632352829
25049 36 0.42696306109428406
47121 8 0.42675670981407166
38510 36 0.42561575770378113
68713 36 0.42554140090942383
57109 8 0.42544063925743103
19818 36 0.42506787180900574
80435 36 0.4242185652256012
69472 36 0.4240785837173462
70072 8 0.42399102449417114
36732 36 0.42274752259254456
57588 8 0.4221188426017761
13100 28 0.4212123453617096
37204 28 0.4194178283214569
74487 36 0.41928303241729736
33228 8 0.4192134141921997
57070 8 0.4158296585083008
64236 36 0.4153722822666168
29317 28 0.41404208540916443
27676 8 0.41292667388916016
79459 48 0.41236504912376404
27508 36 0.4111643135547638
138 8 0.4091637432575226
47774 36 0.40908679366111755
27345 8 0.40891191363334656
62238 8 0.40889155864715576
2003 36 0.40862125158309937
74747 36 0.4084382951259613
43925 8 0.4083966314792633
48551 36 0.4052451550960541
73422 8 0.4043271243572235
57257 36 0.4022183120250702
31273 36 0.39876681566238403
71736 49 0.3985345661640167
80767 8 0.3976084887981415
75600 48 0.39722490310668945
13245 8 0.3967587351799011
51382 8 0.39527401328086853
59148 8 0.3939754068851471
72041 8 0.3938937783241272
37125 24 0.3937716484069824
73377 8 0.393365740776062
74837 36 0.3919024169445038
34496 36 0.39139777421951294
67704 36 0.3901723623275757
74563 36 0.38835781812667847
45979 8 0.3882651627063751
27009 36 0.38760823011398315
19059 8 0.38629963994026184
69447 8 0.385713666677475
29755 36 0.3847038149833679
83610 8 0.38358375430107117
4902 8 0.38292253017425537
68832 36 0.38218453526496887
63905 8 0.38139715790748596
18302 36 0.3813937306404114
82449 8 0.3767147660255432
83329 24 0.37612035870552063
77235 8 0.37582892179489136
46703 8 0.3758222460746765
59144 36 0.375350683927536
13025 36 0.37428757548332214
16086 8 0.37288013100624084
3795 36 0.3724084794521332
67048 36 0.3720720410346985
19711 8 0.3720667064189911
29030 36 0.3710363209247589
24831 8 0.3656410574913025
36353 8 0.3653835356235504
56907 8 0.36193081736564636
6942 8 0.36048048734664917
1618 8 0.35821351408958435
46438 36 0.35739997029304504
82104 36 0.3567020893096924
72047 8 0.35641056299209595
16196 36 0.35447975993156433
76226 9 0.3514823913574219
64981 8 0.3486787676811218
8871 8 0.347962886095047
67116 8 0.34790316224098206
28994 8 0.34610867500305176
38906 29 0.3454854488372803
68682 8 0.34395790100097656
76110 8 0.3437243700027466
13452 9 0.3418135643005371
74158 8 0.3389543294906616
86808 36 0.3386412560939789
67505 36 0.3383084237575531
32576 8 0.338117390871048
77250 36 0.3378087878227234
80802 36 0.3340359926223755
24987 8 0.3323284685611725
16134 36 0.3301406502723694
47682 8 0.3276561200618744
35124 24 0.32319366931915283
7413 8 0.32286879420280457
62283 9 0.3223734200000763
73438 36 0.3203725516796112
17971 36 0.3190383315086365
56864 36 0.3165265619754791
12899 8 0.31262075901031494
68499 8 0.30059224367141724
10540 8 0.2967810034751892
33236 9 0.29590585827827454
19066 8 0.2824637293815613
71339 36 0.278331458568573
31984 8 0.27432751655578613
34767 8 0.23735210299491882
